# name: phAngle
# type: matrix
# rows: 1
# columns: 360
 54 54 54 54 54 54 54 54 54 54 54 54 54 54 54 54 54 54 54 54 54 54 54 55 54 55 55 55 55 55 55 55 55 55 55 0 0 0 0 0 0 0 0 0 0 0 0 0 0 0 0 0 0 0 0 0 0 0 0 0 0 0 0 0 0 0 0 0 0 0 0 0 0 0 0 0 0 0 0 0 0 0 0 0 0 0 0 0 0 0 0 0 0 0 0 0 0 0 0 0 0 0 0 0 0 0 0 0 0 0 0 0 0 0 0 0 0 0 0 0 0 0 0 0 0 0 0 0 0 0 0 0 0 0 0 0 0 0 0 0 0 0 0 0 0 0 0 0 0 0 0 0 0 0 0 0 0 0 0 0 0 0 0 0 0 0 0 0 0 0 0 0 0 0 0 0 0 0 0 0 0 0 0 0 0 50 50 50 51 50 50 50 51 51 51 51 51 51 51 51 51 51 51 51 51 51 51 51 51 52 52 52 52 52 52 52 52 52 52 52 52 52 53 53 52 52 52 52 53 53 53 53 53 53 53 53 53 53 53 53 53 53 53 53 53 53 53 54 54 54 54 54 54 54 54 54 54 54 54 54 54 54 54 54 54 51 54 54 54 54 54 55 54 54 54 54 54 54 55 55 55 55 55 55 55 55 55 55 55 55 55 55 55 55 55 55 0 0 0 0 0 0 0 0 0 0 0 0 0 0 0 0 0 0 0 0 0 0 0 0 0 0 0 0 0 0 0 0 0 0 0 0 0 0 0 0 0 0 0 0 0 0 0 0 0 0 0 0 0 0 0 0 0 0 0 0 0 0 0 0 
# name: freq
# type: matrix
# rows: 1
# columns: 360
 50.0 50.0 50.0 50.0 50.0 50.0 50.0 50.0 50.0 50.0 50.0 50.0 50.0 50.0 50.0 50.0 50.0 50.0 50.0 50.0 50.0 50.0 50.0 50.0 50.0 50.0 50.0 50.0 50.0 50.0 50.0 50.0 50.0 50.0 50.0 50.0 50.0 50.0 50.0 50.0 50.0 50.0 50.0 50.0 50.0 50.0 50.0 50.0 50.0 50.0 50.0 50.0 50.0 50.0 50.0 50.0 50.0 50.0 50.0 50.0 50.0 50.0 50.0 50.0 50.0 50.0 50.0 50.0 50.0 50.0 50.0 50.0 50.0 50.0 50.0 50.0 50.0 50.0 50.0 50.0 50.0 50.0 50.0 50.0 50.0 50.0 50.0 50.0 50.0 50.0 50.0 50.0 50.0 50.0 50.0 50.0 50.0 50.0 50.0 50.0 50.0 50.0 50.0 50.0 50.0 50.0 50.0 50.0 50.0 50.0 50.0 50.0 50.0 50.0 50.0 50.0 50.0 50.0 50.0 50.0 50.0 50.0 50.0 50.0 50.0 50.0 50.0 50.0 50.0 50.0 50.0 50.0 50.0 50.0 50.0 50.0 50.0 50.0 50.0 50.0 50.0 50.0 50.0 50.0 50.0 50.0 50.0 50.0 50.0 50.0 50.1 50.0 50.0 50.0 50.0 50.0 50.0 50.0 50.0 50.0 50.0 50.0 50.0 50.0 50.0 50.0 50.0 50.0 50.0 50.0 50.0 50.0 50.0 50.0 50.0 50.0 50.0 50.0 50.0 50.0 50.0 50.0 50.0 50.0 50.0 50.0 50.0 50.0 50.0 50.0 50.0 50.0 50.0 50.0 50.0 50.0 50.0 50.0 50.0 50.0 50.0 50.0 50.0 50.0 50.0 50.0 50.0 50.0 50.0 50.0 50.0 50.0 50.0 50.0 50.0 50.0 50.0 50.0 50.0 50.0 50.0 50.0 50.0 50.0 50.0 50.0 50.0 50.0 50.0 50.0 50.0 50.0 50.0 50.0 50.0 50.0 50.0 50.0 50.0 50.0 50.0 50.0 50.0 50.0 50.0 50.0 50.0 50.0 50.0 50.0 50.0 50.0 50.0 50.0 50.0 50.0 50.0 50.0 50.0 50.0 50.0 50.0 50.0 50.0 50.0 50.0 50.0 50.0 50.0 50.0 50.0 50.0 50.0 50.0 50.0 50.0 50.0 50.0 50.0 50.0 50.0 50.0 50.0 50.0 50.0 50.0 50.0 50.0 50.0 50.0 50.0 50.0 50.0 50.0 50.0 50.0 50.0 50.0 50.0 50.0 50.0 50.0 50.0 50.0 50.0 50.0 50.0 50.0 50.0 50.0 50.1 50.0 50.0 50.0 50.0 50.0 50.0 50.0 50.0 50.0 50.0 50.0 50.0 50.0 50.0 50.0 50.0 50.0 50.0 50.0 50.0 50.0 50.0 50.0 50.0 50.0 50.0 50.0 50.0 50.0 50.1 50.0 50.0 50.0 50.0 50.0 50.0 50.0 50.0 50.0 50.0 50.0 50.0 50.0 50.0 50.0 50.0 50.0 50.0 49.9 
# name: reacPower
# type: matrix
# rows: 1
# columns: 360
 179.225 178.913 179.017 178.913 177.768 177.768 177.768 177.976 177.976 177.664 177.872 177.455 177.976 177.872 177.143 176.415 177.143 177.247 176.935 176.935 177.56 177.872 177.56 177.872 177.872 177.976 178.392 178.704 178.6 178.704 178.704 178.704 178.913 178.184 178.184 0.208 0.208 0.208 0.208 0.208 0.208 0.208 0.208 0.208 0.208 0.208 0.208 0.208 0.208 0.208 0.208 0.208 0.208 0.208 0.208 0.208 0.208 0.208 0.208 0.208 0.208 0.208 0.208 0.208 0.208 0.208 0.208 0.208 0.208 0.208 0.208 0.208 0.208 0.208 0.208 0.208 0.208 0.208 0.208 0.208 0.208 0.208 0.208 0.208 0.208 0.208 0.208 0.208 0.208 0.208 0.208 0.208 0.208 0.208 0.208 0.208 0.208 0.208 0.208 0.208 0.208 0.208 0.208 0.208 0.208 0.208 0.208 0.208 0.208 0.208 0.208 0.208 0.208 0.208 0.208 0.208 0.208 0.208 0.208 0.208 0.208 0.208 0.208 0.208 0.208 0.208 0.208 0.208 0.208 0.208 0.208 0.208 0.208 0.208 0.208 0.208 0.208 0.208 0.208 0.208 0.208 0.208 0.208 0.208 0.208 0.208 0.208 0.208 0.208 0.208 0.208 0.208 0.208 0.208 0.208 0.208 0.208 0.208 0.208 0.208 0.208 0.208 0.208 0.208 0.208 0.208 0.208 0.208 0.208 0.208 0.208 0.208 0.208 0.208 0.208 0.208 0.208 0.208 0.208 0.208 0.208 0.208 0.208 0.208 0.208 177.872 177.872 177.872 177.768 177.976 177.872 177.143 177.56 177.351 177.664 177.768 177.768 177.872 178.08 177.664 177.872 178.392 177.56 177.039 176.727 177.664 177.56 177.664 177.455 177.664 175.998 176.102 176.311 176.311 176.623 176.623 176.415 176.519 176.727 176.727 176.727 176.727 176.519 176.727 176.102 175.998 175.79 175.582 175.582 176.102 176.311 176.519 175.998 175.686 176.207 176.207 177.143 177.039 177.872 177.872 177.56 177.143 177.455 177.768 177.247 177.143 177.455 177.56 177.56 177.664 177.143 177.768 177.976 177.664 177.768 177.664 177.56 177.455 177.56 177.351 177.768 177.872 177.664 177.56 177.768 177.351 177.664 177.664 177.56 177.872 177.664 177.56 178.184 178.184 177.976 177.976 177.455 177.143 177.455 177.872 177.56 177.247 177.455 177.351 177.768 177.976 177.976 177.455 177.247 177.56 177.976 177.768 177.768 177.872 178.08 156.952 0.208 0.208 0.208 0.208 0.208 0.208 0.208 0.208 0.208 0.208 0.208 0.208 0.208 0.208 0.208 0.208 0.208 0.208 0.208 0.208 0.208 0.208 0.208 0.208 0.208 0.208 0.208 0.208 0.208 0.208 0.208 0.208 0.208 0.208 0.208 0.208 0.208 0.208 0.208 0.208 0.208 0.208 0.208 0.208 0.208 0.208 0.208 0.208 0.208 0.208 0.208 0.104 0.104 0.208 0.208 0.208 0.208 0.208 0.208 0.208 0.208 0.208 0.208 0.208 
# name: power
# type: matrix
# rows: 1
# columns: 360
 129.162 129.162 129.371 128.954 128.746 129.267 128.434 128.538 128.642 128.642 128.122 127.914 128.226 128.642 128.018 127.289 127.497 127.809 127.081 127.081 127.601 127.081 127.809 126.665 126.977 126.352 126.04 125.936 126.04 125.832 126.56 126.04 125.728 125.936 125.728 9.679 9.783 9.783 9.783 9.783 9.783 9.783 9.783 9.783 9.783 9.783 9.783 9.783 9.783 9.783 9.783 9.783 9.679 9.679 9.783 9.783 9.783 9.679 9.679 9.679 9.679 9.679 9.679 9.679 9.679 9.679 9.679 9.679 9.679 9.679 9.679 9.679 9.679 9.679 9.679 9.679 9.679 9.679 9.679 9.679 9.679 9.679 9.679 9.679 9.679 9.783 9.679 9.679 9.679 9.783 9.783 9.783 9.679 9.679 9.679 9.679 9.679 9.679 9.679 9.679 9.783 9.783 9.783 9.679 9.783 9.783 9.783 9.679 9.679 9.783 9.783 9.679 9.679 9.679 9.783 9.783 9.679 9.783 9.783 9.783 9.783 9.783 9.679 9.679 9.679 9.783 9.783 9.783 9.679 9.783 9.679 9.679 9.679 9.679 9.679 9.679 9.679 9.679 9.679 9.679 9.679 9.783 9.783 9.679 9.679 9.783 9.783 9.679 9.783 9.783 9.783 9.783 9.783 9.783 9.783 9.783 9.783 9.783 9.783 9.783 9.783 9.679 9.679 9.679 9.575 9.575 9.575 9.575 9.471 9.679 9.679 9.679 9.679 9.679 9.679 9.679 9.679 9.679 9.679 9.679 9.679 9.679 9.679 9.679 9.679 148.313 149.042 147.897 145.607 147.064 146.752 146.856 146.544 145.503 144.67 144.046 143.838 143.421 143.005 142.901 142.485 142.797 142.693 142.277 141.756 141.756 141.548 141.132 140.923 140.403 139.675 139.154 138.634 138.53 138.321 138.009 137.697 137.281 137.281 136.968 137.281 136.968 135.824 135.511 135.407 135.407 134.887 134.887 134.158 134.471 133.846 134.262 134.158 133.326 133.846 133.222 132.701 132.805 132.389 132.285 131.764 131.244 131.556 131.452 131.764 131.036 130.828 130.411 129.891 129.579 129.475 129.579 129.787 129.475 129.475 129.371 128.85 129.162 128.954 128.434 128.33 128.122 128.226 128.226 127.705 141.34 127.497 128.018 127.289 127.393 126.977 126.769 126.873 126.873 127.393 127.289 126.873 126.873 126.144 126.352 126.56 126.248 126.352 126.456 126.04 126.456 126.04 125.312 125.52 125.207 124.895 125.207 125.103 124.895 124.375 109.908 9.783 9.783 9.783 9.783 9.783 9.783 9.783 9.783 9.783 9.783 9.783 9.783 9.783 9.783 9.783 9.783 9.783 9.783 9.783 9.783 9.783 9.679 9.783 9.783 9.783 9.783 9.887 9.887 9.783 9.783 9.783 9.783 9.783 9.783 9.783 9.783 9.783 9.783 9.887 9.679 9.783 9.783 9.783 9.783 9.783 9.783 9.783 9.783 9.783 9.783 9.783 24.042 24.042 9.783 9.783 9.783 9.783 9.783 9.783 9.783 9.783 9.783 9.783 9.783 
