# name: phAngle
# type: matrix
# rows: 1
# columns: 359
 0 0 0 0 0 0 0 0 0 0 0 0 0 0 0 0 0 0 0 0 0 0 0 0 0 0 0 0 0 0 0 0 0 0 0 0 0 0 0 0 0 0 0 0 0 0 0 0 0 0 0 0 0 0 0 0 0 0 0 0 0 0 0 0 0 0 0 0 0 0 0 0 0 0 0 0 0 0 0 0 0 0 0 0 0 0 0 0 0 0 0 0 0 0 0 0 0 0 0 0 0 0 0 0 0 0 0 0 0 0 0 0 0 0 0 0 0 0 0 0 0 0 0 0 0 0 0 0 0 0 0 0 0 0 0 0 0 0 0 0 0 0 0 0 0 0 0 0 0 0 0 0 0 0 0 0 0 0 52 51 50 50 50 50 50 50 50 50 50 51 52 52 52 52 52 52 52 52 52 53 53 53 53 53 53 53 53 53 53 53 53 53 53 53 53 53 53 53 53 53 53 53 53 53 53 53 53 53 53 53 53 53 53 53 54 53 53 53 53 53 54 55 54 54 54 54 55 55 54 55 54 54 54 54 54 55 55 55 55 55 55 55 55 54 54 55 55 55 55 55 55 55 55 55 55 55 55 55 55 55 55 55 55 55 55 55 55 55 55 55 55 55 55 55 55 55 55 55 55 55 55 55 55 55 55 55 55 55 55 55 56 56 55 56 56 56 55 55 55 56 55 56 56 56 56 56 56 56 56 56 55 55 55 56 55 55 55 55 55 55 55 55 55 55 55 55 55 56 55 55 55 55 56 55 56 56 56 56 56 56 56 56 56 56 56 56 56 56 56 56 56 56 56 56 56 56 56 56 56 
# name: freq
# type: matrix
# rows: 1
# columns: 359
 50.0 50.0 50.0 50.0 50.0 50.0 50.0 50.0 50.0 50.0 50.0 50.0 50.0 50.0 50.0 50.0 50.0 50.0 50.0 50.0 50.0 50.0 50.0 50.0 50.0 50.0 50.0 50.0 50.0 50.0 50.0 50.0 50.0 50.0 50.0 50.0 50.0 50.0 50.0 50.0 50.0 50.0 50.0 50.0 50.0 50.0 50.0 50.0 50.0 50.0 50.0 50.0 50.0 50.0 50.0 50.0 50.0 50.0 50.0 50.0 50.0 50.0 50.0 50.0 50.0 50.0 50.0 50.0 50.0 50.0 50.0 50.0 50.0 50.0 50.0 50.0 50.0 50.0 50.0 50.0 50.0 50.0 50.0 50.0 50.0 50.0 50.0 50.0 50.0 50.0 50.0 50.0 50.0 50.0 50.0 50.0 50.0 50.0 50.0 50.0 50.0 50.0 50.0 50.0 50.0 50.0 50.0 50.0 50.0 50.0 50.0 50.0 50.0 50.0 50.0 50.0 50.0 50.0 50.0 50.0 50.0 50.0 50.0 50.0 50.0 50.0 50.0 50.0 50.0 50.0 50.0 50.0 50.0 50.0 50.0 50.0 50.0 50.0 50.0 50.0 50.0 50.0 50.0 50.0 50.0 50.0 50.0 50.0 50.0 50.0 50.0 50.0 50.0 50.0 50.0 50.0 50.0 50.0 50.0 50.0 50.0 50.0 50.0 50.0 50.0 50.0 50.0 50.0 50.0 50.0 50.0 50.0 50.0 50.0 50.0 50.0 50.0 50.0 50.0 50.0 50.0 50.0 50.0 50.0 50.0 50.0 50.0 50.0 50.0 50.0 50.0 50.0 50.0 50.0 50.0 50.0 50.0 50.0 50.0 50.0 50.0 50.0 50.0 50.0 50.0 50.0 50.0 50.0 50.0 50.0 50.0 50.0 50.0 50.0 50.0 50.0 50.0 50.0 50.0 50.0 50.0 50.0 50.0 50.0 50.0 50.0 50.0 50.0 50.0 50.0 50.0 50.0 50.0 50.0 50.0 50.0 50.0 50.0 50.0 50.0 50.0 50.0 50.0 50.0 50.0 50.0 50.0 50.0 50.0 50.0 50.0 50.0 50.0 50.0 50.0 50.0 50.0 50.0 50.0 50.0 50.0 50.0 50.0 50.0 50.0 50.0 50.0 50.0 50.0 50.0 50.0 50.0 50.0 50.0 50.0 50.0 50.0 50.0 50.0 50.0 50.0 50.0 50.0 50.0 50.0 50.0 50.0 50.0 50.0 50.0 50.0 50.0 50.0 50.0 50.0 50.0 50.0 50.0 50.0 50.0 50.0 50.0 50.0 50.0 50.0 50.0 50.0 50.0 50.0 50.0 50.0 50.0 50.0 50.0 50.0 50.0 50.0 50.0 50.0 50.0 50.0 50.0 50.0 50.0 50.0 50.0 50.0 50.0 50.0 50.0 50.0 50.0 50.0 50.0 50.0 50.0 50.0 50.0 50.0 50.0 50.0 50.0 50.0 50.0 50.0 50.0 50.0 50.0 50.0 50.0 50.0 50.0 50.0 50.0 50.0 50.0 50.0 50.0 50.0 
# name: reacPower
# type: matrix
# rows: 1
# columns: 359
 0.0 0.0 0.0 0.0 0.0 0.0 0.0 0.0 0.0 0.0 0.0 0.0 0.0 0.0 0.0 0.0 0.0 0.0 0.0 0.0 0.0 0.0 0.0 0.0 0.0 0.0 0.0 0.0 0.0 0.0 0.0 0.0 0.0 0.0 0.0 0.0 0.0 0.0 0.0 0.0 0.0 0.0 0.0 0.0 0.0 0.0 0.0 0.0 0.0 0.0 0.0 0.0 0.0 0.0 0.0 0.0 0.0 0.0 0.0 0.0 0.0 0.0 0.0 0.0 0.0 0.0 0.0 0.0 0.0 0.0 0.0 0.0 0.0 0.0 0.0 0.0 0.0 0.0 0.0 0.0 0.0 0.0 0.0 0.0 0.0 0.0 0.0 0.0 0.0 0.0 0.0 0.0 0.0 0.0 0.0 0.0 0.0 0.0 0.0 0.0 0.0 0.0 0.0 0.0 0.0 0.0 0.0 0.0 0.0 0.0 0.0 0.0 0.0 0.0 0.0 0.0 0.0 0.0 0.0 0.0 0.0 0.0 0.0 0.0 0.0 0.0 0.0 0.0 0.0 0.0 0.0 0.0 0.0 0.0 0.0 0.0 0.0 0.0 0.0 0.0 0.0 0.0 0.0 0.0 0.0 0.0 0.0 0.0 0.0 0.0 0.0 0.0 0.0 0.0 0.0 0.0 0.0 0.0 130.539 130.746 131.16 130.953 131.263 131.884 131.47 131.16 131.677 131.47 131.47 131.47 130.642 131.056 130.746 130.746 130.228 129.814 130.849 130.746 130.539 130.125 131.16 131.47 131.677 130.746 131.16 130.849 131.16 131.056 131.056 130.953 130.746 130.332 130.332 130.228 130.435 130.332 130.435 129.814 129.918 129.504 129.504 129.711 129.504 129.296 129.193 129.296 129.296 129.089 129.296 128.779 127.019 129.193 129.296 129.918 130.332 129.918 129.814 129.711 130.021 130.021 130.021 130.125 129.296 129.089 129.193 129.607 130.228 130.228 130.021 130.125 129.504 129.4 129.607 129.193 128.882 129.193 129.089 129.504 129.296 130.021 130.125 129.918 130.125 128.882 129.296 129.4 130.435 129.814 129.504 129.814 129.918 130.228 130.228 129.296 130.849 130.642 130.125 130.021 129.918 129.918 130.332 129.814 129.4 128.882 128.986 129.296 129.193 129.296 129.504 129.711 129.711 130.125 129.711 129.296 129.711 129.504 128.986 130.021 129.504 129.193 130.125 129.711 129.711 129.607 129.607 129.814 129.918 130.435 130.746 131.263 130.332 130.642 129.814 130.642 130.435 130.125 129.504 129.918 129.814 130.642 130.021 131.056 130.746 130.435 130.435 130.539 130.746 130.125 130.435 130.228 129.814 129.607 129.4 130.125 129.4 129.711 129.607 129.814 129.504 129.504 129.814 129.814 129.711 129.607 129.4 130.021 129.814 129.607 129.711 130.021 129.814 130.021 130.435 128.882 130.849 130.332 130.125 130.539 130.539 130.332 130.539 130.539 130.435 130.332 130.332 130.228 130.332 130.435 130.332 130.125 130.228 130.125 130.332 130.332 130.125 130.021 129.814 129.711 129.918 
# name: power
# type: matrix
# rows: 1
# columns: 359
 0.0 0.0 0.0 0.0 0.0 0.0 0.0 0.0 0.0 0.0 0.0 0.0 0.0 0.0 0.0 0.0 0.0 0.0 0.0 0.0 0.0 0.0 0.0 0.0 0.0 0.0 0.0 0.0 0.0 0.0 0.0 0.0 0.0 0.0 0.0 0.0 0.0 0.0 0.0 0.0 0.0 0.0 0.0 0.0 0.0 0.0 0.0 0.0 0.0 0.0 0.0 0.0 0.0 0.0 0.0 0.0 0.0 0.0 0.0 0.0 0.0 0.0 0.0 0.0 0.0 0.0 0.0 0.0 0.0 0.0 0.0 0.0 0.0 0.0 0.0 0.0 0.0 0.0 0.0 0.0 0.0 0.0 0.0 0.0 0.0 0.0 0.0 0.0 0.0 0.0 0.0 0.0 0.0 0.0 0.0 0.0 0.0 0.0 0.0 0.0 0.0 0.0 0.0 0.0 0.0 0.0 0.0 0.0 0.0 0.0 0.0 0.0 0.0 0.0 0.0 0.0 0.0 0.0 0.0 0.0 0.0 0.0 0.0 0.0 0.0 0.0 0.0 0.0 0.0 0.0 0.0 0.0 0.0 0.0 0.0 0.0 0.0 0.0 0.0 0.0 0.0 0.0 0.0 0.0 0.0 0.0 0.0 0.0 0.0 0.0 0.0 0.0 0.0 0.0 0.0 0.0 0.0 0.0 103.727 106.315 108.592 107.35 108.385 109.835 109.11 108.903 109.317 109.214 107.971 106.729 105.073 103.727 102.795 102.692 102.381 101.864 101.864 101.449 101.242 101.035 100.932 100.828 100.725 100.311 100.207 99.897 99.69 99.483 99.172 99.069 99.172 98.965 98.758 98.551 98.447 98.137 98.137 97.93 97.826 97.619 97.412 97.205 96.998 96.791 96.481 96.791 96.895 96.791 96.481 96.17 96.273 96.688 96.584 96.481 96.377 96.066 95.859 95.549 95.342 95.238 94.928 94.514 94.307 94.514 94.721 94.824 94.824 94.617 94.617 94.514 94.1 93.893 93.685 93.271 92.961 92.754 92.65 92.65 92.34 92.857 92.857 92.857 93.064 92.857 92.961 92.857 92.754 92.34 92.236 92.029 92.029 91.822 91.719 91.926 92.236 92.029 91.926 92.133 91.719 91.719 91.615 91.408 91.408 91.097 90.89 90.994 91.201 91.097 91.408 91.304 91.408 91.304 91.201 91.097 91.512 91.512 91.304 91.304 90.994 90.787 90.89 90.787 90.58 90.269 90.166 90.476 90.683 90.994 91.097 90.89 90.683 90.787 90.476 90.269 90.166 90.166 89.752 89.752 89.545 90.062 90.166 90.373 90.269 90.062 90.166 90.269 90.166 89.959 89.855 89.752 89.545 89.234 89.338 89.338 89.338 89.648 89.545 89.648 89.441 89.648 89.648 89.545 89.441 89.131 89.131 89.131 88.924 88.716 88.82 89.234 89.338 89.545 89.441 89.441 89.752 89.648 89.545 89.234 88.924 88.613 88.509 88.406 88.095 88.509 88.924 88.924 89.131 89.131 89.234 89.131 89.027 88.82 88.613 88.302 88.302 88.095 87.888 87.785 88.406 
