# name: phAngle
# type: matrix
# rows: 1
# columns: 359
 54 54 54 54 54 55 55 55 55 55 54 54 54 55 55 55 55 55 55 55 55 54 54 54 54 54 54 54 54 54 54 54 54 54 54 54 54 54 54 54 54 54 55 55 55 54 55 54 55 55 54 55 55 55 55 55 55 55 55 55 54 55 55 55 55 55 55 55 55 55 55 55 55 55 55 55 55 55 55 55 55 55 55 55 55 55 55 55 55 55 56 56 55 55 55 55 55 55 55 55 55 55 55 56 56 56 56 56 56 56 55 55 55 56 56 56 56 56 56 56 56 56 56 56 56 56 55 55 55 56 56 56 56 56 56 56 56 56 56 56 56 56 56 56 56 56 56 56 56 56 56 56 56 56 56 56 56 56 56 56 56 56 56 56 56 56 56 56 56 56 56 56 56 56 56 56 56 56 56 56 56 56 56 56 56 56 56 56 56 56 56 56 56 56 52 56 56 56 56 56 56 56 56 56 56 56 56 56 56 56 56 56 56 56 56 56 56 56 56 56 56 56 56 56 56 56 56 56 56 56 56 56 56 56 56 56 56 56 56 56 56 56 56 56 56 56 56 56 56 56 56 56 56 56 56 56 56 56 56 56 56 56 56 56 56 56 56 56 56 56 56 56 0 0 0 0 0 0 0 0 0 0 0 0 0 0 0 0 0 0 0 0 0 0 0 0 0 0 0 0 0 0 0 0 0 0 0 0 0 0 0 0 0 0 0 0 0 0 0 0 0 0 0 0 0 0 0 0 0 0 0 0 0 0 0 0 0 0 0 0 0 0 0 0 0 0 0 0 0 0 0 0 0 0 0 0 0 0 0 
# name: freq
# type: matrix
# rows: 1
# columns: 359
 50.0 50.0 50.0 50.0 50.0 50.0 50.0 50.0 50.0 50.0 50.0 50.0 50.0 50.0 50.0 50.0 50.0 50.0 50.0 50.0 50.0 50.0 50.0 50.0 50.0 50.0 50.0 50.0 50.0 50.0 50.0 50.0 50.0 50.0 50.0 50.0 50.0 50.0 50.0 50.0 50.0 50.0 50.0 50.0 50.0 50.0 50.0 50.0 50.0 50.0 50.0 50.0 50.0 50.0 50.0 50.0 50.0 50.0 50.0 50.0 50.0 50.0 50.0 50.0 50.0 50.0 50.0 50.0 50.0 50.0 50.0 50.0 50.0 50.0 50.0 50.0 50.0 50.0 50.0 50.0 50.0 50.0 50.0 50.0 50.0 50.0 50.0 50.0 50.0 50.0 50.0 50.0 50.0 50.0 50.0 50.0 50.0 50.0 50.0 50.0 50.0 50.0 50.0 50.0 50.0 50.0 50.0 50.0 50.0 50.0 50.0 50.0 50.0 50.0 50.0 50.0 50.0 50.0 50.0 50.0 50.0 50.0 50.0 50.0 50.0 50.0 50.0 50.0 50.0 50.0 50.0 50.0 50.0 50.0 50.0 50.0 50.0 50.0 50.0 50.0 50.0 50.0 50.0 50.0 50.0 50.0 50.0 50.0 50.0 50.0 50.0 50.0 50.0 50.0 50.0 50.0 50.0 50.0 50.0 50.0 50.0 50.0 50.0 49.9 50.0 50.0 50.0 50.0 50.0 50.0 50.0 50.0 50.0 50.0 50.0 50.0 50.0 50.0 50.0 50.0 50.0 50.0 50.0 50.0 50.0 50.0 50.0 50.0 50.0 50.0 50.0 50.0 50.0 50.0 50.0 50.0 50.0 50.0 50.0 50.0 50.0 50.0 50.0 50.0 50.0 50.0 50.0 50.0 50.0 50.0 50.0 50.0 50.0 50.0 50.0 50.0 50.0 50.0 50.0 50.0 50.0 50.0 50.0 50.0 50.0 50.0 50.0 50.0 50.0 50.0 50.0 50.0 50.0 50.0 50.0 50.0 50.0 50.0 50.0 50.0 50.0 50.0 50.0 50.0 50.0 50.0 50.0 50.0 50.0 50.0 50.0 50.0 50.0 50.0 50.0 50.0 50.0 50.0 50.0 50.0 50.0 50.0 50.0 50.0 50.0 50.0 50.0 50.0 50.0 50.0 50.0 50.0 50.0 50.0 50.0 50.0 50.0 50.0 50.0 50.0 50.0 50.0 50.0 50.0 50.0 50.0 50.0 50.0 50.0 50.0 50.0 50.0 50.0 50.0 50.0 50.0 50.0 50.0 50.0 50.0 50.0 50.0 50.0 50.0 50.0 50.0 50.0 50.0 50.0 50.0 50.0 50.0 50.0 50.0 50.0 50.0 50.0 50.0 50.0 50.0 50.0 50.0 50.0 50.0 50.0 50.0 50.0 50.0 50.0 50.0 50.0 50.0 50.0 50.0 50.0 50.0 50.0 50.0 50.0 50.0 50.0 50.0 50.0 50.0 50.0 50.0 50.0 50.0 50.0 50.0 50.0 50.0 50.0 50.0 50.0 50.0 50.0 50.0 50.0 
# name: reacPower
# type: matrix
# rows: 1
# columns: 359
 129.504 128.779 129.711 129.4 130.021 129.296 130.125 129.4 129.814 129.089 129.504 128.779 129.296 128.882 128.986 128.468 129.711 128.986 129.4 128.365 128.882 127.64 127.744 127.226 127.744 126.708 127.226 126.605 126.916 126.294 127.537 127.019 127.64 127.226 127.433 126.708 127.019 126.916 126.916 127.019 127.33 127.33 127.433 127.019 127.33 124.431 127.123 127.33 126.501 127.019 126.605 127.123 126.398 127.226 126.708 127.33 126.708 127.123 126.087 126.812 124.328 127.019 126.087 127.123 126.501 127.123 126.501 127.537 126.708 127.226 126.501 127.433 126.605 127.433 126.294 127.226 126.708 127.433 126.812 127.33 126.916 127.433 126.812 127.537 126.812 127.33 126.294 127.226 126.501 127.744 127.019 128.158 128.054 128.365 128.054 127.847 127.537 127.537 127.744 127.64 127.744 127.951 127.744 127.123 127.847 127.019 127.744 127.123 127.64 127.019 127.744 126.812 127.433 126.294 126.916 125.88 127.226 126.191 127.019 127.951 128.468 127.951 128.882 128.365 129.089 128.572 128.986 128.158 128.882 128.468 128.882 128.882 128.675 128.779 128.779 129.296 129.193 128.779 128.986 129.193 128.882 128.675 128.675 128.986 129.193 129.089 128.882 129.504 129.089 129.193 128.675 129.4 129.193 128.986 129.089 129.4 129.4 129.504 129.089 129.089 129.089 129.4 129.193 129.193 128.468 128.779 128.986 129.193 129.504 129.607 129.711 129.711 129.504 129.089 128.468 128.468 128.365 128.365 128.054 128.572 128.365 129.504 128.882 129.814 128.675 129.607 128.779 129.711 128.675 129.711 128.468 129.4 128.054 129.193 128.261 129.711 128.365 129.607 128.986 129.814 128.675 129.918 129.089 129.296 129.089 129.504 129.504 129.711 129.4 129.4 129.193 129.814 129.607 129.089 128.882 128.986 129.193 129.089 128.882 129.607 129.193 128.986 128.779 128.572 128.158 128.986 128.986 129.4 128.882 128.675 129.504 129.918 130.539 130.849 130.435 130.021 129.918 129.711 129.4 128.675 129.296 128.882 129.504 128.779 129.296 128.365 128.675 128.158 129.296 128.882 129.504 128.675 129.607 128.261 129.089 128.675 129.504 128.882 129.918 129.4 130.125 129.711 130.228 129.296 130.125 129.296 130.125 129.918 130.125 130.125 130.021 129.814 0.0 0.0 0.0 0.0 0.0 0.0 0.0 0.0 0.0 0.0 0.0 0.0 0.0 0.0 0.0 0.0 0.0 0.0 0.0 0.0 0.0 0.0 0.0 0.0 0.0 0.0 0.0 0.0 0.0 0.0 0.0 0.0 0.0 0.0 0.0 0.0 0.0 0.0 0.0 0.0 0.0 0.0 0.0 0.0 0.0 0.0 0.0 0.0 0.0 0.0 0.0 0.0 0.0 0.0 0.0 0.0 0.0 0.0 0.0 0.0 0.0 0.0 0.0 0.0 0.0 0.0 0.0 0.0 0.0 0.0 0.0 0.0 0.0 0.0 0.0 0.0 0.0 0.0 0.0 0.0 0.0 0.0 0.0 0.0 0.0 0.0 0.0 
# name: power
# type: matrix
# rows: 1
# columns: 359
 93.375 93.375 93.478 93.271 93.168 92.65 92.857 92.754 92.754 92.547 93.168 93.168 93.064 92.857 92.857 92.65 92.443 92.133 92.133 92.236 92.34 92.443 92.34 92.236 92.34 92.029 91.926 91.615 91.615 91.304 91.304 90.994 91.201 91.512 91.719 91.719 91.719 91.719 91.615 91.304 91.201 90.994 90.58 90.269 90.166 89.959 90.683 90.89 90.683 90.787 90.787 90.58 90.476 90.476 90.476 90.269 90.269 89.855 89.545 89.648 89.027 89.855 90.166 90.062 89.752 90.062 89.855 90.269 90.062 90.166 90.062 90.166 89.855 89.648 89.131 89.234 89.131 89.027 89.027 89.234 89.131 89.338 89.234 89.441 89.234 89.131 89.027 88.924 88.716 88.716 88.716 88.613 89.027 88.924 89.131 89.234 89.234 89.441 89.545 89.338 89.441 89.234 89.027 88.613 88.509 88.199 87.992 87.888 88.509 88.716 88.924 88.82 88.82 88.716 88.716 88.509 88.509 88.302 88.199 88.199 88.095 87.888 88.095 88.095 88.406 88.509 88.716 88.716 88.716 88.613 88.613 88.509 88.406 88.199 87.888 87.785 87.474 87.681 87.992 88.095 88.406 88.406 88.509 88.302 88.302 88.095 88.199 88.095 87.681 87.785 87.474 87.474 87.578 87.681 87.888 88.095 87.992 87.888 87.992 87.992 87.888 87.681 87.681 87.371 87.164 86.853 87.267 87.474 87.578 87.681 87.785 87.888 87.681 87.474 87.474 87.681 87.371 87.06 86.853 86.75 86.957 87.164 87.371 87.578 87.578 87.267 87.267 87.578 87.474 87.578 87.06 87.267 86.957 86.853 100.621 87.164 87.371 87.888 87.992 88.095 87.888 88.199 88.716 88.406 88.302 88.302 88.095 87.888 87.578 87.371 87.371 87.785 88.095 88.095 88.199 88.302 88.302 88.199 88.095 87.888 87.785 87.681 87.578 87.267 86.957 87.06 87.474 87.681 87.992 87.992 88.095 88.095 88.199 87.888 87.681 87.474 87.371 87.06 87.164 86.957 87.371 87.474 87.578 87.371 87.578 87.681 87.681 87.474 87.578 87.371 87.06 86.853 86.957 86.853 87.06 87.267 87.267 87.474 87.681 87.681 87.474 87.371 87.267 86.957 86.957 86.853 86.853 86.75 86.853 86.957 86.957 87.164 0.0 0.0 0.0 0.0 0.0 0.0 0.0 0.0 0.0 0.0 0.0 0.0 0.0 0.0 0.0 0.0 0.0 0.0 0.0 0.0 0.0 0.0 0.0 0.0 0.0 0.0 0.0 0.0 0.0 0.0 0.0 0.0 0.0 0.0 0.0 0.0 0.0 0.0 0.0 0.0 0.0 0.0 0.0 0.0 0.0 0.0 0.0 0.0 0.0 0.0 0.0 0.0 0.0 0.0 0.0 0.0 0.0 0.0 0.0 0.0 0.0 0.0 0.0 0.0 0.0 0.0 0.0 0.0 0.0 0.0 0.0 0.0 0.0 0.0 0.0 0.0 0.0 0.0 0.0 0.0 0.0 0.0 0.0 0.0 0.0 0.0 0.0 
