# name: phAngle
# type: matrix
# rows: 1
# columns: 359
 52 51 52 52 52 52 52 52 52 52 52 52 52 52 52 52 52 53 53 52 53 53 53 53 53 53 53 53 53 53 53 53 54 54 54 54 54 54 54 54 54 54 54 54 54 54 54 54 54 54 54 55 54 54 54 55 55 55 55 55 55 55 55 55 55 55 55 55 55 55 55 55 55 55 55 55 55 55 55 55 0 0 0 0 0 0 0 0 0 0 0 0 0 0 0 0 0 0 0 0 0 0 0 0 0 0 0 0 0 0 0 0 0 0 0 0 0 0 0 0 0 0 0 0 0 0 0 0 0 0 0 0 0 0 0 0 0 0 0 0 0 0 0 0 0 0 0 0 0 0 0 0 0 0 0 0 0 0 0 0 0 0 0 0 0 0 0 0 0 0 0 0 0 0 0 0 0 0 0 0 0 0 0 0 0 0 0 0 0 0 0 0 0 0 0 0 0 0 0 0 0 0 0 0 0 0 0 0 0 0 0 0 0 0 0 0 0 0 0 0 0 0 0 0 0 0 0 0 0 0 0 0 0 0 0 0 0 0 0 0 0 0 0 0 0 0 0 0 0 0 0 0 0 0 0 0 0 0 0 0 0 0 0 0 0 0 0 0 0 0 0 0 0 0 0 0 50 49 49 50 50 49 50 50 50 50 50 51 51 51 51 51 51 51 51 51 51 51 51 51 51 51 51 51 51 51 52 51 51 52 52 52 52 52 52 52 52 52 52 52 52 52 52 53 53 53 53 53 53 53 53 53 53 53 53 53 53 53 53 53 53 54 53 54 54 54 54 51 51 54 54 54 54 54 54 54 54 54 54 
# name: freq
# type: matrix
# rows: 1
# columns: 359
 50.0 50.0 50.0 50.0 49.9 50.0 50.0 49.9 50.0 50.0 50.0 50.0 50.0 50.0 50.0 50.0 50.0 50.0 50.0 50.0 50.0 50.0 50.0 50.0 50.0 50.0 50.0 50.0 50.0 50.0 50.0 50.0 50.0 50.0 50.0 50.0 50.0 50.0 50.0 50.0 50.0 50.0 50.0 50.0 50.0 50.0 50.0 50.0 50.0 50.0 50.0 50.0 50.0 50.0 50.0 50.0 50.0 50.0 50.0 50.0 50.0 50.0 50.0 50.0 50.0 50.0 50.0 50.0 50.0 50.0 50.0 50.0 50.0 50.0 50.0 50.0 50.0 50.0 50.0 50.0 50.0 50.0 50.0 50.0 50.0 50.0 50.0 50.0 50.0 50.0 50.0 50.0 50.0 50.0 50.0 50.0 50.0 50.0 50.0 50.0 50.0 50.0 50.0 50.0 50.0 50.0 50.0 50.0 50.0 50.0 50.0 50.0 50.0 50.0 50.0 50.0 50.0 50.0 50.0 50.0 50.0 50.0 50.0 50.0 50.0 50.0 50.0 50.0 50.0 50.0 50.0 50.0 50.0 50.0 50.0 50.0 50.0 50.0 50.0 50.0 50.0 50.0 50.0 50.0 50.0 50.0 50.0 50.0 50.0 50.0 50.0 50.0 50.0 50.0 50.0 50.0 50.0 50.1 50.0 50.0 50.0 50.0 50.0 50.0 50.0 50.0 50.0 50.0 50.0 50.0 50.0 50.0 50.0 50.0 50.0 50.0 50.0 50.0 50.0 50.0 50.0 50.0 50.0 50.0 50.0 50.0 50.0 50.0 50.0 50.0 50.0 50.0 50.0 50.0 50.0 50.0 50.0 50.0 50.0 50.0 50.0 50.0 50.0 50.0 50.0 50.0 50.0 50.0 50.0 50.0 50.0 50.0 50.0 50.0 50.0 50.0 50.0 50.0 50.0 50.0 50.0 50.0 50.0 50.0 50.0 50.0 50.0 50.0 50.0 50.0 50.0 50.0 50.0 50.0 50.0 50.0 50.0 50.0 50.0 50.0 50.0 50.0 50.0 50.0 50.0 50.0 50.0 50.0 50.0 50.0 50.0 50.0 50.0 50.0 50.0 50.0 50.0 50.0 50.0 50.0 50.0 50.0 50.0 50.0 50.0 50.0 50.0 50.0 50.0 50.0 50.0 50.0 50.0 50.0 50.0 50.0 50.0 50.0 50.0 50.0 50.0 50.0 50.0 50.0 50.0 50.0 50.0 50.0 50.0 50.0 50.0 50.0 50.0 50.0 50.0 50.0 50.0 50.0 50.0 50.0 50.0 50.1 50.0 50.0 50.0 50.0 50.1 50.0 50.0 50.0 50.0 50.0 50.0 50.0 50.0 50.0 50.0 50.0 50.0 50.1 50.0 50.0 50.0 50.0 50.0 50.0 50.0 50.0 50.0 50.0 50.1 50.1 50.1 50.0 50.1 50.0 50.0 50.0 50.0 50.0 50.0 50.0 50.0 50.0 50.0 50.0 50.0 50.0 50.0 50.0 50.0 50.0 50.0 50.0 50.0 50.0 50.0 50.0 50.0 
# name: reacPower
# type: matrix
# rows: 1
# columns: 359
 181.515 179.953 180.578 181.098 180.786 180.786 181.306 181.202 180.37 181.619 180.578 179.953 180.057 180.37 180.37 180.37 180.266 180.266 179.433 178.288 178.809 179.537 178.913 179.641 179.433 179.329 179.433 179.225 179.537 179.849 180.266 181.098 180.89 180.786 181.306 181.306 180.786 180.994 181.202 180.786 181.306 180.474 181.515 180.37 180.37 180.994 181.306 181.098 181.098 182.243 182.243 182.659 182.868 181.827 182.764 182.347 182.764 182.764 180.682 181.306 182.139 182.243 182.243 182.243 182.139 182.347 180.994 181.723 181.515 181.619 181.723 181.931 182.243 182.035 182.139 181.931 181.723 182.243 181.306 181.411 0.208 0.208 0.208 0.208 0.208 0.208 0.208 0.208 0.208 0.208 0.208 0.208 0.208 0.208 0.208 0.208 0.208 0.208 0.208 0.208 0.208 0.208 0.208 0.208 0.208 0.208 0.208 0.208 0.208 0.208 0.208 0.208 0.208 0.208 0.208 0.208 0.208 0.208 0.208 0.208 0.208 0.208 0.208 0.208 0.208 0.208 0.208 0.208 0.208 0.208 0.208 0.208 0.208 0.208 0.208 0.208 0.208 0.208 0.208 0.208 0.208 0.208 0.208 0.208 0.208 0.208 0.208 0.208 0.208 0.208 0.208 0.208 0.208 0.208 0.208 0.208 0.208 0.208 0.208 0.208 0.208 0.208 0.208 0.208 0.208 0.208 0.208 0.208 0.208 0.208 0.208 0.208 0.208 0.208 0.208 0.208 0.208 0.208 0.208 0.208 0.208 0.208 0.208 0.208 0.208 0.208 0.208 0.208 0.208 0.208 0.208 0.208 0.208 0.208 0.208 0.208 0.208 0.208 0.208 0.208 0.208 0.208 0.208 0.208 0.208 0.208 0.208 0.208 0.208 0.208 0.208 0.208 0.208 0.208 0.208 0.208 0.208 0.208 0.208 0.208 0.208 0.208 0.208 0.208 0.208 0.208 0.208 0.208 0.208 0.208 0.208 0.208 0.208 0.208 0.208 0.208 0.208 0.208 0.208 0.208 0.208 0.208 0.208 0.208 0.208 0.208 0.208 0.208 0.208 0.208 0.208 0.208 0.208 0.208 0.208 0.208 0.208 0.208 0.208 0.208 0.208 0.208 0.208 0.208 0.208 0.208 0.208 0.208 0.208 0.208 0.104 0.208 0.208 0.208 0.208 0.208 177.976 178.288 178.392 178.496 178.496 178.704 178.6 178.6 178.496 178.809 178.704 178.496 178.704 178.392 178.392 178.704 178.08 178.288 177.872 177.872 177.56 178.184 177.976 178.08 178.08 178.184 177.664 178.08 178.08 178.08 178.392 177.768 178.184 178.184 178.08 177.455 177.56 177.976 178.184 178.704 178.704 177.455 177.351 178.288 177.768 177.976 177.872 178.392 178.288 177.976 177.455 177.976 177.976 177.872 177.664 177.455 177.768 177.664 177.351 177.351 177.872 177.664 177.664 177.976 177.976 178.496 178.6 178.704 178.809 178.913 178.809 178.704 178.6 178.809 179.017 179.225 179.225 179.017 179.225 179.225 179.017 179.121 177.143 
# name: power
# type: matrix
# rows: 1
# columns: 359
 143.525 143.005 142.797 142.381 141.86 141.756 141.548 141.132 140.507 140.299 139.779 139.675 139.05 139.258 138.946 138.738 138.842 138.634 138.113 137.697 137.489 137.385 136.656 137.073 136.864 136.968 135.824 136.136 135.615 135.615 135.824 134.991 134.991 134.575 134.471 133.95 133.742 133.326 133.638 132.701 133.013 132.493 133.118 131.869 132.077 132.389 131.66 131.764 131.66 131.556 130.932 130.724 131.556 131.036 130.932 130.411 130.411 130.203 129.787 129.995 129.891 130.099 129.683 129.579 129.371 128.85 129.058 129.162 128.746 128.954 128.85 128.538 128.33 127.705 128.226 128.33 127.809 127.601 126.769 127.185 9.887 9.887 9.887 9.991 9.991 9.887 9.991 9.991 9.991 9.991 9.991 9.991 9.991 9.991 9.991 9.991 9.991 9.991 9.991 9.991 9.991 9.991 10.095 9.991 9.991 9.991 9.991 10.095 9.991 9.991 9.991 10.095 9.991 9.991 9.991 9.991 9.991 9.887 9.887 9.887 9.887 9.887 9.887 9.887 9.887 9.887 9.887 9.887 9.887 9.887 9.887 9.887 9.887 9.887 9.887 9.887 9.887 9.887 9.887 9.887 9.887 9.887 9.887 9.887 9.887 9.887 9.887 9.887 9.887 9.887 9.887 9.887 9.991 9.887 9.887 9.887 9.887 9.887 9.887 9.887 9.887 9.887 9.887 9.991 9.887 9.991 9.991 9.991 9.991 9.991 9.991 9.991 9.991 9.783 9.887 9.887 9.887 9.887 9.887 9.887 9.887 9.887 9.887 9.887 9.887 9.887 9.887 9.991 9.887 9.887 9.887 9.887 9.887 9.887 9.887 9.887 9.887 9.887 9.887 9.887 9.887 9.887 9.887 9.887 9.887 9.887 9.887 9.887 9.991 9.887 9.887 9.991 9.887 9.887 9.887 9.991 9.887 9.991 9.991 9.887 9.887 9.887 9.887 9.887 9.887 9.887 9.887 9.887 9.887 9.887 9.887 9.679 9.679 9.679 9.679 9.679 9.679 9.679 9.679 9.679 9.679 9.679 9.679 9.679 9.679 9.679 9.679 9.679 9.679 9.679 9.679 9.679 9.679 9.679 9.679 9.679 9.679 9.679 9.679 9.575 9.679 9.679 9.679 9.679 9.679 9.679 9.679 9.679 9.679 9.679 23.73 9.679 9.679 9.679 9.679 9.679 150.707 155.286 152.997 152.372 151.644 152.685 152.06 151.227 150.187 149.562 149.146 147.897 147.481 146.648 146.336 146.127 145.815 145.191 144.983 144.358 143.63 143.421 143.109 143.213 142.901 142.693 141.964 141.86 141.34 141.444 141.548 141.236 140.819 140.403 139.987 139.675 139.466 139.05 139.362 139.466 139.154 138.634 138.426 138.426 138.009 137.801 137.593 137.177 136.76 136.552 136.136 136.032 135.407 134.991 134.679 134.575 134.262 133.95 133.95 134.054 133.638 133.326 133.534 133.013 132.597 132.701 132.805 132.389 132.389 132.181 131.869 145.919 146.127 131.869 131.869 132.181 131.556 131.556 131.244 130.828 130.724 130.203 129.995 
