# name: phAngle
# type: matrix
# rows: 1
# columns: 359
 0 0 0 0 0 0 0 0 0 0 0 0 0 0 0 0 0 0 0 0 0 0 0 0 0 0 0 0 0 0 0 0 0 0 0 0 0 0 0 0 0 0 0 0 0 0 0 0 0 0 0 0 0 0 0 0 0 0 0 0 0 0 0 0 0 0 0 0 0 0 0 0 0 0 0 0 0 0 0 0 0 0 0 0 0 0 0 0 0 0 0 0 0 0 0 0 0 0 0 0 0 0 0 0 0 0 0 0 0 0 0 0 0 0 0 0 0 0 0 0 0 0 0 0 0 0 0 0 0 0 0 0 0 0 0 0 0 0 0 0 0 0 0 0 0 23 50 49 49 50 50 50 51 51 50 51 51 51 51 50 51 51 51 51 51 51 51 51 51 51 51 51 52 52 51 52 52 52 52 52 52 52 52 52 52 52 52 53 53 53 53 53 53 53 53 54 54 54 54 54 54 54 54 54 54 54 54 54 54 54 54 54 54 55 55 55 55 55 55 55 55 55 55 55 55 56 56 56 56 56 56 56 56 56 56 56 56 56 56 56 56 56 56 56 56 56 56 56 56 56 56 56 56 56 56 56 56 57 56 56 57 57 57 56 57 57 57 57 57 57 52 52 52 52 52 52 52 52 57 57 57 57 57 57 57 57 57 57 57 57 57 57 57 57 57 57 57 57 57 57 57 57 57 57 57 57 57 57 57 57 52 57 57 57 57 57 57 57 57 57 57 57 57 57 57 57 57 57 57 57 57 57 57 57 57 57 57 57 57 57 57 57 57 57 57 57 0 0 0 0 0 0 0 0 0 0 0 0 0 
# name: freq
# type: matrix
# rows: 1
# columns: 359
 50.0 50.0 50.0 50.0 50.0 50.0 50.0 50.0 50.0 50.0 50.0 50.0 50.0 50.0 50.0 50.0 50.0 50.0 50.0 50.0 50.0 50.0 50.0 50.0 50.0 50.0 50.0 50.0 50.0 50.0 50.0 50.0 50.0 50.0 50.0 50.0 50.0 50.0 50.0 50.0 50.0 50.0 50.0 50.0 50.0 50.0 50.0 50.0 50.0 50.0 50.0 50.0 50.0 50.0 50.0 50.0 50.0 50.0 50.0 50.0 50.0 50.0 50.0 50.0 50.0 50.0 50.0 50.0 50.0 50.0 50.0 50.0 50.0 50.0 50.0 50.0 50.0 50.0 50.0 50.0 50.0 50.0 50.0 50.0 50.0 50.0 50.0 50.0 50.0 50.0 50.0 50.0 50.0 50.0 50.0 50.0 50.0 50.0 50.0 50.0 50.0 50.0 50.0 50.0 50.0 50.0 50.0 50.0 50.0 50.0 50.0 50.0 50.0 50.0 50.0 50.0 50.0 50.0 50.0 50.0 50.0 50.0 50.0 50.0 50.0 50.0 50.0 50.0 50.0 50.0 50.0 50.0 50.0 50.0 50.0 50.0 50.0 50.0 50.0 50.0 50.0 50.0 50.0 50.0 50.0 50.0 50.0 50.0 50.0 50.0 50.0 50.0 50.0 50.0 50.0 50.0 50.0 50.0 50.0 50.0 50.0 50.0 50.0 50.0 50.0 50.0 50.0 50.0 50.0 50.0 50.0 50.0 50.0 50.0 50.0 50.0 50.0 50.0 50.0 50.0 50.0 50.0 50.0 50.0 50.0 50.0 50.0 50.0 50.0 50.0 50.0 50.0 50.0 50.0 50.0 50.0 50.0 50.0 50.0 50.0 50.0 50.0 50.0 50.0 50.0 50.0 50.0 50.0 50.0 50.0 50.0 50.0 50.0 50.0 50.0 50.0 50.0 50.0 50.0 50.0 50.0 50.0 50.0 50.0 50.0 50.0 50.0 50.0 50.0 50.0 50.0 50.0 50.0 50.0 50.0 50.0 50.0 50.1 50.1 50.1 50.1 50.0 50.1 50.1 50.1 50.1 50.0 50.1 50.1 50.1 50.1 50.1 50.1 50.1 50.1 50.0 50.0 50.1 50.1 50.0 50.1 50.0 50.0 50.0 50.0 50.0 50.0 50.0 50.0 50.0 50.0 50.0 50.0 50.0 50.0 50.0 50.0 50.0 50.0 50.0 50.0 50.0 50.0 50.0 50.0 50.0 50.0 50.0 50.0 50.0 50.0 50.0 50.0 50.0 50.0 50.0 50.0 50.0 50.0 50.0 50.0 50.0 50.0 50.0 50.0 50.0 50.0 50.0 50.0 50.0 50.0 50.0 50.0 50.0 50.0 50.0 50.0 50.0 50.0 50.0 50.0 50.0 50.0 50.0 50.0 50.0 50.0 50.0 50.0 50.0 50.0 50.0 50.0 50.0 50.0 50.0 50.0 50.0 50.0 50.0 50.0 50.0 50.0 50.0 50.0 50.0 50.0 50.0 50.0 50.0 50.0 50.0 50.0 50.0 50.0 50.0 50.0 50.0 50.0 
# name: reacPower
# type: matrix
# rows: 1
# columns: 359
 0.0 0.0 0.0 0.0 0.0 0.0 0.0 0.0 0.0 0.0 0.0 0.0 0.0 0.0 0.0 0.0 0.0 0.0 0.0 0.0 0.0 0.0 0.0 0.0 0.0 0.0 0.0 0.0 0.0 0.0 0.0 0.0 0.0 0.0 0.0 0.0 0.0 0.0 0.0 0.0 0.0 0.0 0.0 0.0 0.0 0.0 0.0 0.0 0.0 0.0 0.0 0.0 0.0 0.0 0.0 0.0 0.0 0.0 0.0 0.0 0.0 0.0 0.0 0.0 0.0 0.0 0.0 0.0 0.0 0.0 0.0 0.0 0.0 0.0 0.0 0.0 0.0 0.0 0.0 0.0 0.0 0.0 0.0 0.0 0.0 0.0 0.0 0.0 0.0 0.0 0.0 0.0 0.0 0.0 0.0 0.0 0.0 0.0 0.0 0.0 0.0 0.0 0.0 0.0 0.0 0.0 0.0 0.0 0.0 0.0 0.0 0.0 0.0 0.0 0.0 0.0 0.0 0.0 0.0 0.0 0.0 0.0 0.0 0.0 0.0 0.0 -0.104 -0.104 -0.104 0.0 0.0 0.0 0.0 0.0 0.0 0.0 0.0 0.0 0.0 0.0 0.0 0.0 0.0 0.0 0.0 188.176 120.524 120.524 120.628 120.94 120.732 121.252 121.252 121.148 121.148 121.148 121.148 121.252 121.252 120.836 120.836 121.252 120.94 121.252 121.461 121.044 121.252 121.356 121.148 121.356 121.669 121.252 121.044 121.252 120.836 121.148 121.669 121.669 120.732 121.877 121.252 121.565 121.773 121.773 121.877 121.669 121.565 121.356 121.252 121.148 121.044 121.148 121.148 121.252 121.461 121.565 121.669 121.565 121.356 121.356 121.148 121.461 121.356 121.252 121.461 121.565 121.565 121.461 121.461 121.877 121.669 121.669 121.461 121.461 121.252 121.461 121.565 121.252 121.461 121.565 121.669 121.773 121.669 121.461 121.356 121.877 121.773 121.565 121.877 121.773 121.877 121.981 121.461 121.356 121.565 121.356 121.773 121.773 121.773 121.877 121.877 122.293 122.397 122.501 122.293 122.605 122.605 122.605 122.605 122.501 122.397 122.397 122.71 122.605 122.605 122.71 122.71 122.918 122.71 122.814 123.022 123.022 123.022 122.814 122.918 122.71 122.71 122.501 122.189 122.397 124.167 123.75 124.271 124.375 123.854 123.75 123.542 123.542 122.293 122.293 122.293 122.293 122.189 122.397 122.397 122.501 122.501 122.293 122.189 122.189 122.189 122.397 122.397 122.71 122.814 122.605 122.501 122.397 122.501 122.501 122.397 122.71 121.877 122.71 122.397 122.71 122.501 122.085 122.085 122.189 123.542 122.293 122.605 121.981 122.189 121.877 121.773 121.773 121.356 121.461 121.461 121.356 121.669 121.877 121.877 121.981 121.773 121.669 121.877 122.293 121.877 121.981 121.669 121.981 122.293 122.397 122.501 122.293 121.669 122.085 122.189 121.773 122.293 122.189 122.501 122.397 0.0 0.0 0.0 0.0 0.0 0.0 0.0 0.0 0.0 0.0 0.0 0.0 0.0 
# name: power
# type: matrix
# rows: 1
# columns: 359
 0.0 0.0 0.0 0.0 0.0 0.0 0.0 0.0 0.0 0.0 0.0 0.0 0.0 0.0 0.0 0.0 0.0 0.0 0.0 0.0 0.0 0.0 0.0 0.0 0.0 0.0 0.0 0.0 0.0 0.0 0.0 0.0 0.0 0.0 0.0 0.0 0.0 0.0 0.0 0.0 0.0 0.0 0.0 0.0 0.0 0.0 0.0 0.0 0.0 0.0 0.0 0.0 0.0 0.0 0.0 0.0 0.0 0.0 0.0 0.0 0.0 0.0 0.0 0.0 0.0 0.0 0.0 0.0 0.0 0.0 0.0 0.0 0.0 0.0 0.0 0.0 0.0 0.0 0.0 0.0 0.0 0.0 0.0 0.0 0.0 0.0 0.0 0.0 0.0 0.0 0.0 0.0 0.0 0.0 0.0 16.34 0.0 0.0 0.0 0.0 0.0 0.0 0.0 0.0 0.0 0.0 0.0 0.0 0.0 0.0 0.0 0.0 0.0 0.0 0.0 0.0 0.0 0.0 0.0 0.0 0.0 0.0 0.0 0.0 0.0 0.0 16.236 16.236 16.236 0.0 0.0 0.0 0.0 0.0 0.0 0.0 0.0 0.0 0.0 0.0 0.0 0.0 0.0 0.0 0.0 442.13 101.477 105.64 103.975 102.206 101.165 101.998 100.749 100.541 101.269 100.332 100.124 99.5 99.5 99.188 98.459 98.251 97.939 97.73 97.522 97.522 97.834 98.147 97.834 97.834 97.522 97.21 96.794 96.794 96.273 96.065 95.961 95.857 94.92 95.128 94.608 94.296 94.088 93.775 93.567 93.463 93.151 92.735 92.214 92.006 92.11 91.798 91.59 91.173 91.277 90.757 90.757 90.341 90.237 89.924 89.716 89.508 89.3 89.092 88.884 88.571 88.363 88.259 88.155 87.843 87.739 87.426 87.114 87.01 86.802 86.802 86.49 86.49 86.386 86.073 85.969 85.969 85.553 85.449 85.241 85.137 85.033 84.929 84.825 84.616 84.616 84.512 84.2 84.096 84.2 84.096 83.888 83.888 83.784 83.471 83.471 83.471 83.263 83.263 83.055 83.159 82.951 82.951 82.847 82.743 82.431 82.431 82.431 82.223 82.118 82.014 81.91 82.014 81.806 81.806 81.702 81.494 81.39 81.39 81.286 81.182 80.974 80.869 80.661 80.661 97.002 97.002 97.002 96.898 96.898 96.794 96.794 96.69 80.557 80.349 80.453 80.349 80.245 80.349 80.245 80.245 80.245 80.141 80.037 80.141 79.933 79.933 79.933 79.933 79.933 79.725 79.829 79.725 79.725 79.725 79.516 79.412 79.621 79.412 79.412 79.308 79.308 79.1 79.308 79.1 93.879 79.204 79.1 78.996 78.996 78.892 78.892 78.788 78.684 78.684 78.58 78.476 78.58 78.58 78.58 78.684 78.476 78.372 78.372 78.372 78.372 78.372 78.267 78.163 78.372 78.163 78.163 78.059 77.955 77.955 77.955 77.747 77.955 77.851 77.851 77.747 0.0 0.0 0.0 0.0 0.0 0.0 0.0 0.0 0.0 0.0 0.0 0.0 0.0 
