# name: phAngle
# type: matrix
# rows: 1
# columns: 359
 0 0 0 0 0 0 0 0 0 0 0 0 0 0 0 0 0 0 0 0 0 0 0 0 0 0 0 0 0 0 0 0 0 0 0 0 0 0 0 0 0 0 0 0 0 0 0 0 0 0 0 0 0 0 0 0 0 0 0 0 0 0 0 0 0 0 0 0 0 0 0 0 0 0 0 0 0 0 0 0 0 0 0 0 0 0 0 0 0 0 0 0 0 0 0 0 0 0 0 0 0 0 0 0 0 0 0 0 0 0 0 273 0 0 0 0 0 0 0 0 0 0 0 0 0 0 0 0 0 0 0 0 0 0 288 0 0 0 0 0 0 0 0 0 0 0 0 0 0 0 0 0 0 0 0 0 0 0 0 0 0 0 50 50 49 50 50 51 51 51 51 51 51 51 51 51 51 52 52 52 52 52 52 52 52 52 52 52 52 52 52 52 52 52 52 52 52 52 53 53 52 52 53 53 53 53 53 53 53 53 54 54 54 54 54 54 54 54 54 54 54 54 54 55 55 55 55 55 55 55 55 55 55 55 55 55 55 55 55 55 55 55 55 55 55 55 55 55 55 55 55 55 55 55 55 55 55 55 55 55 56 56 56 56 56 56 56 56 56 56 56 56 56 56 56 56 56 56 56 56 56 57 57 57 57 57 57 57 57 57 57 57 57 57 57 57 57 52 57 57 57 57 57 57 57 57 57 57 57 57 57 57 57 57 57 57 57 57 57 57 57 57 57 57 57 57 57 57 57 57 57 57 57 57 57 57 57 57 57 57 57 57 57 57 57 57 57 57 58 58 58 58 57 57 57 57 57 57 57 
# name: freq
# type: matrix
# rows: 1
# columns: 359
 50.0 50.0 50.0 50.0 50.0 50.0 50.0 50.0 50.0 50.0 50.0 50.0 50.0 50.0 50.0 50.0 50.0 50.0 50.0 50.0 50.0 50.0 50.0 50.0 50.0 50.0 50.0 50.0 50.0 50.0 50.0 50.0 50.0 50.0 50.0 50.0 50.0 50.0 50.0 50.0 50.0 50.0 50.0 50.0 50.0 50.0 50.0 50.0 50.0 50.0 50.0 50.0 50.0 50.0 50.0 50.0 50.0 50.0 50.0 50.0 50.0 50.0 50.0 50.0 50.0 50.0 50.0 50.0 50.0 50.0 50.0 50.0 50.0 50.0 50.0 50.0 50.0 50.0 50.0 50.0 50.0 50.0 50.0 50.0 50.0 50.0 50.0 50.0 50.0 50.0 50.0 50.0 50.0 50.0 50.0 50.0 50.0 50.0 50.0 50.0 50.0 50.0 50.0 50.0 50.0 50.0 50.0 50.0 50.0 50.0 50.0 50.0 50.0 50.0 50.0 50.0 50.0 50.0 50.0 50.0 50.0 50.0 50.0 50.0 50.0 50.0 50.0 50.0 50.0 50.0 50.0 50.0 50.0 50.0 50.0 50.0 50.0 50.0 50.0 50.0 50.0 50.0 50.0 50.0 50.0 50.0 50.0 50.0 50.0 50.0 50.0 50.0 50.0 50.0 50.0 50.0 50.0 50.0 50.0 50.0 50.0 50.0 50.0 50.0 50.0 50.0 50.0 50.0 50.0 50.0 50.0 50.0 50.0 50.0 50.0 50.0 50.0 50.0 50.0 50.0 50.0 50.0 50.0 50.0 50.0 50.0 50.0 50.0 50.0 50.0 50.0 50.0 50.0 50.0 50.0 49.9 50.0 50.0 50.0 50.0 50.0 50.0 50.0 50.0 50.0 50.0 50.0 50.0 50.0 50.0 50.0 50.0 50.0 50.0 50.0 50.0 50.0 50.0 50.0 50.0 50.0 50.0 50.0 50.0 50.0 50.0 50.0 50.0 50.0 50.0 50.0 50.0 50.0 50.0 50.0 50.0 50.0 50.0 50.0 50.0 50.0 50.1 50.0 50.0 50.0 50.0 50.0 50.0 50.1 50.1 50.1 50.0 50.1 50.1 50.0 50.0 50.0 50.0 50.1 50.0 50.0 50.0 50.0 50.0 50.0 50.0 50.0 50.0 50.0 50.0 50.0 50.0 50.0 50.0 50.0 50.0 50.0 50.0 50.0 50.0 50.0 50.0 50.0 50.0 50.0 50.0 50.0 50.0 50.0 50.0 50.0 50.0 50.0 50.0 50.0 50.0 50.0 50.0 50.0 50.0 50.0 50.0 50.0 50.0 50.0 50.0 50.0 50.0 50.0 50.0 50.0 50.0 50.0 50.0 50.0 50.0 50.0 50.0 50.0 50.0 50.0 50.0 50.0 50.0 50.0 50.0 50.0 50.0 50.0 50.0 50.0 50.0 50.0 50.0 50.0 50.0 50.0 50.0 50.0 50.0 50.0 50.0 50.0 50.0 50.0 50.0 50.0 50.0 50.0 50.0 50.0 50.0 50.0 50.0 50.0 50.0 50.0 50.0 50.0 
# name: reacPower
# type: matrix
# rows: 1
# columns: 359
 0.0 0.0 0.0 0.0 0.0 0.0 0.0 0.0 0.0 0.0 0.0 0.0 0.0 0.0 0.0 0.0 0.0 0.0 0.0 0.0 0.0 0.0 0.0 0.0 0.0 0.0 0.0 0.0 0.0 0.0 0.0 0.0 0.0 0.0 0.0 0.0 0.0 0.0 0.0 0.0 0.0 0.0 0.0 0.0 0.0 0.0 0.0 0.0 0.0 0.0 0.0 0.0 0.0 0.0 0.0 0.0 0.0 0.0 0.0 0.0 0.0 0.0 0.0 0.0 0.0 0.0 0.0 0.0 0.0 0.0 -0.104 -0.104 -0.104 -0.104 0.0 0.0 0.0 0.0 0.0 0.0 0.0 0.0 0.0 0.0 0.0 0.0 0.0 0.0 0.0 0.0 0.0 0.0 0.0 0.0 0.0 0.0 0.0 0.0 0.0 0.0 0.0 0.0 0.0 0.0 0.0 0.0 0.0 0.0 0.0 0.0 0.0 -1.665 0.0 0.0 0.0 0.0 0.0 0.0 0.0 0.0 0.0 0.0 0.0 0.0 0.0 0.0 0.0 0.0 0.0 0.0 0.0 0.0 0.0 0.0 -1.561 -0.104 -0.104 0.0 0.0 -0.104 0.0 0.0 0.0 0.0 0.0 0.0 0.0 0.0 0.0 0.0 0.0 0.0 0.0 0.0 0.0 0.0 0.0 0.0 0.0 0.0 0.0 0.0 120.628 120.732 120.524 120.732 120.732 121.044 121.044 121.356 121.252 121.252 121.252 121.044 121.773 121.877 121.981 121.877 122.397 122.605 122.814 122.918 123.126 123.542 123.75 123.022 122.605 122.605 122.397 122.397 122.397 122.501 122.397 122.293 122.501 122.605 122.605 122.71 122.814 122.918 122.814 122.814 122.71 122.501 122.605 122.71 122.814 123.022 123.022 123.126 122.814 122.918 123.334 123.022 123.438 123.334 122.918 122.814 122.71 122.918 122.814 122.918 122.501 123.022 123.126 123.022 123.126 123.126 122.814 123.438 123.438 123.438 123.334 123.438 123.334 123.542 123.75 123.958 123.854 123.958 123.854 124.271 123.958 123.958 123.75 123.542 123.542 123.438 123.646 123.438 123.75 123.438 123.334 123.542 123.646 123.23 123.646 123.542 123.542 123.646 123.438 123.542 123.646 123.75 123.75 123.75 123.334 123.438 123.542 123.646 123.646 123.542 123.438 123.334 123.334 123.438 123.438 123.542 123.542 123.646 123.646 123.854 123.542 123.438 123.542 123.75 123.854 123.854 123.542 123.75 123.438 123.438 123.23 123.23 123.438 123.334 123.23 125.52 124.063 124.167 124.167 124.063 123.854 124.271 123.958 123.958 124.063 124.167 124.167 124.375 124.479 124.063 123.542 123.854 123.854 123.646 122.605 123.646 123.646 123.646 123.438 123.23 123.646 123.646 123.646 123.542 123.854 123.646 124.271 124.271 124.271 124.583 124.583 124.479 124.375 124.479 124.583 124.375 124.375 124.583 124.687 124.687 124.791 124.583 124.583 124.583 124.687 124.583 124.791 124.999 124.895 124.999 124.687 124.687 124.687 124.583 124.687 124.583 124.687 
# name: power
# type: matrix
# rows: 1
# columns: 359
 0.0 0.0 0.0 0.0 0.0 0.0 0.0 0.0 0.0 0.0 0.0 0.0 0.0 0.0 0.0 0.0 0.0 0.0 0.0 0.0 0.0 0.0 0.0 0.0 0.0 0.0 0.0 0.0 0.0 0.0 0.0 0.0 0.0 0.0 0.0 0.0 0.0 0.0 0.0 0.0 0.0 0.0 0.0 0.0 0.0 0.0 0.0 0.0 0.0 0.0 0.0 0.0 0.0 0.0 0.0 0.0 0.0 0.0 0.0 0.0 0.0 0.0 0.0 0.0 0.0 0.0 0.0 0.0 0.0 0.0 16.444 16.444 16.444 16.548 16.444 0.0 0.0 0.0 0.0 0.0 0.0 0.0 0.0 0.0 0.0 0.0 0.0 0.0 0.0 0.0 0.0 0.0 0.0 0.0 0.0 0.0 0.0 0.0 0.0 0.0 0.0 0.0 0.0 0.0 0.0 0.0 0.0 0.0 0.0 0.0 0.0 0.0 0.0 0.0 0.0 0.0 0.0 0.0 0.0 0.0 0.0 0.0 0.0 0.0 0.0 0.0 0.0 0.0 0.0 0.0 0.0 0.0 0.0 0.0 0.52 16.444 16.444 16.34 16.236 16.34 0.0 0.0 0.0 0.0 0.0 0.0 0.0 0.0 0.0 0.0 0.0 0.0 0.0 0.0 0.0 0.0 0.0 0.0 0.0 0.0 0.0 0.0 101.165 100.853 103.143 99.188 99.604 99.083 99.083 99.188 98.667 98.875 98.251 97.73 97.626 97.314 97.21 96.898 96.794 96.794 96.794 96.377 96.065 96.169 95.961 95.857 95.441 95.232 95.128 95.024 95.128 94.92 94.712 94.816 94.4 94.4 94.192 93.984 93.671 93.879 93.359 93.463 92.735 92.526 92.422 92.214 92.006 91.694 91.382 91.382 91.069 90.861 90.653 90.445 90.341 90.133 90.133 89.82 89.612 89.612 89.508 89.3 88.988 88.988 88.78 88.78 88.571 88.363 88.363 88.363 88.363 88.155 88.051 87.843 87.635 87.739 87.531 87.322 87.322 87.218 87.114 87.114 86.802 86.698 86.594 86.49 86.386 86.178 86.282 86.073 85.969 85.969 85.865 85.761 85.657 85.449 85.449 85.345 85.241 85.241 85.033 84.929 84.929 84.72 84.616 84.616 84.408 84.408 84.2 84.2 84.096 83.888 83.888 83.784 83.68 83.576 83.471 83.576 83.367 83.263 83.263 83.159 82.847 82.743 82.847 82.743 82.639 82.639 82.535 82.431 82.431 82.327 82.223 82.327 82.118 81.91 81.806 98.563 81.91 82.014 82.014 81.91 81.702 81.702 81.702 81.598 81.494 81.598 81.494 81.494 81.39 81.39 81.182 81.078 81.078 80.974 80.765 80.974 80.869 80.869 80.765 80.661 80.765 80.661 80.661 80.453 80.557 80.453 80.557 80.453 80.453 80.557 80.453 80.453 80.349 80.349 80.349 80.245 80.245 80.141 80.141 80.141 80.037 80.037 80.037 79.933 79.933 79.933 79.829 79.933 79.933 79.829 79.725 79.725 79.621 79.621 79.621 79.516 79.516 
