# name: phAngle
# type: matrix
# rows: 1
# columns: 360
 351 352 352 352 351 351 352 352 351 351 351 352 352 296 296 296 296 296 296 296 296 296 296 296 296 296 296 296 296 296 296 296 296 296 296 296 296 295 296 296 296 296 296 296 296 296 296 296 296 295 296 296 296 296 296 296 296 296 296 296 296 296 296 296 296 296 296 296 296 296 296 296 296 296 296 296 296 296 296 296 296 296 295 296 296 296 296 296 296 296 296 296 296 296 296 296 296 296 296 296 296 296 296 296 296 296 296 296 296 296 296 296 296 296 296 296 296 296 296 296 296 296 296 296 296 296 296 296 296 296 296 296 296 296 296 296 296 296 296 296 296 296 296 296 296 296 296 296 297 296 296 296 296 296 296 296 296 296 296 296 296 296 296 296 296 296 296 296 296 296 296 296 296 296 296 296 297 296 296 296 296 296 296 296 297 296 296 296 297 296 296 296 296 296 296 296 296 296 296 296 297 296 296 296 296 296 296 296 296 296 296 296 296 296 296 296 296 296 296 354 356 354 354 354 354 354 354 352 352 352 352 352 352 352 352 352 352 352 352 352 352 352 352 352 352 352 352 352 352 352 352 352 352 352 352 352 352 352 352 352 352 352 352 352 352 352 352 352 352 352 352 352 352 352 352 352 352 352 352 352 352 352 352 352 352 352 352 352 352 352 352 352 352 352 352 352 352 352 352 352 352 352 352 352 352 352 352 352 352 352 352 352 352 352 352 352 352 352 352 352 352 352 352 352 352 352 352 352 352 352 352 296 296 296 296 296 296 296 296 296 296 295 296 296 296 296 296 296 296 296 296 296 296 296 296 296 296 296 296 296 
# name: freq
# type: matrix
# rows: 1
# columns: 360
 50.0 50.0 50.0 50.0 50.0 50.0 50.0 50.0 50.0 50.0 50.0 50.0 50.0 50.0 50.0 50.0 50.0 50.0 50.0 50.0 50.0 50.0 50.0 50.0 50.0 50.0 50.0 50.0 50.0 50.0 50.0 50.0 50.0 50.0 50.0 50.0 50.0 50.0 50.0 50.0 50.0 50.0 50.0 50.0 50.0 50.0 50.0 50.0 50.0 50.0 50.0 50.0 50.0 50.0 50.0 50.0 50.0 50.0 50.0 50.0 50.0 50.0 50.0 49.9 49.9 50.0 50.0 50.0 50.0 50.0 49.9 50.0 50.0 50.0 50.0 50.0 50.0 49.9 49.9 50.0 50.0 50.0 50.0 50.0 50.0 50.0 50.0 50.0 50.0 49.9 50.0 50.0 50.0 50.0 50.0 50.0 49.9 49.9 49.9 49.9 49.9 49.9 50.0 50.0 49.9 50.0 50.0 50.0 50.0 50.0 49.9 50.0 50.0 49.9 50.0 50.0 50.0 50.0 50.0 50.0 50.0 50.0 50.0 50.0 50.0 50.0 50.0 50.0 50.0 50.0 50.0 50.0 50.0 50.0 50.0 50.0 50.0 50.0 50.0 50.0 50.0 50.0 50.0 50.0 50.0 50.0 50.0 50.0 50.0 50.0 50.0 50.0 50.0 50.0 50.0 50.0 50.0 50.0 50.0 50.0 50.0 50.0 50.0 50.0 50.0 50.0 50.0 50.0 50.0 50.0 50.0 50.0 50.0 50.0 50.0 50.0 50.0 50.0 50.0 50.0 50.0 50.0 50.0 50.0 50.0 50.0 50.0 50.0 50.0 50.0 50.0 50.0 50.0 50.0 50.0 50.0 50.0 50.0 50.0 50.0 50.0 50.0 50.0 50.0 50.0 50.0 50.0 50.0 50.0 50.0 50.0 50.0 50.0 50.0 50.0 50.0 50.0 50.0 50.0 50.0 50.0 50.0 50.0 50.0 50.0 50.0 50.0 50.0 50.0 50.0 50.0 50.0 50.0 50.0 50.0 50.0 50.0 50.0 50.0 50.0 50.0 50.0 50.0 50.0 50.0 50.0 50.0 50.0 50.0 50.0 50.0 50.0 50.0 50.0 50.0 50.0 50.0 50.0 50.0 50.0 50.0 50.0 50.0 50.0 50.0 50.0 50.0 50.0 50.0 50.0 50.0 50.0 50.0 50.0 50.0 50.0 50.0 50.0 50.0 50.0 50.0 50.0 50.0 50.0 50.0 50.0 50.0 50.0 50.0 50.0 50.0 50.0 50.0 50.0 50.0 50.0 50.0 50.0 50.0 50.0 50.0 50.0 50.0 50.0 50.0 50.0 50.0 50.0 50.0 50.0 50.0 50.0 50.0 50.0 50.0 50.0 50.0 50.0 50.0 50.0 50.0 50.0 50.0 50.0 50.0 50.0 50.0 50.0 50.0 50.0 50.0 50.0 50.0 50.0 50.0 50.0 50.0 50.0 50.0 50.0 50.0 50.0 50.0 50.0 50.0 50.0 50.0 50.0 50.0 50.0 50.0 50.0 50.0 50.0 50.0 50.0 50.0 50.0 50.0 50.0 
# name: reacPower
# type: matrix
# rows: 1
# columns: 360
 -10.973 -10.869 -10.973 -10.973 -11.076 -10.973 -10.662 -10.766 -10.662 -10.869 -10.869 -10.973 -10.973 -3.726 -3.726 -3.726 -3.83 -3.726 -3.726 -3.726 -3.726 -3.726 -3.726 -3.726 -3.726 -3.726 -3.726 -3.726 -3.726 -3.726 -3.726 -3.726 -3.726 -3.726 -3.726 -3.726 -3.726 -3.623 -3.623 -3.726 -3.726 -3.726 -3.726 -3.726 -3.623 -3.726 -3.623 -3.726 -3.623 -3.726 -3.623 -3.726 -3.726 -3.726 -3.726 -3.726 -3.726 -3.726 -3.726 -3.726 -3.726 -3.726 -3.726 -3.726 -3.726 -3.726 -3.726 -3.726 -3.726 -3.726 -3.726 -3.726 -3.726 -3.726 -3.726 -3.726 -3.726 -3.726 -3.726 -3.726 -3.726 -3.726 -3.726 -3.726 -3.726 -3.726 -3.726 -3.726 -3.726 -3.726 -3.726 -3.726 -3.726 -3.726 -3.726 -3.726 -3.726 -3.726 -3.726 -3.726 -3.726 -3.623 -3.623 -3.726 -3.726 -3.726 -3.726 -3.726 -3.726 -3.726 -3.726 -3.726 -3.726 -3.726 -3.726 -3.726 -3.726 -3.726 -3.726 -3.726 -3.726 -3.726 -3.726 -3.83 -3.726 -3.726 -3.726 -3.726 -3.726 -3.726 -3.726 -3.726 -3.726 -3.726 -3.726 -3.726 -3.726 -3.726 -3.726 -3.726 -3.83 -3.726 -3.83 -3.83 -3.83 -3.83 -3.83 -3.83 -3.83 -3.83 -3.83 -3.83 -3.83 -3.83 -3.83 -3.83 -3.83 -3.83 -3.83 -3.83 -3.83 -3.83 -3.83 -3.83 -3.83 -3.83 -3.83 -3.83 -3.83 -3.83 -3.83 -3.83 -3.83 -3.83 -3.83 -3.83 -3.83 -3.83 -3.83 -3.83 -3.83 -3.83 -3.83 -3.83 -3.83 -3.83 -3.83 -3.83 -3.83 -3.83 -3.83 -3.83 -3.83 -3.83 -3.83 -3.83 -3.83 -3.726 -3.83 -3.83 -3.83 -3.83 -3.83 -3.83 -3.83 -3.83 -3.83 -3.83 -3.83 -3.83 -3.83 -3.83 -3.83 -3.83 -3.83 -3.83 -3.83 -3.83 -3.83 -8.695 -7.971 -8.281 -8.592 -8.902 -9.316 -9.42 -9.834 -10.559 -10.559 -10.662 -10.766 -10.973 -11.076 -11.18 -11.076 -11.076 -11.076 -11.076 -10.869 -11.076 -11.18 -11.076 -10.973 -10.973 -10.869 -11.076 -10.973 -11.076 -11.076 -10.973 -10.973 -10.973 -10.973 -10.869 -10.973 -10.973 -10.973 -10.973 -10.973 -10.869 -10.869 -11.076 -10.869 -11.076 -11.076 -10.869 -10.973 -11.076 -10.973 -11.076 -11.076 -10.973 -11.076 -11.076 -10.973 -10.973 -11.076 -11.076 -11.18 -11.18 -11.18 -11.18 -11.18 -11.18 -11.18 -11.076 -11.18 -11.18 -11.076 -10.973 -11.076 -11.18 -11.283 -11.18 -11.076 -11.076 -11.076 -11.076 -11.283 -11.18 -11.076 -11.18 -11.076 -11.076 -11.18 -11.18 -11.18 -11.18 -11.18 -11.076 -11.18 -11.076 -11.076 -11.076 -11.076 -11.076 -11.076 -11.076 -11.076 -11.18 -11.283 -11.18 -11.18 -11.076 -11.076 -11.18 -11.076 -11.076 -11.076 -11.076 -10.973 -3.83 -3.83 -3.726 -3.83 -3.83 -3.83 -3.726 -3.726 -3.726 -3.726 -3.726 -3.726 -3.726 -3.726 -3.726 -3.726 -3.726 -3.726 -3.726 -3.726 -3.726 -3.726 -3.726 -3.726 -3.726 -3.726 -3.83 -3.83 -3.83 
