# name: phAngle
# type: matrix
# rows: 1
# columns: 360
 274 275 274 274 274 275 275 274 274 274 274 275 274 274 274 274 274 275 275 274 274 275 274 274 274 274 275 274 274 274 274 274 274 274 274 275 274 275 275 274 274 275 274 274 274 275 274 275 275 275 274 274 275 275 275 274 275 275 274 274 21 49 48 49 49 49 49 49 50 51 51 51 51 51 51 51 51 51 51 51 51 51 51 52 52 52 52 52 274 274 274 275 275 275 275 274 275 274 274 274 275 274 275 274 274 275 274 274 275 275 274 275 274 274 274 275 275 275 275 274 274 274 274 275 275 274 275 275 274 275 275 275 274 274 274 275 274 274 274 275 274 274 274 275 274 274 275 274 274 274 274 47 50 50 50 50 50 50 50 52 52 52 52 52 52 52 52 53 53 52 52 52 53 53 53 53 53 53 53 53 274 274 274 275 274 274 274 274 274 274 274 274 275 274 274 275 274 274 275 274 274 274 274 274 274 274 274 274 274 274 274 274 274 274 274 274 275 274 274 274 275 274 274 274 274 274 274 275 274 274 274 274 274 274 274 274 274 275 275 274 275 274 43 49 50 50 50 50 50 50 51 52 52 52 52 52 53 52 52 52 53 53 52 53 52 53 52 53 53 53 53 274 274 274 274 274 274 274 274 274 274 274 274 275 275 274 274 274 274 274 274 274 274 274 274 275 274 274 274 274 274 275 274 274 274 274 274 274 274 275 274 274 274 274 274 274 274 274 274 274 274 274 274 274 274 274 274 274 275 274 274 274 274 45 50 49 49 48 48 49 50 50 51 52 52 51 51 52 51 51 51 51 52 52 52 52 52 52 52 52 
# name: freq
# type: matrix
# rows: 1
# columns: 360
 50.0 50.0 50.0 50.0 50.0 50.0 50.0 50.0 50.0 50.0 50.0 50.0 50.0 50.0 50.0 50.0 50.0 50.0 50.0 50.0 50.0 50.0 50.0 50.0 50.0 50.0 50.0 50.0 50.0 50.0 50.0 50.0 50.0 50.0 50.0 50.0 50.0 50.0 50.0 50.0 50.0 50.0 50.0 50.0 50.0 50.0 50.0 50.0 50.0 50.0 50.0 50.0 50.0 50.0 50.0 50.0 50.0 50.0 50.0 50.0 50.0 50.0 50.0 50.0 49.9 50.0 50.0 50.0 50.0 50.0 50.0 50.0 50.0 50.0 50.0 50.0 50.0 50.0 50.0 50.0 50.0 49.9 50.0 50.0 50.0 50.0 50.0 50.0 50.0 50.0 49.9 50.0 50.0 49.9 50.0 50.0 50.0 50.0 50.0 49.9 50.0 50.0 50.0 50.0 49.9 50.0 50.0 50.0 50.0 49.9 50.0 50.0 50.0 50.0 50.0 50.0 50.0 50.0 50.0 50.0 50.0 50.0 50.0 50.0 50.0 50.0 50.0 50.0 50.0 50.0 50.0 50.0 50.0 50.0 50.0 50.0 50.0 50.0 50.0 50.0 50.0 50.0 50.0 50.0 50.0 50.0 50.0 50.0 50.0 50.0 50.0 50.0 50.0 50.0 50.0 50.0 50.0 50.0 50.0 50.0 50.0 50.0 50.0 50.0 50.0 50.0 50.0 50.0 50.0 50.0 50.0 50.0 50.0 50.0 50.0 50.0 50.0 50.0 50.0 50.0 50.0 50.0 50.0 50.0 50.0 50.0 50.0 50.0 50.0 50.0 50.0 50.0 50.0 50.0 50.0 50.0 50.0 50.0 50.0 50.0 50.0 50.0 50.0 50.0 50.0 50.0 50.0 50.0 50.0 50.0 50.0 50.0 50.0 50.0 50.0 50.0 50.0 50.0 50.0 50.0 50.0 50.0 50.0 50.0 50.0 50.0 50.0 50.0 50.0 50.0 50.0 50.0 50.0 50.0 50.0 50.0 50.0 50.0 50.0 50.0 50.0 50.0 50.0 50.0 50.0 50.0 50.0 50.0 50.0 50.0 50.0 50.0 50.0 50.0 50.0 50.0 50.0 50.0 50.0 50.0 50.0 50.0 50.0 50.0 50.0 50.0 50.0 50.0 50.0 50.0 50.0 50.0 50.0 50.0 50.0 50.0 50.0 50.0 50.0 50.0 50.0 50.0 50.0 50.0 50.0 50.0 50.0 50.0 50.0 50.0 50.0 50.0 50.0 50.0 50.0 50.0 50.0 50.0 50.0 50.0 50.0 50.0 50.0 50.0 50.0 50.0 50.0 50.0 50.0 50.0 50.0 50.0 50.0 50.0 50.0 50.0 50.0 50.0 50.0 50.0 50.0 50.0 50.0 50.0 50.0 50.0 50.0 50.0 50.0 50.0 50.0 50.0 50.0 50.0 50.0 50.0 50.0 50.0 50.0 50.0 50.0 50.0 50.0 50.0 50.0 50.0 50.0 50.0 50.0 50.0 50.0 50.0 50.0 50.0 50.0 50.0 50.0 50.0 50.0 50.0 
# name: reacPower
# type: matrix
# rows: 1
# columns: 360
 -10.144 -10.248 -10.352 -10.248 -10.352 -10.041 -10.041 -10.144 -10.041 -10.041 -10.041 -10.144 -10.248 -10.352 -10.248 -10.352 -10.352 -10.144 -10.144 -10.144 -10.144 -10.041 -10.144 -10.041 -10.041 -9.937 -9.937 -10.041 -10.041 -9.937 -9.937 -10.041 -10.144 -10.041 -9.834 -9.834 -9.937 -9.73 -9.834 -9.937 -9.937 -9.937 -9.937 -9.937 -9.834 -9.834 -9.834 -9.834 -9.834 -9.834 -9.834 -10.041 -10.041 -9.937 -10.041 -10.144 -10.248 -10.144 -10.144 -10.248 346.275 158.282 158.075 159.214 159.421 159.939 159.421 160.353 159.524 159.11 158.179 159.731 158.179 158.903 158.489 157.454 156.936 157.351 156.108 156.729 155.384 157.868 158.075 159.731 159.007 159.628 159.421 159.731 -10.144 -10.144 -10.041 -9.937 -10.041 -10.041 -10.144 -10.144 -10.144 -10.041 -10.041 -9.937 -10.041 -9.834 -9.834 -10.144 -10.144 -10.041 -9.937 -10.041 -10.144 -10.041 -10.041 -10.041 -10.144 -10.144 -10.041 -10.144 -10.041 -10.041 -10.041 -10.144 -10.041 -10.041 -10.144 -10.455 -10.144 -10.041 -10.144 -10.144 -10.144 -10.144 -10.041 -10.144 -10.041 -10.144 -10.144 -10.144 -10.144 -10.041 -9.937 -10.041 -10.352 -10.248 -10.352 -10.352 -10.352 -10.352 -10.455 -10.559 -10.559 -10.559 -10.455 165.011 168.013 167.599 168.013 169.359 169.669 168.531 166.046 169.462 166.15 166.874 166.253 166.874 165.632 165.115 165.736 167.703 168.22 166.046 166.15 166.15 167.392 165.736 166.978 167.288 168.013 167.496 166.46 167.703 -10.662 -10.455 -10.559 -10.559 -10.559 -10.455 -10.455 -10.352 -10.455 -10.455 -10.455 -10.352 -10.455 -10.352 -10.352 -10.352 -10.352 -10.248 -10.455 -10.455 -10.455 -10.455 -10.455 -10.455 -10.455 -10.455 -10.455 -10.455 -10.352 -10.455 -10.352 -10.455 -10.455 -10.352 -10.352 -10.455 -10.455 -10.455 -10.352 -10.352 -10.455 -10.352 -10.352 -10.455 -10.352 -10.455 -10.455 -10.559 -10.455 -10.455 -10.559 -10.455 -10.455 -10.455 -10.455 -10.455 -10.455 -10.352 -10.455 -10.455 -10.455 -10.455 164.286 164.286 165.736 166.253 167.599 168.634 168.634 166.46 166.357 167.703 167.392 164.39 166.564 166.15 167.392 167.081 166.564 167.081 167.288 167.392 166.46 168.117 166.978 166.15 164.597 167.91 167.392 167.806 167.91 -10.662 -10.559 -10.559 -10.455 -10.559 -10.662 -10.662 -10.662 -10.662 -10.662 -10.559 -10.559 -10.559 -10.559 -10.559 -10.559 -10.559 -10.559 -10.559 -10.559 -10.559 -10.662 -10.559 -10.559 -10.662 -10.662 -10.559 -10.662 -10.559 -10.662 -10.662 -10.662 -10.662 -10.662 -10.559 -10.559 -10.559 -10.559 -10.455 -10.559 -10.559 -10.559 -10.455 -10.559 -10.455 -10.455 -10.455 -10.352 -10.455 -10.455 -10.455 -10.455 -10.455 -10.455 -10.455 -10.352 -10.455 -10.455 -10.352 -10.352 -10.455 -10.352 163.148 163.562 163.665 164.493 158.075 156.729 159.835 161.181 159.214 159.939 161.388 161.698 159.11 160.146 161.284 160.456 160.249 160.87 160.146 161.284 160.56 160.767 160.767 160.974 162.009 162.941 163.665 
