# name: phAngle
# type: matrix
# rows: 1
# columns: 360
 296 296 296 296 296 296 296 296 296 295 296 296 296 296 296 296 296 296 296 296 296 296 295 296 296 296 296 296 296 296 296 296 296 296 296 296 296 296 296 296 296 296 296 296 296 296 296 296 296 296 295 296 296 296 296 296 296 296 296 296 296 296 296 296 296 296 296 296 296 296 296 296 296 296 296 296 296 296 296 296 296 296 296 296 296 352 354 356 354 354 354 354 354 354 352 352 352 352 352 352 352 352 352 352 352 352 352 352 352 352 352 352 352 352 352 352 352 352 352 352 352 352 352 352 352 352 352 352 352 352 352 352 352 352 352 352 352 352 352 352 352 352 352 352 352 352 352 352 352 352 352 352 352 352 352 352 352 352 352 352 352 352 352 351 352 352 352 352 352 352 352 352 352 352 352 352 351 352 352 352 352 352 352 352 351 351 351 351 351 351 352 351 351 351 351 351 351 351 296 296 296 295 296 296 296 296 296 296 296 296 296 296 296 296 296 296 296 296 296 296 296 295 296 296 296 296 296 296 296 296 296 296 296 296 296 296 296 296 296 296 296 296 296 296 296 296 296 296 296 296 296 296 296 296 296 296 296 296 296 296 296 296 296 296 296 296 296 296 296 296 296 296 296 296 296 296 296 296 296 296 296 296 296 296 296 296 296 296 296 296 296 296 296 296 296 296 296 296 296 296 296 296 296 296 296 296 296 296 296 296 296 296 296 296 296 296 296 296 296 296 296 296 296 296 296 296 296 296 296 296 296 296 296 296 296 296 296 296 296 296 296 296 296 296 296 296 296 296 296 296 296 296 296 296 296 296 296 296 296 296 
# name: freq
# type: matrix
# rows: 1
# columns: 360
 50.0 50.0 50.0 50.0 50.0 50.0 50.0 50.0 50.0 50.0 50.0 50.0 50.0 50.0 50.0 50.0 50.0 50.0 50.0 50.0 50.0 50.0 50.0 50.0 50.0 50.0 50.0 50.0 50.0 50.0 50.0 50.0 50.0 50.0 50.0 50.0 50.0 50.0 50.0 50.0 50.0 50.0 50.0 50.0 50.0 50.0 50.0 50.0 50.0 50.0 50.0 50.0 50.0 50.0 50.0 50.0 50.0 50.0 50.0 50.0 50.0 50.0 50.0 50.0 50.0 50.0 50.0 50.0 50.0 50.0 50.0 50.0 50.0 50.0 50.0 50.0 50.0 50.0 50.0 50.0 50.0 50.0 50.0 50.0 50.0 50.0 50.0 50.0 50.0 50.0 50.0 50.0 50.0 50.0 50.0 50.0 50.0 50.0 50.0 50.0 50.0 50.0 50.0 50.0 50.0 50.0 50.0 50.0 50.0 50.0 50.0 50.0 50.0 50.0 50.0 50.0 50.0 50.0 50.0 50.0 50.0 50.0 50.0 50.0 50.0 50.0 50.0 50.0 50.0 50.0 50.0 50.0 50.0 50.0 50.0 50.0 50.0 50.0 50.0 50.0 50.0 50.0 50.0 50.0 50.0 50.0 50.0 50.0 50.0 50.0 50.0 50.0 50.0 50.0 50.0 50.0 50.0 50.0 50.0 50.0 50.0 50.0 50.0 50.0 50.0 50.0 50.0 50.0 50.0 50.0 50.0 50.0 50.0 50.0 50.0 50.0 50.0 50.0 50.0 50.0 50.0 50.0 50.0 50.0 50.0 50.0 50.0 50.0 50.0 50.0 50.0 50.0 50.0 50.0 50.0 50.0 50.0 50.0 50.0 50.0 50.0 50.0 50.0 50.0 50.0 50.0 50.0 50.0 50.0 50.0 50.0 50.0 50.0 50.0 50.0 50.0 50.0 50.0 50.0 50.0 50.0 50.0 50.0 50.0 50.0 50.0 50.0 50.0 50.0 50.0 50.0 50.0 50.0 50.0 50.0 50.0 50.0 50.0 50.0 50.0 50.0 50.0 50.0 50.0 50.0 50.0 50.0 50.0 50.0 50.0 50.0 50.0 50.0 50.0 50.0 50.0 50.0 50.0 50.0 50.0 50.0 50.0 50.0 50.0 50.0 50.0 50.0 50.0 50.0 50.0 50.0 50.0 50.0 50.0 50.0 50.0 50.0 50.0 50.0 50.0 50.0 50.0 50.0 50.0 50.0 50.0 50.0 50.0 50.0 50.0 50.0 50.0 50.0 50.0 50.0 50.0 50.0 50.0 50.0 50.0 50.0 50.0 50.0 50.0 50.0 50.0 50.0 50.0 50.0 50.0 50.0 50.0 50.0 50.0 50.0 50.0 50.0 50.0 50.0 50.0 50.0 50.0 50.0 50.0 50.0 50.0 50.0 50.0 50.0 50.0 50.0 50.0 50.0 50.0 50.0 50.0 50.0 50.0 50.0 50.0 50.0 50.0 50.0 50.0 50.0 50.0 50.0 50.0 50.0 50.0 50.0 50.0 50.0 50.0 50.0 50.0 50.0 50.0 50.0 50.0 
# name: reacPower
# type: matrix
# rows: 1
# columns: 360
 -3.726 -3.726 -3.726 -3.726 -3.726 -3.726 -3.726 -3.726 -3.726 -3.623 -3.726 -3.726 -3.726 -3.726 -3.726 -3.726 -3.83 -3.726 -3.726 -3.726 -3.726 -3.726 -3.726 -3.726 -3.726 -3.726 -3.726 -3.726 -3.726 -3.726 -3.726 -3.726 -3.726 -3.726 -3.726 -3.726 -3.726 -3.726 -3.726 -3.726 -3.726 -3.726 -3.726 -3.726 -3.726 -3.83 -3.83 -3.726 -3.623 -3.726 -3.726 -3.623 -3.623 -3.623 -3.726 -3.726 -3.726 -3.726 -3.726 -3.726 -3.726 -3.726 -3.726 -3.726 -3.726 -3.726 -3.726 -3.726 -3.726 -3.726 -3.726 -3.726 -3.726 -3.726 -3.726 -3.83 -3.726 -3.83 -3.83 -3.83 -3.83 -3.83 -3.83 -3.83 -3.83 -10.766 -8.488 -8.178 -8.385 -8.799 -9.006 -9.213 -9.73 -10.248 -10.455 -10.559 -10.352 -10.662 -10.869 -10.869 -10.869 -10.973 -10.869 -10.662 -10.973 -10.973 -10.973 -10.973 -10.559 -10.869 -10.766 -10.869 -10.766 -10.766 -10.869 -10.662 -10.766 -10.869 -10.869 -10.973 -10.869 -10.766 -10.766 -10.766 -10.766 -10.869 -10.869 -10.869 -10.973 -10.766 -10.766 -10.869 -10.766 -10.766 -10.869 -10.766 -10.662 -10.766 -10.766 -10.869 -10.766 -10.869 -10.973 -10.973 -10.869 -10.662 -10.869 -10.766 -10.766 -10.869 -10.973 -10.973 -10.766 -10.766 -10.869 -11.076 -10.973 -10.559 -10.559 -10.662 -10.559 -10.559 -10.662 -10.662 -10.559 -10.662 -10.662 -10.662 -10.869 -10.766 -10.869 -10.766 -10.766 -10.869 -10.869 -10.973 -10.973 -10.869 -10.766 -10.869 -10.869 -10.869 -10.766 -10.766 -10.766 -10.869 -10.973 -10.869 -10.352 -10.455 -10.559 -10.559 -10.559 -10.662 -10.662 -10.559 -10.455 -10.662 -3.726 -3.726 -3.623 -3.623 -3.726 -3.726 -3.726 -3.726 -3.726 -3.726 -3.726 -3.726 -3.726 -3.726 -3.726 -3.623 -3.623 -3.726 -3.726 -3.726 -3.623 -3.726 -3.726 -3.726 -3.726 -3.726 -3.726 -3.726 -3.726 -3.726 -3.726 -3.726 -3.726 -3.726 -3.726 -3.726 -3.726 -3.726 -3.726 -3.726 -3.726 -3.726 -3.726 -3.726 -3.726 -3.726 -3.726 -3.726 -3.726 -3.726 -3.726 -3.726 -3.726 -3.726 -3.726 -3.83 -3.726 -3.726 -3.726 -3.726 -3.726 -3.726 -3.726 -3.726 -3.726 -3.726 -3.726 -3.726 -3.726 -3.726 -3.726 -3.726 -3.726 -3.726 -3.726 -3.726 -3.726 -3.726 -3.726 -3.726 -3.726 -3.726 -3.726 -3.726 -3.726 -3.726 -3.726 -3.726 -3.726 -3.726 -3.726 -3.726 -3.726 -3.726 -3.726 -3.726 -3.726 -3.726 -3.726 -3.726 -3.726 -3.726 -3.726 -3.726 -3.726 -3.726 -3.726 -3.726 -3.726 -3.726 -3.726 -3.726 -3.726 -3.726 -3.726 -3.726 -3.726 -3.726 -3.726 -3.726 -3.83 -3.726 -3.726 -3.726 -3.726 -3.83 -3.726 -3.83 -3.726 -3.726 -3.726 -3.83 -3.83 -3.83 -3.726 -3.726 -3.726 -3.726 -3.726 -3.83 -3.726 -3.726 -3.726 -3.726 -3.726 -3.83 -3.726 -3.726 -3.726 -3.726 -3.726 -3.726 -3.726 -3.726 -3.726 -3.726 -3.726 -3.83 -3.726 -3.726 -3.83 -3.726 
