# name: phAngle
# type: matrix
# rows: 1
# columns: 360
 275 275 274 274 274 275 274 274 274 275 274 274 275 274 46 49 49 49 49 49 49 49 51 51 51 51 51 51 51 51 51 50 51 51 51 52 52 52 52 52 52 52 52 52 274 274 274 274 274 274 275 275 275 274 274 274 274 274 274 274 274 274 274 274 275 274 274 274 274 274 274 274 274 274 274 274 274 274 274 274 274 274 274 275 274 274 274 274 274 274 274 274 274 274 274 274 274 274 275 274 274 275 274 274 274 275 274 274 44 49 49 49 49 49 49 50 50 51 51 52 51 51 51 51 51 51 51 52 51 52 52 52 51 51 52 52 52 52 274 274 274 275 274 274 274 274 274 275 274 274 274 274 274 275 274 274 274 275 274 274 274 274 275 274 274 274 274 274 275 274 275 274 274 275 274 274 274 274 274 274 275 274 274 274 274 274 274 274 274 275 274 275 274 275 274 275 274 275 275 274 47 48 48 48 48 49 49 49 50 50 51 50 50 50 51 51 51 51 51 51 51 51 52 52 51 51 51 51 52 274 274 274 274 274 275 274 275 275 275 274 274 274 274 274 274 275 274 274 274 274 275 274 274 274 274 275 274 274 274 274 274 274 274 274 274 274 274 274 274 274 274 274 274 274 274 274 274 274 274 274 275 274 274 274 274 274 274 274 274 274 274 44 49 49 49 49 48 49 49 50 51 51 51 51 51 51 52 52 51 51 52 52 52 52 52 52 52 51 52 52 274 274 274 274 274 274 274 274 275 274 274 274 274 274 274 274 274 274 274 274 275 274 274 274 274 274 274 275 274 274 274 274 275 274 274 274 274 274 274 274 
# name: freq
# type: matrix
# rows: 1
# columns: 360
 50.0 50.0 50.0 50.0 50.0 50.0 50.0 50.0 50.0 50.0 50.0 50.0 50.0 50.0 50.0 50.0 50.0 50.0 50.0 50.0 50.0 50.0 50.0 50.0 50.0 50.0 50.0 50.0 50.0 50.0 50.0 50.0 50.0 50.0 50.0 50.0 50.0 50.0 50.0 50.0 50.0 50.0 50.0 50.0 50.0 50.0 50.0 50.0 50.0 50.0 50.0 50.0 50.0 50.0 50.0 50.0 50.0 50.0 50.0 50.0 50.0 50.0 50.0 50.0 50.0 50.0 50.0 50.0 50.0 50.0 50.0 50.0 50.0 50.0 50.0 50.0 50.0 50.0 50.0 50.0 50.0 50.0 50.0 50.0 50.0 50.0 50.0 50.0 50.0 50.0 50.0 50.0 50.0 50.0 50.0 50.0 50.0 50.0 50.0 50.0 50.0 50.0 50.0 50.0 50.0 50.0 50.0 50.0 50.0 50.0 50.0 50.0 50.0 50.0 50.0 50.0 50.0 50.0 50.0 50.0 50.0 50.0 50.0 50.0 50.0 50.0 50.0 50.0 50.0 50.0 50.0 50.0 50.0 50.0 50.0 50.0 50.0 50.0 50.0 50.0 50.0 50.0 50.0 50.0 50.0 50.0 50.0 50.0 50.0 50.0 50.0 50.0 50.0 50.0 50.0 50.0 50.0 50.0 50.0 50.0 50.0 50.0 50.0 50.0 50.0 50.0 50.0 50.0 50.0 50.0 50.0 50.0 50.0 50.0 50.0 50.0 50.0 50.0 50.0 50.0 50.0 50.0 50.0 50.0 50.0 50.0 50.0 50.0 50.0 50.0 50.0 50.0 50.0 50.0 50.0 50.0 50.0 50.0 50.0 50.0 50.0 50.0 50.0 50.0 50.0 50.0 50.0 50.0 50.0 50.0 50.0 50.0 50.0 50.0 50.0 50.0 50.0 50.0 50.0 50.0 50.0 50.0 50.0 50.0 50.0 50.0 50.0 50.0 50.0 50.0 50.0 50.0 50.0 50.0 50.0 50.0 50.0 50.0 50.0 50.0 50.0 50.0 50.0 50.0 50.0 50.0 50.0 50.0 50.0 50.0 50.0 50.0 50.0 50.0 50.0 50.0 50.0 50.0 50.0 50.0 50.0 50.0 50.0 50.0 50.0 50.0 50.0 50.0 50.0 50.0 50.0 50.0 50.0 50.0 50.0 50.0 50.0 50.0 50.0 50.0 50.0 50.0 50.0 50.0 50.0 50.0 50.0 50.0 50.0 50.0 50.0 50.0 50.0 50.0 50.0 50.0 50.0 50.0 50.0 50.0 50.0 50.0 50.0 50.0 50.0 50.0 50.0 50.0 50.0 50.0 50.0 50.0 50.0 50.0 50.0 50.0 50.1 50.0 50.0 50.0 50.0 50.0 50.1 50.0 50.0 50.0 50.0 50.0 50.0 50.0 50.0 50.0 50.0 50.0 50.0 50.0 50.0 50.0 50.0 50.0 50.0 50.0 50.0 50.0 50.0 50.0 50.0 50.1 50.0 50.0 50.0 50.1 50.0 50.1 50.0 50.0 50.0 50.0 50.1 50.0 
# name: reacPower
# type: matrix
# rows: 1
# columns: 360
 -10.041 -10.144 -10.144 -10.144 -10.041 -10.144 -10.041 -10.041 -10.041 -9.627 -10.144 -10.248 -9.937 -10.041 161.698 162.734 159.214 162.423 163.458 160.353 160.249 159.939 161.905 162.216 159.421 160.663 160.87 160.353 160.663 158.075 157.868 155.694 158.386 159.007 160.767 160.353 160.974 160.353 160.87 160.974 159.939 160.249 160.87 158.075 -10.248 -10.248 -10.144 -9.937 -9.73 -10.248 -9.523 -9.523 -9.627 -10.041 -10.041 -10.041 -10.041 -10.041 -10.144 -10.144 -10.041 -10.041 -10.041 -10.144 -10.041 -10.041 -10.041 -10.144 -10.144 -10.144 -10.144 -10.144 -10.144 -10.144 -10.248 -10.455 -10.455 -10.455 -10.455 -10.559 -10.455 -10.455 -10.559 -10.455 -10.352 -10.352 -10.455 -10.248 -10.248 -10.248 -10.248 -10.248 -10.352 -10.352 -10.352 -10.248 -10.144 -10.144 -10.248 -10.248 -10.248 -10.144 -10.144 -10.144 -10.144 -10.144 -10.248 -10.248 160.974 161.491 161.698 162.319 161.491 161.181 160.974 161.181 160.87 160.663 160.974 161.388 159.214 160.042 160.56 160.353 160.56 160.974 160.974 161.491 160.56 160.042 160.974 160.146 158.386 158.075 160.56 161.802 161.077 159.007 -10.041 -10.144 -10.144 -10.144 -10.248 -10.248 -10.144 -10.248 -10.248 -10.248 -10.248 -10.248 -10.248 -10.248 -10.144 -10.144 -10.248 -10.352 -10.144 -9.937 -9.937 -9.937 -9.834 -9.937 -10.041 -10.041 -9.937 -9.937 -10.041 -10.144 -10.144 -10.144 -10.144 -10.144 -10.144 -10.248 -10.144 -10.248 -10.041 -10.041 -10.144 -10.144 -10.144 -10.041 -10.041 -10.041 -9.834 -9.834 -10.041 -9.937 -9.627 -9.73 -9.73 -9.834 -9.834 -9.834 -9.834 -9.834 -9.834 -9.834 -9.937 -9.834 152.692 153.727 157.143 158.8 157.558 159.628 158.386 158.489 155.798 155.901 157.868 156.833 156.212 155.177 156.936 156.936 155.901 155.28 154.762 156.522 155.901 158.075 159.214 159.421 156.936 157.661 158.696 158.179 158.489 -10.041 -10.041 -10.041 -10.041 -10.041 -10.041 -10.041 -9.834 -9.937 -9.937 -10.041 -10.041 -10.144 -10.144 -10.144 -10.041 -10.248 -10.144 -10.144 -10.041 -10.041 -10.144 -10.144 -10.144 -10.352 -10.248 -10.144 -10.144 -10.144 -10.248 -10.144 -10.041 -10.041 -10.144 -10.144 -10.041 -10.144 -10.041 -10.144 -10.041 -10.248 -10.144 -10.248 -10.144 -10.144 -10.144 -10.248 -10.144 -10.144 -10.352 -10.248 -10.144 -10.144 -10.352 -10.248 -10.144 -10.144 -10.144 -10.144 -10.144 -10.041 -10.144 159.007 157.661 160.87 160.87 161.595 158.282 159.317 158.593 159.939 160.249 160.353 160.456 159.835 159.731 160.042 161.284 161.388 159.731 160.146 160.974 161.905 161.284 161.388 160.042 160.042 159.939 158.386 162.216 161.388 -10.248 -10.248 -10.248 -10.248 -10.144 -10.248 -10.144 -10.248 -10.144 -10.248 -10.248 -10.248 -10.144 -10.144 -10.144 -10.144 -10.144 -10.248 -10.144 -10.248 -10.248 -10.248 -10.248 -10.248 -10.041 -10.041 -10.144 -10.144 -10.144 -10.248 -10.248 -10.248 -10.144 -10.248 -10.248 -10.352 -10.248 -10.248 -10.248 -10.352 
