# name: phAngle
# type: matrix
# rows: 1
# columns: 358
 0 0 0 0 0 0 0 0 0 0 0 0 0 0 0 0 0 0 0 0 0 0 0 0 0 0 0 0 0 0 0 0 0 0 0 0 0 0 0 0 0 0 0 0 0 0 0 0 0 0 0 0 0 0 0 0 0 0 0 0 0 0 0 0 0 0 0 0 0 0 0 0 0 0 0 0 0 0 0 0 0 0 0 0 0 0 0 0 0 0 0 0 0 0 0 0 0 0 0 0 0 0 0 0 0 0 0 0 0 0 0 0 0 0 0 0 0 0 0 0 0 0 0 0 0 0 0 0 0 0 0 0 0 0 0 0 0 0 0 0 0 0 0 0 13 47 49 50 50 51 50 52 52 52 52 52 52 52 52 52 52 52 52 52 52 52 53 53 53 53 52 52 53 53 53 53 54 54 53 53 54 54 54 54 54 54 54 54 54 55 55 55 55 55 55 55 55 55 55 55 55 56 56 56 56 56 56 56 56 56 56 56 56 56 56 56 57 57 57 57 57 57 57 57 57 57 57 57 57 57 57 57 57 57 57 57 57 57 58 58 58 58 58 58 58 58 58 58 58 58 58 58 58 58 58 58 58 58 58 58 58 58 58 58 58 59 59 59 59 59 59 59 59 59 59 59 59 59 59 59 59 59 59 59 59 59 59 59 59 59 59 59 59 59 59 59 59 59 59 59 59 59 60 60 60 60 60 59 59 59 59 59 59 60 59 59 59 59 59 59 59 59 59 59 59 59 60 59 59 59 59 59 59 59 59 59 59 59 60 59 59 59 60 60 60 60 60 60 60 60 60 60 59 60 59 59 60 60 
# name: freq
# type: matrix
# rows: 1
# columns: 358
 50.0 50.0 50.0 50.0 50.0 50.0 50.0 50.0 50.0 50.0 50.0 50.0 50.0 50.0 50.0 50.0 50.0 50.0 50.0 50.0 50.0 50.0 50.0 50.0 50.0 50.0 50.0 50.0 50.0 50.0 50.0 50.0 50.0 50.0 50.0 50.0 50.0 50.0 50.0 50.0 50.0 50.0 50.0 50.0 50.0 50.0 50.0 50.0 50.0 50.0 50.0 50.0 50.0 50.0 50.0 50.0 50.0 50.0 50.0 50.0 50.0 50.0 50.0 50.0 50.0 50.0 50.0 50.0 50.0 50.0 50.0 50.0 50.0 50.0 50.0 50.0 50.0 50.0 50.0 50.0 50.0 50.0 50.0 50.0 50.0 50.0 50.0 50.0 50.0 50.0 50.0 50.0 50.0 50.0 50.0 50.0 50.0 50.0 50.0 50.0 50.0 50.0 50.0 50.0 50.0 50.0 50.0 50.0 50.0 50.0 50.0 50.0 50.0 50.0 50.0 50.0 50.0 50.0 50.0 50.0 50.0 50.0 50.0 50.0 50.0 50.0 50.0 50.0 50.0 50.0 50.0 50.0 50.0 50.0 50.0 50.0 50.0 50.0 50.0 50.0 50.0 50.0 50.0 50.0 50.0 50.0 50.0 50.0 50.0 50.0 50.0 50.0 50.0 50.0 50.0 50.0 50.0 50.0 50.0 50.0 50.0 50.0 50.0 50.0 50.0 50.0 50.0 50.0 50.0 50.0 50.0 50.0 50.0 50.0 50.0 50.0 50.0 50.0 50.0 50.0 50.0 50.0 50.0 50.0 50.0 50.0 50.0 50.0 50.0 50.0 50.0 50.0 50.0 50.0 50.0 50.0 50.0 50.0 50.0 50.0 50.0 50.0 50.0 50.0 50.0 50.0 50.0 50.0 50.0 50.0 50.0 50.0 50.0 50.0 50.0 50.0 50.0 50.0 50.0 50.0 50.0 50.0 50.0 50.0 50.0 50.0 50.0 50.0 50.0 50.0 50.0 50.0 50.0 50.0 50.0 50.0 50.0 50.0 50.0 50.0 50.0 50.0 50.0 50.0 50.0 50.0 50.0 50.0 50.0 50.0 50.0 50.0 50.0 50.0 50.0 50.0 50.0 50.0 50.0 50.0 50.0 50.0 50.0 50.0 50.0 50.0 50.0 50.0 50.0 50.0 50.0 50.0 50.0 50.0 50.0 50.0 50.0 50.0 50.0 50.0 50.0 50.0 50.0 50.0 50.0 50.0 50.0 50.0 50.0 50.0 50.0 50.0 50.0 50.0 50.0 50.0 50.0 50.0 50.0 50.0 50.0 50.0 50.0 50.0 50.0 50.0 50.0 50.0 50.0 50.0 50.0 50.0 50.0 50.0 50.0 50.0 50.0 50.0 50.0 50.0 50.0 50.0 50.0 50.0 50.0 50.0 50.0 50.0 50.0 50.0 50.0 50.0 50.0 50.0 50.0 50.0 50.0 50.0 50.0 50.0 50.0 50.0 50.0 50.0 50.0 50.0 50.0 50.0 50.0 50.0 50.0 50.0 50.0 50.0 50.0 50.0 50.0 50.0 
# name: reacPower
# type: matrix
# rows: 1
# columns: 358
 0.0 0.0 0.0 0.0 0.0 0.0 0.0 0.0 0.0 0.0 0.0 0.0 0.0 0.0 0.0 0.0 0.0 0.0 0.0 0.0 0.0 0.0 0.0 0.0 0.0 0.0 0.0 0.0 0.0 0.0 0.0 0.0 0.0 0.0 0.0 0.0 0.0 0.0 0.0 0.0 0.0 0.0 0.0 0.0 0.0 0.0 0.0 0.0 0.0 0.0 0.0 0.0 0.0 0.0 0.0 0.0 0.0 0.0 0.0 0.0 0.0 0.0 0.0 0.0 0.0 0.0 0.0 0.0 0.0 0.0 0.0 0.0 0.0 0.0 0.0 0.0 0.0 0.0 0.0 0.0 0.0 0.0 0.0 0.0 0.0 0.0 0.0 0.0 0.0 0.0 0.0 0.0 0.0 0.0 0.0 0.0 0.0 0.0 0.0 0.0 0.0 0.0 0.0 0.0 0.0 0.0 0.0 0.0 0.0 0.0 0.0 0.0 0.0 0.0 0.0 0.0 0.0 0.0 0.0 0.0 0.0 0.0 0.0 0.0 0.0 0.0 0.0 0.0 0.0 0.0 0.0 0.0 0.0 0.0 0.0 0.0 0.0 0.0 0.0 0.0 0.0 0.0 0.0 0.0 80.124 91.304 91.097 91.201 91.512 91.512 90.683 91.822 91.304 92.133 91.304 92.029 91.201 91.408 90.994 91.512 91.719 92.34 90.373 91.926 92.029 91.512 91.926 91.926 91.512 91.201 91.615 92.236 92.029 91.926 92.029 91.097 92.133 91.408 91.615 92.236 91.822 91.719 91.304 91.926 91.926 92.547 92.133 92.547 91.822 92.547 92.236 92.34 92.34 92.029 92.443 92.34 92.754 92.547 92.34 92.133 92.547 92.236 92.236 92.236 92.133 91.926 92.65 92.961 92.443 92.547 92.754 92.754 92.133 92.65 92.547 92.34 92.236 92.133 92.133 92.34 92.443 92.857 92.961 93.064 92.65 92.961 93.375 93.271 93.271 93.375 93.375 93.478 93.375 93.375 92.961 92.547 93.375 92.961 92.754 93.064 93.064 92.961 92.754 92.443 92.961 91.926 92.65 92.754 92.857 93.375 92.547 93.271 93.064 93.271 92.857 93.789 93.893 93.685 93.168 93.375 93.685 92.857 93.685 93.893 93.996 93.375 93.064 93.685 94.1 93.375 93.064 92.236 93.789 93.789 93.064 93.478 92.547 93.375 92.754 93.685 92.961 93.375 93.168 93.168 92.236 92.65 92.65 92.857 92.754 92.754 92.443 92.857 92.961 92.547 91.926 92.443 92.236 92.547 92.65 93.064 92.961 93.064 92.961 93.168 93.582 93.064 92.961 89.959 92.754 92.547 92.65 92.443 92.443 92.961 92.443 92.443 92.236 92.547 92.547 92.547 92.754 92.65 92.857 92.65 92.857 91.719 92.961 91.615 92.547 92.443 92.029 92.236 92.547 92.547 92.547 92.133 92.236 92.34 93.064 92.857 92.754 92.857 93.271 93.271 93.996 93.685 93.582 93.582 93.064 93.064 92.961 92.961 92.65 92.857 92.65 92.547 92.961 92.857 
# name: power
# type: matrix
# rows: 1
# columns: 358
 0.0 0.0 0.0 0.0 0.0 0.0 0.0 0.0 0.0 0.0 0.0 0.0 0.0 0.0 0.0 0.0 0.0 0.0 0.0 0.0 0.0 0.0 0.0 0.0 0.0 0.0 0.0 0.0 0.0 0.0 0.0 0.0 0.0 0.0 0.0 0.0 0.0 0.0 0.0 0.0 0.0 0.0 0.0 0.0 0.0 0.0 0.0 0.0 0.0 0.0 0.0 0.0 0.0 0.0 0.0 0.0 0.0 0.0 0.0 0.0 0.0 0.0 0.0 0.0 0.0 0.0 0.0 0.0 0.0 0.0 0.0 0.0 0.0 0.0 0.0 0.0 0.0 0.0 0.0 0.0 0.0 0.0 0.0 0.0 0.0 0.0 0.0 0.0 0.0 0.0 0.0 0.0 0.0 0.0 0.0 0.0 0.0 0.0 0.0 0.0 0.0 0.0 0.0 0.0 0.0 0.0 0.0 0.0 0.0 0.0 0.0 0.0 0.0 0.0 0.0 0.0 0.0 0.0 0.0 0.0 0.0 0.0 0.0 0.0 0.0 0.0 0.0 0.0 0.0 0.0 0.0 0.0 0.0 0.0 0.0 0.0 0.0 0.0 0.0 0.0 0.0 0.0 0.0 0.0 336.751 85.714 80.124 78.364 77.226 75.983 74.845 74.224 74.12 73.706 73.085 72.671 72.36 72.464 71.946 72.464 72.05 71.636 70.497 70.497 70.29 70.393 69.772 69.876 69.462 69.876 70.186 70.29 68.634 69.048 69.669 69.151 68.012 67.702 68.116 68.53 67.909 67.909 67.081 66.874 66.874 66.563 66.874 66.874 66.149 65.838 65.528 65.321 65.114 64.7 64.493 64.286 64.182 64.182 63.975 64.389 64.182 63.665 63.561 63.354 63.147 63.147 63.043 62.94 62.733 62.629 62.629 62.422 62.215 62.112 62.008 61.905 61.801 61.594 61.491 61.387 61.387 61.387 61.18 61.18 60.973 60.973 60.973 60.869 60.662 60.559 60.559 60.455 60.352 60.248 60.041 59.938 59.938 59.834 59.731 59.627 59.627 59.42 59.42 59.213 59.213 58.903 59.006 59.006 58.903 58.903 58.696 58.799 58.696 58.592 58.385 58.592 58.489 58.385 58.178 58.074 58.178 57.867 58.074 58.074 57.867 57.66 57.557 57.66 57.66 57.453 57.35 57.143 57.35 57.246 57.039 57.143 56.832 56.936 56.832 56.936 56.729 56.729 56.729 56.625 56.418 56.418 56.418 56.315 56.211 56.418 56.108 56.211 56.108 56.108 55.901 55.901 55.693 55.797 55.797 55.797 55.797 55.693 55.693 55.693 55.693 55.486 55.486 54.865 55.383 55.279 55.176 55.176 55.072 55.176 55.072 54.969 54.969 54.969 54.969 54.865 54.865 54.969 54.762 54.658 54.658 54.555 54.658 54.451 54.555 54.555 54.451 54.451 54.451 54.451 54.451 54.244 54.244 54.244 54.348 54.348 54.348 54.244 54.244 54.244 54.348 54.141 54.244 54.141 54.037 53.934 53.934 54.037 53.934 53.934 53.934 54.658 54.141 53.934 
