# name: phAngle
# type: matrix
# rows: 1
# columns: 360
 52 52 52 52 52 52 52 52 52 53 53 53 53 53 53 53 53 53 53 53 53 53 53 53 53 53 54 54 54 53 53 53 53 54 54 55 54 53 55 54 55 55 54 54 55 54 55 55 55 54 54 54 55 55 56 56 56 56 55 56 56 56 55 56 56 56 57 56 57 57 57 57 57 56 56 56 56 56 56 57 58 58 58 58 58 58 58 58 58 58 58 58 58 58 58 58 58 58 58 58 58 58 58 58 58 58 59 59 59 59 59 59 59 59 59 59 59 59 59 59 59 59 59 59 59 59 59 59 59 59 59 59 59 59 59 59 59 59 59 59 59 60 60 60 60 60 60 58 59 60 60 59 60 59 59 59 59 60 60 60 60 59 60 60 60 59 60 60 60 59 60 60 60 60 60 60 60 60 60 59 60 59 60 60 60 60 59 59 59 60 60 60 60 60 60 60 60 60 60 60 60 60 60 61 61 61 61 60 61 61 61 61 61 61 61 60 61 60 59 60 60 61 61 61 61 61 61 60 61 61 60 60 60 61 60 60 60 60 60 60 60 60 60 61 61 61 61 61 61 61 61 61 61 61 61 60 60 60 0 0 0 0 0 0 0 0 0 0 0 0 0 0 0 0 0 0 0 0 0 0 0 0 0 0 0 0 0 0 0 0 0 0 0 0 0 0 0 0 0 0 0 0 0 0 0 0 0 0 0 0 0 0 0 0 0 0 0 0 0 0 0 0 0 0 0 0 0 0 0 0 0 0 0 0 0 0 0 0 0 0 0 0 0 0 0 0 0 0 0 0 0 0 0 0 0 0 0 0 0 0 
# name: freq
# type: matrix
# rows: 1
# columns: 360
 50.0 50.0 50.0 50.0 50.0 50.0 50.0 50.0 50.0 50.0 50.0 50.0 50.0 50.0 50.0 50.0 50.0 50.0 50.0 50.0 50.0 50.0 50.0 50.0 50.0 50.0 50.0 50.0 50.0 50.0 50.0 50.0 50.0 50.0 50.0 50.0 50.0 50.0 50.0 50.0 50.0 50.0 50.0 50.0 50.0 50.0 50.0 50.0 50.0 50.0 50.0 50.0 50.0 50.0 50.0 50.0 50.0 50.0 50.0 50.0 50.0 50.0 50.0 50.0 50.0 50.0 50.0 50.0 50.0 50.0 50.0 50.0 50.0 50.0 50.0 50.0 50.0 50.0 50.0 50.0 50.0 50.0 50.0 50.0 50.0 50.0 50.0 50.0 50.0 50.0 50.0 50.0 50.0 50.0 50.0 50.0 50.0 50.0 50.0 50.0 50.0 50.0 50.0 50.0 50.0 50.0 50.0 50.0 50.0 50.0 50.0 50.0 50.0 50.0 50.0 50.0 50.0 50.0 50.0 50.0 50.0 50.0 50.0 50.0 50.0 50.0 50.0 50.0 50.0 50.0 50.0 50.0 50.0 50.0 50.0 50.0 50.0 50.0 50.0 50.0 50.0 50.0 50.0 50.0 50.0 50.0 50.0 50.0 50.0 50.0 50.0 50.0 50.0 50.0 50.0 50.0 50.0 50.0 50.0 50.0 50.0 50.0 50.0 50.0 50.0 50.0 50.0 50.0 50.0 50.0 50.0 50.0 50.0 50.0 50.0 50.0 50.0 50.0 50.0 50.0 50.0 50.0 50.0 50.0 50.0 50.0 50.0 50.0 50.0 50.0 50.0 50.0 50.0 50.0 50.0 50.0 50.0 50.0 50.0 50.0 50.0 50.0 50.0 50.0 50.0 50.0 50.0 50.0 50.0 50.0 50.0 50.0 50.0 50.0 50.0 50.0 50.0 50.0 50.0 50.0 50.0 50.0 50.0 50.0 50.0 50.0 50.0 50.0 50.0 50.0 50.0 50.0 50.0 50.0 50.0 50.0 50.0 50.0 50.0 50.0 50.0 50.0 50.0 50.0 50.0 50.0 50.0 50.0 50.0 50.0 50.0 50.0 50.0 50.0 50.0 50.0 50.0 50.0 50.0 50.0 50.0 50.0 50.0 50.0 50.0 50.0 50.0 50.0 50.0 50.0 50.0 50.0 50.0 50.0 50.0 50.0 50.0 50.0 50.0 50.0 50.0 50.0 50.0 50.0 50.0 50.0 50.0 50.0 50.0 50.0 50.0 50.0 50.0 50.0 50.0 50.0 50.0 50.0 50.0 50.0 50.0 50.0 50.0 50.0 50.0 50.0 50.0 50.0 50.0 50.0 50.0 50.0 50.0 50.0 50.0 50.0 50.0 50.0 50.0 50.0 50.0 50.0 50.0 50.0 50.0 50.0 50.0 50.0 50.0 50.0 50.0 50.0 50.0 50.0 50.0 50.0 50.0 50.0 50.0 50.0 50.0 50.0 50.0 50.0 50.0 50.0 50.0 50.0 50.0 50.0 50.0 50.0 50.0 50.0 50.0 50.0 50.0 50.0 50.0 50.0 
# name: reacPower
# type: matrix
# rows: 1
# columns: 360
 91.304 91.615 90.89 90.994 92.133 92.34 92.236 91.201 91.201 91.201 91.512 90.58 91.304 91.097 90.787 91.201 91.615 91.408 91.512 91.201 90.58 91.201 91.201 90.89 91.304 91.408 91.615 91.615 90.994 90.476 90.58 90.58 90.476 90.89 90.476 90.89 90.683 90.787 90.89 90.58 91.097 90.994 90.683 90.58 90.994 90.787 91.408 90.994 90.89 90.683 90.476 90.787 91.097 90.994 90.994 91.097 91.097 91.097 90.787 91.615 91.097 91.097 90.58 91.512 91.408 91.408 91.615 91.408 90.994 91.097 91.097 91.097 90.787 90.58 90.476 90.373 90.787 90.683 90.787 91.097 91.097 91.512 91.822 92.029 91.719 91.926 92.133 92.236 92.443 92.34 92.547 92.547 92.236 92.443 92.547 92.443 92.133 92.443 92.133 91.719 92.236 91.926 92.029 92.443 92.133 92.236 92.236 92.34 92.443 92.34 92.961 92.857 92.443 92.443 92.857 92.961 92.961 92.547 93.064 92.65 92.961 92.547 92.754 92.754 92.547 91.926 91.512 91.926 92.65 93.064 92.961 93.168 92.857 93.168 93.375 91.408 92.857 92.754 92.857 92.961 92.857 92.961 92.857 92.857 92.961 93.168 92.961 86.75 89.855 92.961 92.857 90.476 93.064 92.65 90.787 89.027 90.269 92.857 93.064 93.271 93.168 92.857 93.168 93.375 93.789 91.097 93.685 92.961 92.961 92.754 93.168 93.375 93.375 93.168 93.064 93.996 93.478 93.375 93.271 92.754 93.168 92.133 93.168 92.961 92.961 92.961 92.754 92.65 92.443 91.201 93.168 93.375 93.582 93.168 93.478 93.064 93.168 93.478 91.201 93.168 93.168 92.857 93.375 93.168 93.582 93.996 93.582 92.029 93.582 93.271 93.478 93.375 93.375 92.961 93.168 92.857 93.064 92.754 92.443 91.615 92.547 92.961 92.961 92.961 92.961 93.064 93.168 92.754 93.168 92.857 92.754 92.34 92.34 92.857 92.65 92.443 92.65 92.754 92.754 92.754 92.65 92.857 92.443 93.064 93.064 93.271 93.064 93.375 93.168 93.271 93.375 93.375 93.789 93.582 93.478 92.547 92.754 92.754 0.0 0.0 0.0 0.0 0.0 0.0 0.0 0.0 0.0 0.0 0.0 0.0 0.0 0.0 0.0 0.0 0.0 0.0 0.0 0.0 0.0 0.0 0.0 0.0 0.0 0.0 0.0 0.0 0.0 0.0 0.0 0.0 0.0 0.0 0.0 0.0 0.0 0.0 0.0 0.0 0.0 0.0 0.0 0.0 0.0 0.0 0.0 0.0 0.0 0.0 0.0 0.0 0.0 0.0 0.0 0.0 0.0 0.0 0.0 0.0 0.0 0.0 0.0 0.0 0.0 0.0 0.0 0.0 0.0 0.0 0.0 0.0 0.0 0.0 0.0 0.0 0.0 0.0 0.0 0.0 0.0 0.0 0.0 0.0 0.0 0.0 0.0 0.0 0.0 0.0 0.0 0.0 0.0 0.0 0.0 0.0 0.0 0.0 0.0 0.0 0.0 0.0 
# name: power
# type: matrix
# rows: 1
# columns: 360
 71.014 70.911 70.6 70.497 70.6 70.497 70.497 70.6 70.911 70.083 69.876 70.083 69.669 69.255 69.772 69.772 69.255 68.841 68.323 68.219 68.323 68.634 68.737 68.634 68.634 68.634 67.702 67.702 68.012 67.288 66.46 66.563 66.46 66.253 65.735 65.735 65.424 66.149 65.528 65.838 65.631 66.046 65.01 65.217 65.631 65.528 65.631 64.907 65.114 65.01 64.182 63.975 64.493 63.975 63.872 63.768 63.147 63.458 63.043 63.768 63.147 63.147 62.94 62.422 63.043 62.526 61.905 61.905 61.594 61.387 61.077 60.766 60.973 60.766 60.455 60.248 60.455 60.559 60.145 59.938 59.731 59.731 59.524 59.524 59.42 59.42 59.317 59.213 59.11 59.11 59.006 58.903 58.799 58.696 58.696 58.592 58.489 58.489 58.281 58.074 58.074 58.074 57.971 57.971 57.867 57.867 57.764 57.66 57.557 57.557 57.557 57.453 57.246 57.246 57.246 57.246 57.143 56.936 57.039 56.936 56.832 56.729 56.729 56.625 56.625 56.418 56.211 56.315 56.315 56.418 56.315 56.315 56.211 56.211 56.211 55.693 56.004 55.901 55.901 55.797 55.693 55.59 55.693 55.59 55.59 55.59 55.383 54.141 54.762 55.383 55.383 54.762 55.279 55.072 54.555 54.451 54.451 54.969 55.072 54.865 54.762 54.762 54.762 54.762 54.762 54.141 54.658 54.555 54.451 54.451 54.555 54.451 54.451 54.451 54.348 54.451 54.244 54.348 54.244 54.141 54.141 53.934 54.037 54.037 53.934 53.934 53.83 53.83 53.727 53.52 53.934 53.934 53.934 53.727 53.83 53.83 53.727 53.727 53.209 53.727 53.727 53.623 53.727 53.623 53.623 53.623 53.52 53.105 53.416 53.416 53.313 53.416 53.313 53.209 53.313 53.727 53.623 53.52 54.244 53.52 53.313 53.209 53.209 53.209 53.002 53.002 53.002 52.898 52.898 52.898 52.795 52.691 52.691 52.691 52.691 52.691 52.588 52.691 52.691 52.588 52.588 52.484 52.484 52.588 52.484 52.691 52.484 52.588 52.484 52.484 52.484 52.484 52.484 52.484 52.381 52.381 52.277 52.174 0.0 0.0 0.0 0.0 0.0 0.0 0.0 0.0 0.0 0.0 0.0 0.0 0.0 0.0 0.0 0.0 0.0 0.0 0.0 0.0 0.0 0.0 0.0 0.0 0.0 0.0 0.0 0.0 0.0 0.0 0.0 0.0 0.0 0.0 0.0 0.0 0.0 0.0 0.0 0.0 0.0 0.0 0.0 0.0 0.0 0.0 0.0 0.0 0.0 0.0 0.0 0.0 0.0 0.0 0.0 0.0 0.0 0.0 0.0 0.0 0.0 0.0 0.0 0.0 0.0 0.0 0.0 0.0 0.0 0.0 0.0 0.0 0.0 0.0 0.0 0.0 0.0 0.0 0.0 0.0 0.0 0.0 0.0 0.0 0.0 0.0 0.0 0.0 0.0 0.0 0.0 0.0 0.0 0.0 0.0 0.0 0.0 0.0 0.0 0.0 0.0 0.0 
