# name: phAngle
# type: matrix
# rows: 1
# columns: 359
 275 276 276 275 275 275 275 275 275 276 275 274 273 273 272 272 272 273 272 272 272 273 272 272 273 272 273 273 272 272 272 272 272 272 272 273 272 272 272 272 272 272 272 273 273 272 272 273 272 0 275 275 275 275 275 275 275 275 275 275 0 275 275 275 275 275 0 3 2 0 276 0 272 273 272 272 273 272 272 272 272 272 273 272 272 272 272 273 0 274 275 275 275 275 275 275 275 275 275 275 275 275 275 275 276 275 275 356 275 275 275 275 275 0 275 275 275 275 275 275 275 275 275 275 275 275 275 275 275 275 359 275 275 275 275 275 275 275 276 275 352 275 275 341 275 272 274 274 2 2 2 276 279 315 275 275 275 276 358 275 275 275 275 275 275 359 275 346 275 275 354 275 276 275 275 275 275 275 275 275 275 275 0 276 275 275 276 275 275 276 276 276 276 275 275 276 275 275 275 276 276 276 276 275 276 276 272 272 272 272 272 273 272 273 273 272 272 272 272 272 273 272 272 273 272 273 272 272 272 272 272 273 272 273 273 272 273 272 273 273 273 273 272 272 272 272 273 272 272 272 272 274 274 1 275 275 275 346 275 275 276 275 275 275 275 275 275 275 275 275 275 275 275 275 275 275 275 275 276 315 275 275 356 275 275 276 275 275 276 275 279 275 275 275 275 276 275 275 275 275 275 275 275 275 276 275 275 276 275 273 272 273 273 273 272 273 272 272 273 273 273 273 272 272 272 273 273 272 272 272 273 272 273 272 272 273 272 272 272 272 273 272 273 272 273 272 272 273 272 272 272 272 272 272 272 272 273 273 273 
# name: freq
# type: matrix
# rows: 1
# columns: 359
 50.0 50.0 50.0 50.0 50.0 50.0 50.0 50.0 50.0 50.0 50.0 50.0 50.0 50.0 50.0 50.0 50.0 50.0 50.0 50.0 50.0 50.0 50.0 50.0 50.0 50.0 50.0 50.0 50.0 50.0 50.0 50.0 50.0 50.0 50.0 50.0 50.0 50.0 50.0 50.0 50.0 50.0 50.0 50.0 50.0 50.0 50.0 50.0 50.0 50.0 50.0 50.0 50.0 50.0 50.0 50.0 50.0 50.0 50.0 50.0 50.0 50.0 50.0 50.0 50.0 50.0 50.0 50.0 50.0 50.0 50.0 50.0 50.0 50.0 50.0 50.0 50.0 50.0 50.0 50.0 50.0 50.0 50.0 50.0 50.0 50.0 50.0 50.0 50.0 50.0 50.0 50.0 50.0 50.0 50.0 50.0 50.0 50.0 50.0 50.0 50.0 50.0 50.0 50.0 50.0 50.0 50.0 50.0 50.0 50.0 50.0 50.0 50.0 50.0 50.0 50.0 50.0 50.0 50.0 50.0 50.0 50.0 50.0 50.0 50.0 50.0 50.0 50.0 50.0 50.0 50.0 50.0 50.0 50.0 50.0 50.0 50.0 50.0 50.0 50.0 50.0 50.0 50.0 50.0 50.0 50.0 50.0 50.0 50.0 50.0 50.0 50.0 50.0 50.0 50.0 50.0 50.0 50.0 50.0 50.0 50.0 50.0 50.0 50.0 50.0 50.0 50.0 50.0 50.0 50.0 50.0 50.0 50.0 50.0 50.0 50.0 50.0 50.0 50.0 50.0 50.0 50.0 50.0 50.0 50.0 50.0 50.0 50.0 50.0 50.0 50.0 50.0 50.0 50.0 50.0 50.0 50.0 50.0 50.0 50.0 50.0 50.0 50.0 50.0 50.0 50.0 50.0 50.0 50.0 50.0 50.0 50.0 50.0 50.0 50.0 50.0 50.0 50.0 50.0 50.0 50.0 50.0 50.0 50.0 50.0 50.0 50.0 50.0 50.0 50.0 50.0 50.0 50.0 50.0 50.0 50.0 50.0 50.0 50.0 50.0 50.0 50.0 50.0 50.0 50.0 50.0 50.0 50.0 50.0 50.0 50.0 50.0 50.0 50.0 50.0 50.0 50.0 50.0 50.0 50.0 50.0 50.0 50.0 50.0 50.0 50.0 50.0 50.0 50.0 50.0 50.0 50.0 50.0 50.0 50.0 50.0 50.0 50.0 50.0 50.0 50.0 50.0 50.0 50.0 50.0 50.0 50.0 50.0 50.0 50.0 50.0 50.0 50.0 50.0 50.0 50.0 50.0 50.0 50.0 50.0 50.0 50.0 50.0 50.0 50.0 50.0 50.0 50.0 50.0 50.0 50.0 50.0 50.0 50.0 50.0 50.0 50.0 50.0 50.0 50.0 50.0 50.0 50.0 50.0 50.0 50.0 50.0 50.0 50.0 50.0 50.0 50.0 50.0 50.0 50.0 50.0 50.0 50.0 50.0 50.0 50.0 50.0 50.0 50.0 50.0 50.0 50.0 50.0 50.0 50.0 50.0 50.0 50.0 50.0 50.0 50.0 50.0 50.0 50.0 
# name: reacPower
# type: matrix
# rows: 1
# columns: 359
 -3.226 -3.226 -3.33 -3.226 -3.226 -3.226 -3.226 -3.226 -3.226 -3.226 -3.226 -3.226 -3.226 -3.226 -3.226 -3.226 -3.226 -3.226 -3.226 -3.226 -3.226 -3.226 -3.226 -3.226 -3.226 -3.226 -3.226 -3.226 -3.226 -3.226 -3.226 -3.226 -3.226 -3.226 -3.226 -3.226 -3.226 -3.226 -3.226 -3.226 -3.226 -3.226 -3.226 -3.226 -3.226 -3.226 -3.226 -3.226 -3.226 -1.769 -3.226 -3.33 -3.33 -3.33 -3.33 -3.33 -3.33 -3.33 -3.33 -3.226 -2.497 -3.226 -3.226 -3.226 -3.33 -3.33 -1.665 47.564 47.252 -1.04 -1.873 0.0 -3.226 -3.226 -3.226 -3.226 -3.226 -3.226 -3.226 -3.226 -3.226 -3.226 -3.226 -3.226 -3.226 -3.226 -3.226 -3.226 -1.977 -3.33 -3.33 -3.33 -3.33 -3.33 -3.33 -3.33 -3.33 -3.226 -3.226 -3.33 -3.33 -3.33 -3.226 -3.226 -3.226 -3.33 -3.33 -3.85 -3.33 -3.33 -3.226 -3.33 -3.226 -2.497 -3.33 -3.33 -3.226 -3.226 -3.226 -3.33 -3.226 -3.33 -3.33 -3.226 -3.33 -3.33 -3.226 -3.33 -3.33 -3.33 -2.914 -3.33 -3.33 -3.33 -3.33 -3.33 -3.33 -3.226 -3.33 -3.226 -4.163 -3.226 -3.226 -3.018 -3.33 -3.226 -3.33 -3.226 47.044 46.627 46.315 -3.226 -3.226 -3.122 -3.226 -3.226 -3.226 -3.226 -4.371 -3.226 -3.226 -3.226 -3.226 -3.226 -3.226 -3.018 -3.33 -3.746 -3.226 -3.226 -2.497 -3.226 -3.226 -3.226 -3.226 -3.226 -3.226 -3.226 -3.226 -3.226 -3.226 -3.226 -2.601 -3.226 -3.226 -3.226 -3.226 -3.226 -3.226 -3.226 -3.226 -3.226 -3.226 -3.226 -3.226 -3.226 -3.226 -3.226 -3.226 -3.226 -3.226 -3.226 -3.226 -3.226 -3.226 -3.226 -3.226 -3.226 -3.226 -3.226 -3.226 -3.226 -3.226 -3.226 -3.226 -3.226 -3.226 -3.226 -3.226 -3.226 -3.226 -3.226 -3.226 -3.226 -3.226 -3.226 -3.226 -3.226 -3.226 -3.226 -3.226 -3.226 -3.226 -3.226 -3.226 -3.226 -3.226 -3.226 -3.226 -3.226 -3.226 -3.226 -3.226 -3.226 -3.226 -3.226 -3.226 -3.226 -3.226 -3.226 -3.226 -3.226 -3.33 28.205 -3.226 -3.33 -3.226 -3.018 -3.33 -3.33 -3.226 -3.33 -3.33 -3.33 -3.33 -3.33 -3.226 -3.33 -3.33 -3.33 -3.226 -3.33 -3.33 -3.33 -3.33 -3.33 -3.33 -3.33 -3.33 -3.642 -3.33 -3.33 -2.185 -3.33 -3.33 -3.33 -3.33 -3.33 -3.33 -3.33 -3.33 -3.226 -3.33 -3.33 -3.33 -3.33 -3.33 -3.33 -3.33 -3.226 -3.33 -3.226 -3.226 -3.33 -3.33 -3.33 -3.33 -3.226 -3.33 -3.226 -3.33 -3.226 -3.226 -3.226 -3.226 -3.226 -3.226 -3.226 -3.226 -3.226 -3.226 -3.226 -3.226 -3.226 -3.33 -3.33 -3.33 -3.33 -3.33 -3.33 -3.33 -3.33 -3.33 -3.226 -3.226 -3.33 -3.33 -3.33 -3.33 -3.33 -3.226 -3.33 -3.33 -3.33 -3.33 -3.33 -3.33 -3.33 -3.33 -3.33 -3.33 -3.33 -3.33 -3.33 -3.33 -3.33 -3.33 -3.33 -3.33 
