# name: phAngle
# type: matrix
# rows: 1
# columns: 359
 0 0 0 0 0 0 0 0 0 0 0 0 0 0 0 0 0 0 0 0 0 0 0 0 0 0 0 0 0 0 0 0 0 0 0 0 0 0 0 0 0 0 0 0 0 0 0 0 0 0 0 0 0 0 0 0 0 0 0 0 0 0 0 0 0 0 0 0 0 0 0 0 0 0 0 0 0 0 0 0 0 0 0 0 0 0 0 0 0 0 0 0 0 0 0 0 0 0 0 0 0 0 0 0 0 0 0 0 0 0 0 0 0 0 0 0 0 0 0 0 0 0 0 0 0 0 0 0 0 0 0 0 0 0 0 0 0 0 0 0 0 0 0 0 0 0 0 0 0 0 0 0 0 0 0 0 0 0 0 0 0 0 0 0 0 0 0 0 0 0 0 0 0 0 0 0 0 0 0 0 0 315 315 315 1 1 0 315 359 307 307 307 307 307 307 307 307 307 307 307 307 307 307 307 307 307 307 307 307 358 307 307 307 307 307 307 307 307 307 307 307 307 307 307 307 307 307 0 307 307 307 34 37 0 307 0 307 307 307 307 307 307 307 307 307 307 307 307 307 297 297 297 297 297 297 297 297 297 297 297 297 297 359 297 0 297 297 297 297 297 297 297 297 297 297 297 297 297 297 297 297 297 297 297 297 297 297 297 297 297 297 297 297 297 297 297 297 297 297 297 297 297 297 297 297 297 297 297 297 297 297 297 297 297 297 297 297 297 297 297 297 297 297 297 297 297 297 20 37 297 355 297 0 297 297 297 297 297 297 297 297 297 297 297 297 297 297 297 297 297 297 297 297 297 297 297 297 297 297 
# name: freq
# type: matrix
# rows: 1
# columns: 359
 50.0 50.0 50.0 50.0 50.0 50.0 50.0 50.0 50.0 50.0 50.0 50.0 50.0 50.0 50.0 50.0 50.0 50.0 50.0 50.0 50.0 50.0 50.0 50.0 50.0 50.0 50.0 50.0 50.0 50.0 50.0 50.0 50.0 50.0 50.0 50.0 50.0 50.0 50.0 50.0 50.0 50.0 50.0 50.0 50.0 50.0 50.0 50.0 50.0 50.0 50.0 50.0 50.0 50.0 50.0 50.0 50.0 50.0 50.0 50.0 50.0 50.0 50.0 50.0 50.0 50.0 50.0 50.0 50.0 50.0 50.0 50.0 50.0 50.0 50.0 50.0 50.0 50.0 50.0 50.0 50.0 50.0 50.0 50.0 50.0 50.0 50.0 50.0 50.0 50.0 50.0 50.0 50.0 50.0 50.0 50.0 50.0 50.0 50.0 50.0 50.0 50.0 50.0 50.0 50.0 50.0 50.0 50.0 50.0 50.0 50.0 50.0 50.0 50.0 50.0 50.0 50.0 50.0 50.0 50.0 50.0 50.0 50.0 50.0 50.0 50.0 50.0 50.0 50.0 50.0 50.0 50.0 50.0 50.0 50.0 50.0 50.0 50.0 50.0 50.0 50.0 50.0 50.0 50.0 50.0 50.0 50.0 50.0 50.0 50.0 50.0 50.0 50.0 50.0 50.0 50.0 50.0 50.0 50.0 50.0 50.0 50.0 50.0 50.0 50.0 50.0 50.0 50.0 50.0 50.0 50.0 50.0 50.0 50.0 50.0 50.0 50.0 50.0 50.0 50.0 50.0 50.0 50.0 50.0 50.0 50.0 50.0 50.0 50.0 50.0 50.0 50.0 50.0 50.0 50.0 50.0 50.0 50.0 50.0 50.0 50.0 50.0 50.0 50.0 50.0 50.0 50.0 50.0 50.0 50.0 50.0 50.0 50.0 50.0 50.0 50.0 50.0 50.0 50.0 50.0 50.0 50.0 50.0 50.0 50.0 50.0 50.0 50.0 50.0 50.0 50.0 50.0 50.0 50.0 50.0 50.0 50.0 50.0 50.0 50.0 50.0 50.0 50.0 50.0 50.0 50.0 50.0 50.0 50.0 50.0 50.0 50.0 50.0 50.0 50.0 50.0 50.0 50.0 50.0 50.0 50.0 50.0 50.0 50.0 50.0 50.0 50.0 50.0 50.0 50.0 50.0 50.0 50.0 50.0 50.0 50.0 50.0 50.0 50.0 50.0 50.0 50.0 50.0 50.0 50.0 50.0 50.0 50.0 50.0 50.0 50.0 50.0 50.0 50.0 50.0 50.0 50.0 50.0 50.0 50.0 50.0 50.0 50.0 50.0 50.0 50.0 50.0 50.0 50.0 50.0 50.0 50.0 50.0 50.0 50.0 50.0 50.0 50.0 50.0 50.0 50.0 50.0 50.0 50.0 50.0 50.0 50.0 50.0 50.0 50.0 50.0 50.0 50.0 50.0 50.0 50.0 50.0 50.0 50.0 50.0 50.0 50.0 50.0 50.0 50.0 50.0 50.0 50.0 50.0 50.0 50.0 50.0 50.0 50.0 50.0 50.0 50.0 50.0 50.0 
# name: reacPower
# type: matrix
# rows: 1
# columns: 359
 0.0 0.0 0.0 0.0 0.0 0.0 0.0 0.0 0.0 0.0 0.0 0.0 0.0 0.0 0.0 0.0 0.0 0.0 0.0 0.0 0.0 0.0 0.0 0.0 0.0 0.0 0.0 0.0 0.0 0.0 0.0 0.0 0.0 0.0 0.0 0.0 0.0 0.0 0.0 0.0 0.0 0.0 0.0 0.0 0.0 0.0 0.0 0.0 0.0 0.0 0.0 0.0 0.0 0.0 0.0 0.0 0.0 0.0 0.0 0.0 0.0 0.0 0.0 0.0 0.0 0.0 0.0 0.0 0.0 0.0 0.0 0.0 0.0 0.0 0.0 0.0 0.0 0.0 0.0 0.0 0.0 0.0 0.0 0.0 0.0 0.0 0.0 0.0 0.0 0.0 0.0 0.0 0.0 0.0 0.0 0.0 0.0 0.0 0.0 0.0 0.0 0.0 0.0 0.0 0.0 0.0 0.0 0.0 0.0 0.0 0.0 0.0 0.0 0.0 0.0 0.0 0.0 0.0 0.0 0.0 0.0 0.0 0.0 0.0 0.0 0.0 0.0 0.0 0.0 0.0 0.0 0.0 0.0 0.0 0.0 0.0 0.0 0.0 0.0 0.0 0.0 0.0 0.0 0.0 0.0 0.0 0.0 0.0 0.0 0.0 0.0 0.0 0.0 0.0 0.0 0.0 0.0 0.0 0.0 0.0 0.0 0.0 0.0 0.0 0.0 0.0 0.0 0.0 0.0 0.0 0.0 0.0 0.0 0.0 0.0 0.0 0.0 0.0 0.0 -9.627 -9.42 -9.627 -9.523 -9.523 25.776 25.776 -9.523 -9.627 -11.697 -9.627 -9.627 -9.627 -9.73 -9.627 -9.627 -9.523 -9.627 -9.523 -9.627 -9.627 -9.523 -9.627 -9.627 -9.627 -9.523 -9.73 -9.73 -9.73 -9.627 -11.697 -9.73 -9.73 -9.73 -9.73 -9.834 -9.73 -9.834 -9.73 -9.73 -9.627 -9.73 -9.73 -9.73 -9.627 -9.523 -9.523 -9.627 -9.523 -9.523 -9.523 -9.523 38.199 39.544 -9.42 -9.42 -7.66 -9.42 -9.523 -9.523 -9.523 -9.523 -9.42 -9.42 -9.523 -9.42 -9.42 -9.316 -9.42 -9.523 -9.523 -9.42 -9.523 -9.42 -9.42 -9.42 -9.523 -9.42 -9.42 -9.42 -9.42 -9.316 -9.42 -11.387 -9.316 -11.283 -9.109 -9.316 -9.213 -9.213 -9.316 -9.213 -9.213 -9.213 -9.213 -9.213 -9.213 -9.213 -9.213 -9.213 -9.213 -9.213 -9.213 -9.213 -9.213 -9.213 -9.213 -9.213 -9.213 -9.213 -9.213 -9.213 -9.316 -9.316 -9.42 -9.42 -9.42 -9.42 -9.316 -9.316 -9.213 -9.213 -9.316 -9.213 -9.109 -9.213 -9.213 -9.213 -9.213 -9.213 -9.316 -9.213 -9.109 -9.109 -9.213 -9.213 -9.109 -9.109 -9.316 -9.316 -9.213 -9.316 -9.213 -9.42 -9.316 -9.42 -9.316 -9.42 9.42 38.716 -9.213 -10.869 -9.316 -9.316 -9.109 -9.109 -9.006 -9.316 -9.213 -9.42 -9.109 -9.109 -9.316 -9.213 -9.42 -9.316 -9.213 -9.42 -9.316 -9.42 -9.316 -9.316 -9.42 -9.213 -9.109 -9.109 -9.42 -9.213 -9.109 -9.316 
# name: power
# type: matrix
# rows: 1
# columns: 359
 0.0 0.0 0.0 0.0 0.0 0.0 0.0 0.0 0.0 0.0 0.0 0.0 0.0 0.0 0.0 0.0 0.0 0.0 0.0 0.0 0.0 0.0 0.0 0.0 0.0 0.0 0.0 0.0 0.0 0.0 0.0 0.0 0.0 0.0 0.0 0.0 0.0 0.0 0.0 0.0 0.0 0.0 0.0 0.0 0.0 0.0 0.0 0.0 0.0 0.0 0.0 0.0 0.0 0.0 0.0 0.0 0.0 0.0 0.0 0.0 0.0 0.0 0.0 0.0 0.0 0.0 0.0 0.0 0.0 0.0 0.0 0.0 0.0 0.0 0.0 0.0 0.0 0.0 0.0 0.0 0.0 0.0 0.0 0.0 0.0 0.0 0.0 0.0 0.0 0.0 0.0 0.0 0.0 0.0 0.0 0.0 0.0 0.0 0.0 0.0 0.0 0.0 0.0 0.0 0.0 0.0 0.0 0.0 0.0 0.0 0.0 0.0 0.0 0.0 0.0 0.0 0.0 0.0 0.0 0.0 0.0 0.0 0.0 0.0 0.0 0.0 0.0 0.0 0.0 0.0 0.0 0.0 0.0 0.0 0.0 0.0 0.0 0.0 0.0 0.0 0.0 0.0 0.0 0.0 0.0 0.0 0.0 0.0 0.0 0.0 0.0 0.0 0.0 0.0 0.0 0.0 0.0 0.0 0.0 0.0 0.0 0.0 0.0 0.0 0.0 0.0 0.0 0.0 0.0 0.0 0.0 0.0 0.0 0.0 0.0 0.0 0.0 0.0 0.0 1171.954 1164.708 8.902 8.488 8.488 1173.507 1177.337 1163.362 8.178 472.881 7.971 7.867 7.764 7.764 7.66 7.66 7.556 7.556 7.453 7.453 7.349 7.246 7.349 7.246 7.142 7.142 7.142 7.142 7.039 6.935 278.055 7.039 6.935 6.935 6.935 6.935 6.832 6.832 6.832 6.728 6.728 6.728 6.728 6.625 6.625 6.521 6.521 6.521 1164.5 6.521 6.521 6.418 55.693 52.277 1147.627 6.418 1001.559 6.418 6.314 6.314 6.314 6.314 6.211 6.211 6.211 6.211 6.211 6.107 6.211 6.107 6.107 6.107 6.107 6.107 6.107 6.107 6.107 6.004 6.004 6.004 6.004 6.004 6.004 509.941 6.004 924.851 6.004 5.9 5.9 5.797 5.9 5.9 5.797 5.797 5.797 5.797 5.797 5.797 5.797 5.797 5.797 5.693 5.693 5.693 5.693 5.693 5.693 5.693 5.693 5.693 5.693 5.693 5.693 5.693 5.693 5.693 5.693 5.693 5.693 5.59 5.59 5.59 5.59 5.59 5.59 5.59 5.59 5.59 5.59 5.59 5.59 5.59 5.486 5.486 5.486 5.486 5.486 5.486 5.59 5.486 5.486 5.486 5.486 5.59 5.486 5.486 5.486 5.486 23.809 51.139 5.59 111.905 5.486 1104.976 5.486 5.486 5.383 5.486 5.486 5.486 5.383 5.383 5.486 5.383 5.486 5.486 5.279 5.486 5.383 5.383 5.383 5.383 5.383 5.383 5.279 5.279 5.383 5.383 5.279 5.383 
