# name: phAngle
# type: matrix
# rows: 1
# columns: 359
 0 0 0 0 0 0 274 274 0 274 274 359 274 274 274 274 274 274 274 274 274 274 274 274 274 274 359 274 274 274 274 274 274 274 274 274 274 274 274 274 274 274 274 274 274 274 274 273 274 274 274 274 274 274 274 274 359 274 274 274 274 274 274 274 273 274 274 274 274 274 274 274 274 274 359 274 274 274 274 274 274 274 274 274 274 274 359 274 274 274 274 274 274 274 274 274 274 274 274 274 274 359 274 274 274 274 274 274 274 274 274 274 274 274 274 274 273 274 274 274 274 274 358 274 274 274 274 274 274 274 274 274 274 274 274 274 274 274 274 274 274 274 274 2 274 274 274 274 274 274 273 274 274 274 274 274 274 273 274 274 274 274 274 359 274 274 274 274 274 359 274 274 274 274 274 359 274 274 274 274 274 359 274 274 274 274 274 274 274 274 274 274 274 274 274 274 273 274 274 274 274 274 274 274 274 274 274 274 274 274 274 274 274 273 274 274 274 274 273 274 274 274 274 273 274 274 274 274 274 274 274 274 273 274 274 274 274 274 274 274 274 274 274 274 274 274 274 274 274 274 274 274 274 273 274 274 274 274 274 274 274 274 274 274 274 274 274 274 274 274 274 274 274 274 274 274 274 274 274 274 274 274 274 273 274 274 274 274 274 274 274 274 274 274 274 274 274 274 274 274 274 274 274 274 274 274 274 274 274 274 274 274 274 274 274 274 274 274 274 274 274 274 274 274 274 274 274 274 274 274 274 274 274 274 274 274 274 274 274 274 274 274 274 274 274 274 274 274 274 274 274 274 274 274 274 274 274 274 274 
# name: freq
# type: matrix
# rows: 1
# columns: 359
 50.0 50.0 50.0 50.0 50.0 50.0 50.0 50.0 50.0 50.0 50.0 50.0 50.0 50.0 50.0 50.0 50.0 50.0 50.0 50.0 50.0 50.0 50.0 50.0 50.0 50.0 50.0 50.0 50.0 50.0 50.0 50.0 50.0 50.0 50.0 50.0 50.0 50.0 50.0 50.0 50.0 50.0 50.0 50.0 50.0 50.0 50.0 50.0 50.0 50.0 50.0 50.0 50.0 50.0 50.0 50.0 50.0 50.0 50.0 50.0 50.0 50.0 50.0 50.0 50.0 50.0 50.0 50.0 50.0 50.0 50.0 50.0 50.0 50.0 50.0 50.0 50.0 50.0 50.0 50.0 50.0 50.0 50.0 50.0 50.0 50.0 50.0 50.0 50.0 50.0 50.0 50.0 50.0 50.0 50.0 50.0 50.0 50.0 50.0 50.0 50.0 50.0 50.0 50.0 50.0 50.0 50.0 50.0 50.0 50.0 50.0 50.0 50.0 50.0 50.0 50.0 50.0 50.0 50.0 50.0 50.0 50.0 50.0 50.0 50.0 50.0 50.0 50.0 50.0 50.0 50.0 50.0 50.0 50.0 50.0 50.0 50.0 50.0 50.0 50.0 50.0 50.0 50.0 50.0 50.0 50.0 50.0 50.0 50.0 50.0 50.0 50.0 50.0 50.0 50.0 50.0 50.0 50.0 50.0 50.0 50.0 50.0 50.0 50.0 50.0 50.0 50.0 50.0 50.0 50.0 50.0 50.0 50.0 50.0 50.0 50.0 50.0 50.0 50.0 50.0 50.0 50.0 50.0 50.0 50.0 50.0 50.0 50.0 50.0 50.0 50.0 50.0 50.0 50.0 50.0 50.0 50.0 50.0 50.0 50.0 50.0 50.0 50.0 50.0 50.0 50.0 50.0 50.0 50.0 50.0 50.0 50.0 50.0 50.0 50.0 50.0 50.0 50.0 50.0 50.0 50.0 50.0 50.0 50.0 50.0 50.0 50.0 50.0 50.0 50.0 50.0 50.0 50.0 50.0 50.0 50.0 50.0 50.0 50.0 50.0 50.0 50.0 50.0 50.0 50.0 50.0 50.0 50.0 50.0 50.0 50.0 50.0 50.0 50.0 50.0 50.0 50.0 50.0 50.0 50.0 50.0 50.0 50.0 50.0 50.0 50.0 50.0 50.0 50.0 50.0 50.0 50.0 50.0 50.0 50.0 50.0 50.0 50.0 50.0 50.0 50.0 50.0 50.0 50.0 50.0 50.0 50.0 50.0 50.0 50.0 50.0 50.0 50.0 50.0 50.0 50.0 50.0 50.0 50.0 50.0 50.0 50.0 50.0 50.0 50.0 50.0 50.0 50.0 50.0 50.0 50.0 50.0 50.0 50.0 50.0 50.0 50.0 50.0 50.0 50.0 50.0 50.0 50.0 50.0 50.0 50.0 50.0 50.0 50.0 50.0 50.0 50.0 50.0 50.0 50.0 50.0 50.0 50.0 50.0 50.0 50.0 50.0 50.0 50.0 50.0 50.0 50.0 50.0 50.0 50.0 50.0 50.0 50.0 50.0 50.0 50.0 50.0 50.0 50.0 
# name: reacPower
# type: matrix
# rows: 1
# columns: 359
 0.0 0.0 0.0 0.0 0.0 -8.846 -12.489 -12.489 -8.118 -12.489 -12.489 -9.887 -12.489 -12.489 -12.593 -12.489 -12.489 -12.593 -12.489 -12.489 -12.489 -12.489 -12.489 -12.489 -12.489 -12.489 -10.199 -12.385 -12.385 -12.489 -12.385 -12.489 -12.489 -12.489 -12.489 -12.489 -12.489 -12.489 -12.489 -12.489 -12.489 -12.385 -12.385 -12.489 -12.385 -12.593 -12.593 -12.489 -12.593 -12.385 -12.593 -12.489 -12.593 -12.385 -12.593 -12.489 -10.303 -12.489 -12.489 -12.489 -12.489 -12.489 -12.489 -12.489 -12.489 -12.489 -12.489 -12.489 -12.489 -12.489 -12.385 -12.489 -12.489 -12.489 -10.616 -12.489 -12.489 -12.489 -12.385 -12.385 -12.385 -12.489 -12.489 -12.489 -12.489 -12.489 -11.448 -12.385 -12.489 -12.489 -12.489 -12.489 -12.489 -12.489 -12.385 -12.489 -12.489 -12.489 -12.489 -12.489 -12.385 -12.489 -12.489 -12.489 -12.489 -12.489 -12.385 -12.489 -12.385 -12.489 -12.489 -12.385 -12.489 -12.489 -12.489 -12.489 -12.489 -12.385 -12.385 -12.385 -12.385 -12.385 -13.009 -12.385 -12.385 -12.385 -12.385 -12.489 -12.489 -12.489 -12.385 -12.385 -12.385 -12.385 -12.385 -12.489 -12.489 -12.489 -12.489 -12.489 -12.489 -12.489 -12.489 38.197 -12.489 -12.489 -12.489 -12.489 -12.489 -12.489 -12.489 -12.489 -12.489 -12.489 -12.489 -12.593 -12.489 -12.489 -12.489 -12.489 -12.489 -12.489 -12.489 -11.24 -12.489 -12.489 -12.489 -12.489 -12.489 -11.136 -12.489 -12.489 -12.489 -12.489 -12.489 -11.032 -12.489 -12.385 -12.489 -12.489 -12.489 -11.24 -12.489 -12.489 -12.489 -12.489 -12.489 -12.489 -12.489 -12.489 -12.489 -12.489 -12.489 -12.489 -12.489 -12.489 -12.489 -12.489 -12.489 -12.489 -12.489 -12.489 -12.489 -12.489 -12.489 -12.593 -12.489 -12.489 -12.489 -12.489 -12.489 -12.489 -12.489 -12.489 -12.489 -12.489 -12.489 -12.489 -12.489 -12.489 -12.489 -12.489 -12.489 -12.489 -12.489 -12.489 -12.489 -12.489 -12.489 -12.489 -12.489 -12.489 -12.489 -12.489 -12.489 -12.489 -12.489 -12.593 -12.489 -12.489 -12.489 -12.489 -12.489 -12.489 -12.489 -12.489 -12.489 -12.489 -12.489 -12.489 -12.489 -12.489 -12.489 -12.593 -12.593 -12.489 -12.593 -12.593 -12.593 -12.593 -12.593 -12.593 -12.593 -12.593 -12.489 -12.489 -12.489 -12.489 -12.489 -12.385 -12.489 -12.489 -12.489 -12.489 -12.489 -12.489 -12.489 -12.385 -12.489 -12.489 -12.489 -12.489 -12.489 -12.489 -12.489 -12.489 -12.489 -12.489 -12.489 -12.489 -12.489 -12.489 -12.489 -12.489 -12.489 -12.593 -12.593 -12.593 -12.593 -12.593 -12.489 -12.489 -12.489 -12.489 -12.489 -12.593 -12.489 -12.593 -12.593 -12.593 -12.489 -12.489 -12.489 -12.593 -12.489 -12.593 -12.489 -12.489 -12.489 -12.489 -12.489 -12.489 -12.489 -12.489 -12.385 -12.489 -12.489 -12.489 -12.489 -12.489 -12.489 -12.593 -12.489 -12.489 -12.489 -12.489 -12.489 -12.593 -12.593 -12.489 -12.593 -12.593 -12.593 -12.593 -12.593 -12.593 -12.593 -12.593 -12.593 -12.593 -12.593 -12.593 -12.593 -12.593 -12.489 -12.489 -12.489 -12.489 -12.489 
