# name: phAngle
# type: matrix
# rows: 1
# columns: 359
 274 274 0 274 275 0 274 2 2 274 274 358 274 274 274 274 274 274 273 274 274 274 274 274 274 274 274 273 274 274 274 274 274 273 274 273 274 274 274 274 274 274 274 274 273 274 274 274 274 274 274 274 274 274 274 274 274 274 274 274 274 274 274 274 274 359 274 274 274 274 273 359 274 274 274 274 274 274 274 274 359 274 274 274 274 274 274 274 274 274 274 274 274 274 274 274 355 274 274 274 274 274 355 274 274 274 274 274 274 274 274 274 274 274 345 2 1 274 274 359 274 274 274 274 274 274 274 274 274 274 274 274 274 274 274 274 274 274 274 274 274 274 274 274 274 274 274 274 274 274 274 274 274 274 274 274 274 274 274 274 274 274 274 274 274 274 274 274 274 274 274 274 274 274 274 274 274 274 273 359 274 274 274 274 274 274 274 274 274 273 274 274 274 274 273 274 274 274 274 274 274 274 274 274 274 274 274 274 274 274 274 274 274 274 274 274 274 274 274 274 274 274 274 274 274 274 274 274 274 274 274 274 274 273 274 274 274 274 274 273 274 274 274 274 274 274 274 274 274 274 274 273 274 274 274 274 274 274 274 274 274 274 274 274 274 274 274 274 274 274 273 274 274 274 274 274 274 274 274 273 274 274 273 274 274 274 274 274 274 274 274 274 274 274 274 274 274 274 274 274 274 274 274 273 274 274 274 274 274 274 274 274 274 289 274 347 280 2 274 274 274 274 274 274 274 274 274 274 274 274 274 274 274 274 274 359 274 274 274 274 274 359 274 274 274 274 274 274 274 274 274 274 274 274 274 274 274 274 274 
# name: freq
# type: matrix
# rows: 1
# columns: 359
 50.0 50.0 50.0 50.0 50.0 50.0 50.0 50.0 50.0 50.0 50.0 50.0 50.0 50.0 50.0 50.0 50.0 50.0 50.0 50.0 50.0 50.0 50.0 50.0 50.0 50.0 50.0 50.0 50.0 50.0 50.0 50.0 50.0 50.0 50.0 50.0 50.0 50.0 50.0 50.0 50.0 50.0 50.0 50.0 50.0 50.0 50.0 50.0 50.0 50.0 50.0 50.0 50.0 50.0 50.0 50.0 50.0 50.0 50.0 50.0 50.0 50.0 50.0 50.0 50.0 50.0 50.0 50.0 50.0 50.0 50.0 50.0 50.0 50.0 50.0 50.0 50.0 50.0 50.0 50.0 50.0 50.0 50.0 50.0 50.0 50.0 50.0 50.0 50.0 50.0 50.0 50.0 50.0 50.0 50.0 50.0 50.0 50.0 50.0 50.0 50.0 50.0 50.0 50.0 50.0 50.0 50.0 50.0 50.0 50.0 50.0 50.0 50.0 50.0 50.0 50.0 50.0 50.0 50.0 50.0 50.0 50.0 50.0 50.0 50.0 50.0 50.0 50.0 50.0 50.0 50.0 50.0 50.0 50.0 50.0 50.0 50.0 50.0 50.0 50.0 50.0 50.0 50.0 50.0 50.0 50.0 50.0 50.0 50.0 50.0 50.0 50.0 50.0 50.0 50.0 50.0 50.0 50.0 50.0 50.0 50.0 50.0 50.0 50.0 50.0 50.0 50.0 50.0 50.0 50.0 50.0 50.0 50.0 50.0 50.0 50.0 50.0 50.0 50.0 50.0 50.0 50.0 50.0 50.0 50.0 50.0 50.0 50.0 50.0 50.0 50.0 50.0 50.0 50.0 50.0 50.0 50.0 50.0 50.0 50.0 50.0 50.0 50.0 50.0 50.0 50.0 50.0 50.0 50.0 50.0 50.0 50.0 50.0 50.0 50.0 50.0 50.0 50.0 50.0 50.0 50.0 50.0 50.0 50.0 50.0 50.0 50.0 50.0 50.0 50.0 50.0 50.0 50.0 50.0 50.0 50.0 50.0 50.0 50.0 50.0 50.0 50.0 50.0 50.0 50.0 50.0 50.0 50.0 50.0 50.0 50.0 50.0 50.0 50.0 50.0 50.0 50.0 50.0 50.0 50.0 50.0 50.0 50.0 50.0 50.0 50.0 50.0 50.0 50.0 50.0 50.0 50.0 50.0 50.0 50.0 50.0 50.0 50.0 50.0 50.0 50.0 50.0 50.0 50.0 50.0 50.0 50.0 50.0 50.0 50.0 50.0 50.0 50.0 50.0 50.0 50.0 50.0 50.0 50.0 50.0 50.0 50.0 50.0 50.0 50.0 50.0 50.0 50.0 50.0 50.0 50.0 50.0 50.0 50.0 50.0 50.0 50.0 50.0 50.0 50.0 50.0 50.0 50.0 50.0 50.0 50.0 50.0 50.0 50.0 50.0 50.0 50.0 50.0 50.0 50.0 50.0 50.0 50.0 50.0 50.0 50.0 50.0 50.0 50.0 50.0 50.0 50.0 50.0 50.0 50.0 50.0 50.0 50.0 50.0 50.0 50.0 50.0 50.0 50.0 
# name: reacPower
# type: matrix
# rows: 1
# columns: 359
 -12.489 -12.489 -10.512 -12.489 -12.489 -9.575 -12.489 36.011 37.26 -12.489 -12.489 -9.471 -12.489 -12.489 -12.489 -12.489 -12.489 -12.489 -12.489 -12.593 -12.593 -12.593 -12.593 -12.593 -12.593 -12.489 -12.489 -12.593 -12.593 -12.593 -12.489 -12.593 -12.593 -12.489 -12.489 -12.593 -12.593 -12.489 -12.489 -12.489 -12.489 -12.489 -12.489 -12.489 -12.489 -12.489 -12.489 -12.489 -12.489 -12.489 -12.489 -12.489 -12.489 -12.489 -12.489 -12.489 -12.489 -12.489 -12.489 -12.489 -12.593 -12.593 -12.593 -12.593 -12.593 -9.054 -12.593 -12.593 -12.489 -12.593 -12.593 -9.159 -12.593 -12.593 -12.593 -12.593 -12.593 -12.489 -12.489 -12.489 -9.159 -12.489 -12.489 -12.489 -12.489 -12.489 -12.489 -12.489 -12.489 -12.489 -12.489 -12.489 -12.593 -12.593 -12.593 -12.593 -13.842 -12.593 -12.593 -12.593 -12.593 -12.593 -13.842 -12.593 -12.593 -12.593 -12.593 -12.593 -12.593 -12.593 -12.593 -12.593 -12.593 -12.697 -12.489 38.509 5.62 -12.593 -12.593 -10.407 -12.593 -12.593 -12.489 -12.489 -12.489 -12.489 -12.593 -12.593 -12.593 -12.593 -12.593 -12.593 -12.593 -12.593 -12.593 -12.593 -12.593 -12.593 -12.697 -12.697 -12.593 -12.593 -12.593 -12.697 -12.593 -12.593 -12.593 -12.593 -12.697 -12.593 -12.593 -12.593 -12.593 -12.593 -12.593 -12.593 -12.593 -12.593 -12.593 -12.593 -12.489 -12.593 -12.593 -12.593 -12.593 -12.593 -12.593 -12.593 -12.593 -12.489 -12.593 -12.489 -12.489 -12.593 -12.593 -12.593 -12.593 -12.593 -12.593 -10.407 -12.489 -12.593 -12.593 -12.593 -12.593 -12.593 -12.697 -12.593 -12.593 -12.697 -12.593 -12.593 -12.593 -12.593 -12.697 -12.593 -12.593 -12.593 -12.593 -12.593 -12.593 -12.593 -12.593 -12.489 -12.489 -12.489 -12.593 -12.593 -12.593 -12.593 -12.593 -12.593 -12.593 -12.593 -12.593 -12.593 -12.489 -12.593 -12.593 -12.593 -12.593 -12.593 -12.593 -12.593 -12.593 -12.593 -12.593 -12.593 -12.593 -12.593 -12.593 -12.593 -12.593 -12.593 -12.593 -12.593 -12.593 -12.593 -12.593 -12.593 -12.593 -12.593 -12.593 -12.593 -12.593 -12.593 -12.593 -12.593 -12.593 -12.593 -12.593 -12.697 -12.697 -12.593 -12.593 -12.593 -12.593 -12.697 -12.593 -12.697 -12.697 -12.697 -12.697 -12.697 -12.593 -12.697 -12.697 -12.593 -12.593 -12.593 -12.593 -12.697 -12.593 -12.697 -12.697 -12.593 -12.593 -12.593 -12.697 -12.697 -12.697 -12.593 -12.593 -12.593 -12.697 -12.593 -12.593 -12.593 -12.593 -12.697 -12.697 -12.697 -12.593 -12.593 -12.697 -12.697 -12.697 -12.697 -12.697 -12.697 -12.697 -12.697 -12.697 -12.593 -12.593 -12.593 -12.593 -12.593 -12.697 -12.697 -12.593 -12.593 -12.697 -13.322 -12.593 -11.24 -13.009 38.405 -12.697 -12.593 -12.593 -12.593 -12.593 -12.593 -12.593 -12.697 -12.593 -12.697 -12.697 -12.697 -12.697 -12.593 -12.697 -12.697 -12.697 -10.407 -12.697 -12.697 -12.697 -12.697 -12.697 -10.407 -12.697 -12.697 -12.801 -12.697 -12.697 -12.697 -12.697 -12.801 -12.697 -12.801 -12.697 -12.697 -12.801 -12.801 -12.801 -12.697 -12.593 
