# name: phAngle
# type: matrix
# rows: 1
# columns: 359
 76 67 1 67 1 76 76 74 76 76 76 74 76 76 76 76 76 76 76 76 76 76 76 76 76 76 76 76 76 76 76 76 76 76 76 76 76 76 76 76 76 76 76 76 76 76 76 76 76 76 76 76 76 76 76 76 76 76 76 76 76 76 76 76 76 76 76 76 76 76 76 76 76 76 76 76 76 76 76 76 76 76 76 76 76 76 76 76 76 76 76 76 76 76 76 76 76 76 76 76 69 76 76 76 76 76 76 76 63 76 76 76 76 76 76 76 76 76 76 76 76 76 76 76 76 76 76 76 76 76 76 76 25 76 76 76 76 76 76 76 76 76 76 76 76 76 76 76 76 76 76 76 76 76 76 76 76 76 76 76 76 76 76 76 76 76 76 76 76 76 76 76 76 76 76 76 76 76 76 76 76 76 76 76 3 76 76 76 76 76 18 3 47 76 76 76 2 76 76 76 76 76 76 76 76 76 76 76 76 76 76 76 76 76 76 76 76 76 76 76 5 76 76 76 76 76 76 76 4 76 76 76 76 76 76 76 76 76 76 76 76 76 76 76 76 76 76 76 76 76 76 76 3 76 76 76 76 76 76 76 76 76 76 76 76 76 76 76 76 76 76 76 2 76 76 76 76 76 76 76 2 76 76 76 76 76 76 76 2 76 76 76 76 76 76 76 2 76 76 76 76 76 76 76 76 76 76 76 76 76 76 76 2 76 76 76 76 76 76 76 76 76 76 76 76 76 76 76 76 76 76 76 76 76 76 76 76 76 76 76 76 76 76 76 76 76 76 76 76 76 76 76 76 76 76 76 2 76 76 
# name: freq
# type: matrix
# rows: 1
# columns: 359
 50.0 50.0 50.0 50.0 50.0 50.0 50.0 50.0 50.0 50.0 50.0 50.0 50.0 50.0 50.0 50.0 50.0 50.0 50.0 50.0 50.0 50.0 50.0 50.0 50.0 50.0 50.0 50.0 50.0 50.0 50.0 50.0 50.0 50.0 50.0 50.0 50.0 50.0 50.0 50.0 50.0 50.0 50.0 50.0 50.0 50.0 50.0 50.0 50.0 50.0 50.0 50.0 50.0 50.0 50.0 50.0 50.0 50.0 50.0 50.0 50.0 50.0 50.0 50.0 50.0 50.0 50.0 50.0 50.0 50.0 50.0 50.0 50.0 50.0 50.0 50.0 50.0 50.0 50.0 50.0 50.0 50.0 50.0 50.0 50.0 50.0 50.0 50.0 50.0 50.0 50.0 50.0 50.0 50.0 50.0 50.0 50.0 50.0 50.0 50.0 50.0 50.0 50.0 50.0 50.0 50.0 50.0 50.0 50.0 50.0 50.0 50.0 50.0 50.0 50.0 50.0 50.0 50.0 50.0 50.0 50.0 50.0 50.0 50.0 50.0 50.0 50.0 50.0 50.0 50.0 50.0 50.0 50.0 50.0 50.0 50.0 50.0 50.0 50.0 50.0 50.0 50.0 50.0 50.0 50.0 50.0 50.0 50.0 50.0 50.0 50.0 50.0 50.0 50.0 50.0 50.0 50.0 50.0 50.0 50.0 50.0 50.0 50.0 50.0 50.0 50.0 50.0 50.0 50.0 50.0 50.0 50.0 50.0 50.0 50.0 50.0 50.0 50.0 50.0 50.0 50.0 50.0 50.0 50.0 50.0 50.0 50.0 50.0 50.0 50.0 50.0 50.0 50.0 50.0 50.0 50.0 50.0 50.0 50.0 50.0 50.0 50.0 50.0 50.0 50.0 50.0 50.0 50.0 50.0 50.0 50.0 50.0 50.0 50.0 50.0 50.0 50.0 50.0 50.0 50.0 50.0 50.0 50.0 50.0 50.0 50.0 50.0 50.0 50.0 50.0 50.0 50.0 50.0 50.0 50.0 50.0 50.0 50.0 50.0 50.0 50.0 50.0 50.0 50.0 50.0 50.0 50.0 50.0 50.0 50.0 50.0 50.0 50.0 50.0 50.0 50.0 50.0 50.0 50.0 50.0 50.0 50.0 50.0 50.0 50.0 50.0 50.0 50.0 50.0 50.0 50.0 50.0 50.0 50.0 50.0 50.0 50.0 50.0 50.0 50.0 50.0 50.0 50.0 50.0 50.0 50.0 50.0 50.0 50.0 50.0 50.0 50.0 50.0 50.0 50.0 50.0 50.0 50.0 50.0 50.0 50.0 50.0 50.0 50.0 50.0 50.0 50.0 50.0 50.0 50.0 50.0 50.0 50.0 50.0 50.0 50.0 50.0 50.0 50.0 50.0 50.0 50.0 50.0 50.0 50.0 50.0 50.0 50.0 50.0 50.0 50.0 50.0 50.0 50.0 50.0 50.0 50.0 50.0 50.0 50.0 50.0 50.0 50.0 50.0 50.0 50.0 50.0 50.0 50.0 50.0 50.0 50.0 50.0 50.0 50.0 50.0 50.0 50.0 50.0 
# name: reacPower
# type: matrix
# rows: 1
# columns: 359
 16.028 15.716 42.464 15.716 40.903 16.028 16.028 15.716 16.028 16.028 15.82 15.611 16.236 16.132 16.34 16.34 16.444 16.236 16.34 16.34 16.444 16.34 16.236 16.236 16.236 16.34 16.132 16.34 16.132 16.236 16.236 16.236 16.028 16.028 16.132 16.34 16.444 16.444 16.444 16.444 16.444 16.236 15.924 16.028 16.028 16.132 16.132 16.132 16.132 16.028 16.028 16.132 16.236 16.34 16.132 16.236 16.132 16.444 16.34 16.34 16.236 16.444 16.548 16.444 16.548 16.444 16.34 16.548 16.236 16.548 16.444 16.34 16.444 16.548 16.34 16.34 16.132 16.236 16.965 17.069 16.86 17.069 17.069 16.86 16.86 16.965 16.965 16.86 16.86 16.756 16.756 16.965 16.86 16.652 16.652 16.965 17.069 17.069 17.069 17.069 16.965 17.173 17.069 17.069 17.069 16.965 16.86 16.965 17.069 16.86 16.965 16.86 16.86 16.965 16.965 16.86 16.86 16.86 16.965 16.756 16.756 16.756 16.86 16.756 16.965 16.86 16.756 16.86 16.86 16.86 16.86 16.756 17.693 16.652 16.86 16.965 16.965 17.173 17.069 17.173 17.173 17.069 17.173 17.173 17.069 16.965 17.069 17.069 17.069 16.965 16.965 16.86 16.965 17.069 17.173 17.173 17.069 16.965 16.965 17.069 17.069 17.069 16.86 16.965 17.069 17.069 16.86 16.965 16.756 16.86 16.652 16.965 16.756 16.756 16.652 16.756 16.86 16.756 16.86 17.069 16.965 16.965 16.86 17.069 18.109 17.173 17.173 17.069 17.173 17.069 33.617 74.521 77.123 17.069 17.069 17.069 14.675 17.069 17.069 17.069 17.173 17.173 17.173 17.277 17.173 17.069 17.069 17.277 16.965 17.069 16.965 16.548 16.34 16.132 16.132 16.132 16.236 16.132 16.132 16.34 18.422 16.548 16.34 16.34 16.444 16.548 16.444 16.444 18.213 16.444 16.444 16.652 16.652 16.132 16.444 16.444 16.756 16.652 16.756 16.652 16.652 16.652 16.548 16.548 16.34 16.34 16.444 16.34 16.444 16.132 16.132 16.236 16.965 16.236 16.34 16.652 16.548 16.652 16.548 16.548 16.652 16.756 16.756 16.86 16.965 16.965 16.965 16.86 16.965 16.965 16.86 17.069 16.652 16.965 17.069 16.965 16.86 16.86 16.965 17.069 16.756 16.86 16.965 17.069 16.965 17.069 17.069 17.069 16.548 16.86 16.86 16.86 16.86 16.965 16.86 16.86 16.34 16.86 16.652 16.548 16.548 16.444 16.652 16.965 16.965 16.86 16.965 16.965 17.069 16.965 17.069 16.965 16.756 16.86 16.965 17.069 17.069 17.069 17.173 17.381 17.173 17.173 17.277 17.173 17.485 17.381 17.173 17.173 17.173 17.069 16.965 16.965 16.965 16.965 16.652 16.86 16.756 16.86 16.965 16.86 16.86 16.756 17.069 17.069 17.173 17.069 17.277 17.277 17.069 17.069 16.965 17.069 17.069 17.069 17.069 17.069 16.444 16.86 16.965 
# name: power
# type: matrix
# rows: 1
# columns: 359
 4.059 6.765 1505.305 6.869 1372.395 4.371 4.475 4.371 4.475 4.475 4.371 4.371 4.475 4.475 4.475 4.475 4.475 4.475 4.475 4.475 4.475 4.475 4.475 4.475 4.475 4.475 4.475 4.475 4.475 4.475 4.475 4.475 4.475 4.475 4.475 4.475 4.579 4.475 4.475 4.475 4.475 4.475 4.371 4.475 4.475 4.475 4.475 4.475 4.475 4.475 4.475 4.475 4.475 4.475 4.475 4.475 4.475 4.475 4.475 4.475 4.475 4.475 4.579 4.475 4.579 4.475 4.475 4.579 4.579 4.579 4.475 4.475 4.475 4.579 4.475 4.475 4.475 4.475 4.579 4.683 4.579 4.579 4.579 4.579 4.891 4.579 4.579 4.579 4.579 4.579 4.579 4.579 5.203 4.579 4.579 4.579 4.683 4.683 4.579 4.683 6.036 4.683 4.683 4.683 4.579 4.579 4.579 4.579 8.118 4.579 4.579 4.579 4.579 4.579 4.579 4.579 4.579 4.579 4.579 4.579 4.579 4.579 4.579 4.579 4.579 4.579 4.579 4.579 4.579 4.579 4.579 4.579 34.866 4.579 4.579 4.579 4.579 4.683 4.683 4.683 4.683 4.683 4.683 4.683 4.579 4.579 4.579 4.683 4.683 4.683 4.579 4.579 4.579 4.683 4.683 4.683 4.683 4.579 4.579 4.683 4.683 4.579 4.579 4.579 4.683 4.683 4.579 4.579 4.579 4.579 4.579 4.579 4.579 4.579 4.579 4.579 4.579 4.579 4.579 4.683 4.579 4.579 4.579 4.683 361.364 4.579 4.579 4.579 4.787 4.787 187.447 1429.847 72.439 5.62 4.683 4.683 315.361 4.683 4.683 4.683 4.787 4.787 4.787 4.787 4.787 4.787 4.787 4.787 4.683 4.683 4.683 4.683 4.579 4.579 4.579 4.579 4.579 4.579 4.579 4.579 131.869 4.579 4.579 4.579 4.579 4.579 4.579 4.579 93.359 4.579 4.579 4.683 4.683 4.579 4.579 4.579 4.683 4.683 4.683 4.683 4.683 4.683 4.683 4.579 4.579 4.579 4.579 4.579 4.579 4.579 4.579 4.579 339.195 4.579 4.579 4.683 4.579 4.683 4.683 4.579 4.683 4.683 4.683 4.683 4.683 4.683 4.683 4.683 4.683 4.683 4.683 4.787 389.154 4.683 4.683 4.683 4.683 4.683 4.683 4.683 375.415 4.683 4.683 4.683 4.683 4.683 4.683 4.683 361.26 4.683 4.683 4.683 4.683 4.683 4.683 4.683 360.74 4.683 4.683 4.683 4.683 4.579 4.683 4.683 4.683 4.683 4.683 4.683 4.683 4.683 4.683 4.683 348.042 4.683 4.683 4.787 4.787 4.787 4.787 4.787 4.787 4.787 4.787 4.787 4.787 4.787 4.787 4.787 4.787 4.683 4.683 4.683 4.683 4.683 4.683 4.683 4.683 4.683 4.683 4.683 4.683 4.683 4.683 4.787 4.683 4.683 4.787 4.787 4.787 4.787 4.683 4.683 4.787 4.787 4.683 4.683 388.321 4.683 4.683 
