# name: phAngle
# type: matrix
# rows: 1
# columns: 359
 273 273 273 273 273 273 273 273 273 273 273 273 273 273 273 273 273 273 273 273 273 273 273 273 273 273 273 273 273 273 273 273 273 273 273 273 273 273 273 273 273 273 273 273 273 273 273 273 273 273 273 273 273 273 273 273 273 273 273 273 273 0 273 273 273 273 273 273 273 273 273 273 273 273 273 273 273 273 273 273 273 273 273 273 273 273 273 273 273 273 273 273 273 273 273 273 39 2 273 273 273 273 273 273 273 273 273 273 273 273 273 273 273 273 273 273 273 273 273 273 273 273 273 273 273 273 273 273 273 273 273 273 273 273 273 273 273 273 273 273 273 273 273 273 273 273 273 273 273 273 273 273 273 273 273 273 273 273 273 273 273 273 273 273 273 273 273 273 273 273 0 273 273 273 273 273 273 273 273 273 273 273 273 273 273 273 273 273 273 273 273 273 273 273 273 273 273 273 273 273 273 273 273 273 273 273 273 273 273 273 273 273 273 273 273 0 273 273 273 273 273 273 273 273 273 273 273 273 273 273 273 273 273 273 273 273 273 273 273 273 273 273 273 273 273 273 273 273 273 273 273 273 273 273 273 273 273 273 273 273 0 273 273 273 273 273 273 273 273 273 273 273 273 273 273 273 273 273 273 273 273 273 273 273 273 273 273 273 273 273 273 273 273 273 273 273 273 273 273 273 273 273 273 273 273 273 273 273 273 273 273 273 273 273 273 273 273 273 273 273 273 273 273 273 273 273 273 273 284 273 273 273 273 273 273 273 273 273 273 273 273 273 273 273 273 273 273 273 273 273 273 273 273 273 273 273 273 273 273 
# name: freq
# type: matrix
# rows: 1
# columns: 359
 50.0 50.0 50.0 50.0 50.0 50.0 50.0 50.0 50.0 50.0 50.0 50.0 50.0 50.0 50.0 50.0 50.0 50.0 50.0 50.0 50.0 50.0 50.0 50.0 50.0 50.0 50.0 50.0 50.0 50.0 50.0 50.0 50.0 50.0 50.0 50.0 50.0 50.0 50.0 50.0 50.0 50.0 50.0 50.0 50.0 50.0 50.0 50.0 50.0 50.0 50.0 50.0 50.0 50.0 50.0 50.0 50.0 50.0 50.0 50.0 50.0 50.0 50.0 50.0 50.0 50.0 50.0 50.0 50.0 50.0 50.0 50.0 50.0 50.0 50.0 50.0 50.0 50.0 50.0 50.0 50.0 50.0 50.0 50.0 50.0 50.0 50.0 50.0 50.0 50.0 50.0 50.0 50.0 50.0 50.0 50.0 50.0 50.0 50.0 50.0 50.0 50.0 50.0 50.0 50.0 50.0 50.0 50.0 50.0 50.0 50.0 50.0 50.0 50.0 50.0 50.0 50.0 50.0 50.0 50.0 50.0 50.0 50.0 50.0 50.0 50.0 50.0 50.0 50.0 50.0 50.0 50.0 50.0 50.0 50.0 50.0 50.0 50.0 50.0 50.0 50.0 50.0 50.0 50.0 50.0 50.0 50.0 50.0 50.0 50.0 50.0 50.0 50.0 50.0 50.0 50.0 50.0 50.0 50.0 50.0 50.0 50.0 50.0 50.0 50.0 50.0 50.0 50.0 50.0 50.0 50.0 50.0 50.0 50.0 50.0 50.0 50.0 50.0 50.0 50.0 50.0 50.0 50.0 50.0 50.0 50.0 50.0 50.0 49.9 50.0 50.0 50.0 50.0 50.0 50.0 50.0 50.0 50.0 50.0 50.0 50.0 50.0 50.0 50.0 50.0 50.0 50.0 50.0 50.0 50.0 50.0 50.0 50.0 50.0 50.0 50.0 50.0 50.0 50.0 50.0 50.0 50.0 50.0 50.0 50.0 50.0 50.0 50.0 50.0 50.0 50.0 50.0 50.0 50.0 50.0 50.1 50.0 50.1 50.1 50.1 50.1 50.1 50.0 50.0 50.1 50.1 50.0 50.1 50.1 50.0 50.1 50.1 50.1 50.0 50.1 50.0 50.0 50.0 50.0 50.0 50.0 50.0 50.0 50.0 50.0 50.0 50.0 50.0 50.0 50.0 50.0 50.0 50.0 50.0 50.0 50.0 50.0 50.0 50.0 50.0 50.0 50.0 50.0 50.0 50.0 50.0 50.0 50.0 50.0 50.0 50.0 50.0 50.0 50.0 50.0 50.0 50.0 50.0 50.0 50.0 50.0 50.0 50.0 50.0 50.0 50.0 50.0 50.0 50.0 50.0 50.0 50.0 50.0 50.0 50.0 50.0 50.0 50.0 50.0 50.0 50.0 50.0 50.0 50.0 50.0 50.0 50.0 50.0 50.0 50.0 50.0 50.0 50.0 50.0 50.0 50.0 50.0 50.0 50.0 50.0 50.0 50.0 50.0 50.0 50.0 50.0 50.0 50.0 50.0 50.0 50.0 50.0 50.0 50.0 50.0 50.0 50.0 50.0 50.0 
# name: reacPower
# type: matrix
# rows: 1
# columns: 359
 -9.213 -9.213 -9.213 -9.213 -9.213 -9.213 -9.213 -9.213 -9.213 -9.213 -9.213 -9.213 -9.213 -9.213 -9.213 -9.213 -9.213 -9.213 -9.213 -9.213 -9.213 -9.213 -9.213 -9.213 -9.213 -9.213 -9.213 -9.213 -9.213 -9.213 -9.213 -9.213 -9.213 -9.213 -9.213 -9.213 -9.213 -9.213 -9.213 -9.213 -9.213 -9.213 -9.213 -9.213 -9.213 -9.213 -9.213 -9.213 -9.213 -9.213 -9.213 -9.213 -9.213 -9.213 -9.213 -9.213 -9.213 -9.213 -9.213 -9.213 -9.213 -9.42 -9.213 -9.213 -9.213 -9.213 -9.213 -9.213 -9.213 -9.213 -9.213 -9.213 -9.213 -9.213 -9.213 -9.213 -9.213 -9.213 -9.213 -9.213 -9.213 -9.213 -9.213 -9.213 -9.213 -9.213 -9.213 -9.213 -9.213 -9.213 -9.213 -9.213 -9.213 -9.213 -9.213 -9.316 48.344 43.892 -9.213 -9.213 -9.213 -9.213 -9.213 -9.213 -9.213 -9.213 -9.213 -9.213 -9.213 -9.213 -9.213 -9.213 -9.213 -9.213 -9.213 -9.213 -9.213 -9.213 -9.213 -9.213 -9.213 -9.213 -9.213 -9.213 -9.213 -9.213 -9.213 -9.213 -9.213 -9.213 -9.213 -9.213 -9.213 -9.213 -9.213 -9.213 -9.213 -9.213 -9.213 -9.213 -9.213 -9.213 -9.213 -9.213 -9.213 -9.213 -9.213 -9.213 -9.213 -9.213 -9.213 -9.213 -9.213 -9.213 -9.213 -9.213 -9.213 -9.213 -9.213 -9.213 -9.213 -9.213 -9.213 -9.213 -9.213 -9.213 -9.213 -9.213 -9.213 -9.213 -10.144 -9.213 -9.213 -9.213 -9.213 -9.213 -9.213 -9.213 -9.213 -9.213 -9.213 -9.213 -9.213 -9.213 -9.213 -9.213 -9.213 -9.213 -9.213 -9.213 -9.213 -9.213 -9.213 -9.213 -9.213 -9.213 -9.213 -9.213 -9.213 -9.213 -9.213 -9.213 -9.213 -9.213 -9.213 -9.213 -9.213 -9.213 -9.213 -9.213 -9.213 -9.213 -9.213 -9.213 -9.213 -9.42 -9.213 -9.213 -9.213 -9.213 -9.213 -9.213 -9.213 -9.213 -9.213 -9.213 -9.213 -9.213 -9.213 -9.213 -9.213 -9.213 -9.213 -9.213 -9.213 -9.213 -9.213 -9.213 -9.213 -9.316 -9.316 -9.316 -9.316 -9.316 -9.316 -9.316 -9.316 -9.316 -9.316 -9.316 -9.316 -9.316 -9.316 -9.316 -9.316 -9.316 -9.316 -9.316 -9.316 -9.316 -7.66 -9.316 -9.316 -9.316 -9.316 -9.316 -9.316 -9.316 -9.316 -9.316 -9.316 -9.316 -9.316 -9.316 -9.316 -9.316 -9.316 -9.316 -9.316 -9.316 -9.316 -9.316 -9.316 -9.316 -9.316 -9.316 -9.316 -9.316 -9.316 -9.316 -9.316 -9.316 -9.316 -9.316 -9.316 -9.316 -9.316 -9.316 -9.316 -9.316 -9.316 -9.316 -9.316 -9.316 -9.316 -9.316 -9.316 -9.316 -9.316 -9.316 -9.316 -9.316 -9.316 -9.316 -9.316 -9.316 -9.316 -9.316 -9.316 -9.316 -9.316 -9.316 -9.316 -9.316 -9.316 -9.213 -9.213 -9.213 -9.73 -9.316 -9.213 -9.316 -9.213 -9.316 -9.316 -9.316 -9.316 -9.316 -9.316 -9.316 -9.316 -9.316 -9.316 -9.316 -9.316 -9.316 -9.316 -9.316 -9.316 -9.316 -9.316 -9.316 -9.316 -9.316 -9.316 -9.213 -9.316 -9.213 -9.213 
