# name: phAngle
# type: matrix
# rows: 1
# columns: 358
 273 273 273 273 273 273 273 273 273 273 273 273 273 273 273 273 273 273 273 273 273 273 273 273 273 273 273 273 273 273 273 273 273 273 273 273 273 273 273 273 273 273 273 273 273 273 273 273 273 273 273 273 273 273 273 273 273 273 273 274 273 273 273 273 273 273 273 273 273 273 273 273 273 273 273 273 273 273 273 273 273 273 273 273 273 273 274 273 273 273 273 273 273 273 273 273 273 273 273 273 273 274 273 273 273 273 273 273 273 273 273 273 274 273 273 273 273 273 273 273 273 273 273 273 274 273 273 273 273 273 273 273 273 273 273 273 274 273 273 273 274 273 274 273 273 273 273 273 273 273 273 273 273 273 273 273 273 273 273 273 273 273 273 273 273 273 274 273 273 273 274 273 273 273 273 273 273 273 273 273 273 273 273 273 273 273 273 273 274 273 0 273 273 0 273 273 2 273 273 359 273 274 273 273 273 273 273 273 273 273 273 273 273 273 273 273 273 273 273 273 273 273 273 359 273 273 273 273 273 274 273 273 358 273 273 273 273 273 273 273 273 273 273 274 273 273 273 273 273 273 273 273 274 273 273 273 358 273 273 358 274 273 273 273 274 274 273 273 2 273 273 274 273 274 274 273 273 273 273 273 273 273 273 273 273 274 273 273 273 273 274 273 273 273 273 273 274 273 273 273 273 273 273 273 273 273 273 273 273 274 273 273 273 273 273 337 273 273 273 274 274 273 274 273 273 273 273 273 274 273 356 273 273 273 273 274 273 273 273 274 273 274 273 273 273 273 273 274 273 273 273 273 273 273 273 273 273 273 
# name: freq
# type: matrix
# rows: 1
# columns: 358
 50.0 50.0 50.0 50.0 50.0 50.0 50.0 50.0 50.0 50.0 50.0 50.0 50.0 50.0 50.0 50.0 50.0 50.0 50.0 50.0 50.0 50.0 50.0 50.0 50.0 50.0 50.0 50.0 50.0 50.0 50.0 50.0 50.0 50.0 50.0 50.0 50.0 50.0 50.0 50.0 50.0 50.0 50.0 50.0 50.0 50.0 50.0 50.0 50.0 50.0 50.0 50.0 50.0 50.0 50.0 50.0 50.0 50.0 50.0 50.0 50.0 50.1 50.0 50.0 50.0 50.0 50.0 50.0 50.0 50.0 50.0 50.0 50.0 50.0 50.0 50.0 50.0 50.0 50.0 50.0 50.0 50.0 50.0 50.0 50.0 50.0 50.0 50.0 50.0 50.0 50.0 50.0 50.0 50.0 50.0 50.0 50.0 50.0 50.0 50.0 50.0 50.0 50.0 50.0 50.0 50.0 50.0 50.0 50.0 50.0 50.0 50.0 50.0 50.0 50.0 50.0 50.0 50.0 50.0 50.0 50.0 50.0 50.0 50.0 50.0 50.0 50.0 50.0 50.0 50.0 50.0 50.0 50.0 50.0 50.0 50.0 50.0 50.0 50.0 50.0 50.0 50.0 50.0 50.0 50.0 50.0 50.0 50.0 50.0 50.0 50.0 50.0 50.0 50.0 50.0 50.0 50.0 50.0 50.0 50.0 50.0 50.0 50.0 50.0 50.0 50.0 50.0 50.0 50.0 50.0 50.0 50.0 50.0 50.0 50.0 50.0 50.0 50.0 50.0 50.0 50.0 50.0 50.0 50.0 50.0 50.0 50.0 50.0 50.0 50.0 50.0 50.0 50.0 50.0 50.0 50.0 50.0 50.0 50.0 50.0 50.0 50.0 50.0 50.0 50.0 50.0 50.0 50.0 50.0 50.0 50.0 50.0 50.0 50.0 50.0 50.0 50.0 50.0 50.0 50.0 50.0 50.0 50.0 50.0 50.0 50.0 50.0 50.0 50.0 50.0 50.0 50.0 50.0 50.0 50.0 50.0 50.0 50.0 50.0 50.0 50.0 50.0 50.0 50.0 50.0 50.0 50.0 50.0 50.0 50.0 50.0 50.0 50.0 50.0 50.0 50.0 50.0 50.0 50.0 50.0 50.0 50.0 50.0 50.0 50.0 50.0 50.0 50.0 50.0 50.0 50.0 50.0 50.0 50.0 50.0 50.0 50.0 50.0 50.0 49.9 50.0 50.0 50.0 50.0 50.0 50.0 50.0 50.0 50.0 50.0 50.0 50.0 50.0 50.0 50.0 50.0 50.0 50.0 50.0 50.0 50.0 50.0 50.0 50.0 50.0 50.0 50.0 50.0 50.0 50.0 50.0 50.0 50.0 50.0 50.0 50.0 50.0 50.0 50.0 50.0 50.0 50.0 50.0 50.0 50.0 50.0 50.0 50.0 50.0 50.0 50.0 50.0 50.0 50.0 50.0 50.0 50.0 50.0 50.0 50.0 50.0 50.0 50.0 50.0 50.0 50.0 50.0 50.0 50.0 50.0 50.0 50.0 50.0 50.0 50.0 50.0 50.0 50.0 
# name: reacPower
# type: matrix
# rows: 1
# columns: 358
 -12.422 -12.422 -12.318 -12.422 -12.422 -12.422 -12.422 -12.422 -12.318 -12.318 -12.422 -12.318 -12.318 -12.318 -12.318 -12.318 -12.318 -12.422 -12.318 -12.318 -12.318 -12.318 -12.318 -12.318 -12.318 -12.318 -12.422 -12.422 -12.422 -12.422 -12.422 -12.422 -12.422 -12.422 -12.422 -12.422 -12.422 -12.422 -12.318 -12.422 -12.318 -12.422 -12.318 -12.422 -12.318 -12.422 -12.318 -12.318 -12.318 -12.318 -12.318 -12.318 -12.318 -12.215 -12.215 -12.318 -12.318 -12.318 -12.318 -12.318 -12.318 -12.318 -12.318 -12.318 -12.318 -12.318 -12.318 -12.318 -12.318 -12.318 -12.318 -12.318 -12.318 -12.318 -12.318 -12.318 -12.318 -12.318 -12.318 -12.318 -12.318 -12.215 -12.318 -12.318 -12.422 -12.318 -12.422 -12.318 -12.422 -12.215 -12.215 -12.318 -12.318 -12.318 -12.318 -12.318 -12.215 -12.215 -12.318 -12.215 -12.215 -12.215 -12.215 -12.215 -12.215 -12.318 -12.111 -12.215 -12.215 -12.215 -12.215 -12.318 -12.215 -12.318 -12.318 -12.318 -12.215 -12.215 -12.215 -12.215 -12.215 -12.318 -12.215 -12.215 -12.215 -12.318 -12.215 -12.215 -12.215 -12.215 -12.215 -12.215 -12.215 -12.215 -12.215 -12.215 -12.215 -12.215 -12.215 -12.318 -12.215 -12.318 -12.215 -12.318 -12.215 -12.215 -12.215 -12.318 -12.215 -12.215 -12.215 -12.215 -12.215 -12.318 -12.215 -12.215 -12.318 -12.215 -12.215 -12.215 -11.801 -12.215 -12.318 -11.801 -12.215 -12.215 -11.801 -12.215 -12.318 -11.801 -12.215 -12.215 -11.801 -12.215 -12.215 -11.801 -12.215 -12.215 -12.215 -12.215 -12.215 -12.215 -12.215 -12.215 -12.215 -12.215 -12.215 -12.215 -12.215 -12.111 -10.662 -12.111 -12.215 -10.662 -12.215 -12.215 42.753 -12.215 -12.215 -14.182 -12.318 -12.215 -12.318 -12.215 -12.318 -12.215 -12.215 -12.215 -12.215 -12.215 -12.215 -12.215 -12.422 -12.318 -12.008 -12.318 -11.904 -11.904 -12.215 -11.904 -11.904 -12.215 -11.904 -13.871 -12.318 -11.904 -11.801 -12.318 -12.318 -12.318 -12.318 -12.318 -14.389 -12.318 -12.318 -12.318 -12.318 -12.318 -12.318 -12.318 -12.422 -12.422 -12.422 -12.422 -12.318 -12.422 -12.422 -12.422 -12.422 -12.422 -12.422 -12.422 -12.318 -12.422 -12.422 -12.422 -14.285 -12.422 -12.422 -14.389 -12.422 -12.422 -12.318 -12.422 -12.422 -12.422 -12.422 -12.525 42.753 -12.422 -12.422 -12.111 -12.111 -12.008 -12.008 -11.697 -11.697 -12.111 -11.801 -11.697 -12.008 -11.697 -11.594 -12.111 -11.697 -11.594 -12.008 -11.801 -11.594 -12.008 -11.801 -11.697 -12.008 -11.801 -11.697 -12.111 -11.801 -11.697 -12.111 -11.801 -11.697 -12.111 -11.904 -11.594 -12.111 -11.801 -11.697 -12.008 -12.008 -12.111 -12.111 -12.008 -12.111 -12.008 -12.008 -11.18 -12.008 -12.008 -12.111 -12.008 -12.008 -12.008 -12.008 -12.008 -12.111 -12.008 -12.008 -12.008 -12.008 -12.008 -10.144 -12.008 -12.008 -12.111 -12.111 -12.111 -12.111 -12.111 -12.111 -12.008 -12.111 -12.008 -12.008 -12.008 -12.008 -12.008 -12.111 -12.111 -12.111 -12.111 -12.215 -12.111 -12.111 -12.111 -12.111 -12.215 -12.111 -12.111 
