# name: phAngle
# type: matrix
# rows: 1
# columns: 357
 0 0 0 0 0 0 0 0 0 0 0 0 0 0 0 0 0 0 0 0 0 0 0 0 0 0 0 0 0 0 0 0 0 0 0 0 0 0 0 0 0 0 0 0 0 0 0 0 0 0 0 0 0 0 0 0 0 0 0 0 0 0 0 0 0 0 0 0 0 0 0 0 0 0 0 0 0 0 0 0 0 0 0 0 0 0 0 0 0 0 0 0 0 0 0 0 0 0 0 0 0 0 0 0 0 0 0 0 0 0 0 0 0 0 0 0 0 0 0 0 0 0 0 0 0 0 0 0 0 0 0 0 0 0 0 0 0 0 0 0 0 0 0 0 0 0 0 0 0 0 0 0 0 0 0 359 0 273 273 281 273 273 273 273 273 273 273 273 273 40 273 273 273 4 357 273 348 273 273 274 273 273 273 273 273 273 273 273 273 273 273 273 273 274 273 273 273 273 273 273 273 273 273 273 273 273 273 273 273 274 273 273 273 273 273 273 273 273 273 273 273 273 273 273 273 273 273 274 273 273 273 273 273 273 273 273 273 273 273 273 273 273 273 273 273 273 273 273 273 273 273 273 273 273 273 273 273 273 273 273 273 273 273 273 279 273 273 273 273 273 273 273 273 273 273 273 273 273 2 273 273 273 273 355 273 274 273 273 273 273 274 273 273 273 273 273 274 273 273 273 273 273 273 273 273 273 273 273 273 273 273 273 273 273 273 273 273 273 273 273 273 273 273 273 273 273 273 273 273 273 273 273 273 273 357 273 273 273 273 273 273 273 273 273 273 273 273 273 274 273 273 273 274 274 273 273 273 
# name: freq
# type: matrix
# rows: 1
# columns: 357
 50.0 50.0 50.0 50.0 50.0 50.0 50.0 50.0 50.0 50.0 50.0 50.0 50.0 50.0 50.0 50.0 50.0 50.0 50.0 50.0 50.0 50.0 50.0 50.0 50.0 50.0 50.0 50.0 50.0 50.0 50.0 50.0 50.0 50.0 50.0 50.0 50.0 50.0 50.0 50.0 50.0 50.0 50.0 50.0 50.0 50.0 50.0 50.0 50.0 50.0 50.0 50.0 50.0 50.0 50.0 50.0 50.0 50.0 50.0 50.0 50.0 50.0 50.0 50.0 50.0 50.0 50.0 50.0 50.0 50.0 50.0 50.0 50.0 50.0 50.0 50.0 50.0 50.0 50.0 50.0 50.0 50.0 50.0 50.0 50.0 50.0 50.0 50.0 50.0 50.0 50.0 50.0 50.0 50.0 50.0 50.0 50.0 50.0 50.0 50.0 50.0 50.0 50.0 50.0 50.0 50.0 50.0 50.0 50.0 50.0 50.0 50.0 50.0 50.0 50.0 50.0 50.0 50.0 50.0 50.0 50.0 50.0 50.0 50.0 50.0 50.0 50.0 50.0 50.0 50.0 50.0 50.0 50.0 50.0 50.0 50.0 50.0 50.0 50.0 50.0 50.0 50.0 50.0 50.0 50.0 50.0 50.0 50.0 50.0 50.0 50.0 50.0 50.0 50.0 50.0 50.0 50.0 50.0 50.0 50.0 50.0 50.0 50.0 50.0 50.0 50.0 50.0 50.0 50.0 50.0 50.0 50.0 50.0 50.0 50.0 50.0 50.0 50.0 50.0 50.0 50.0 50.0 50.0 50.0 50.0 50.0 50.0 50.0 50.0 50.0 50.0 50.0 50.0 50.0 50.0 50.0 50.0 50.0 50.0 50.0 50.0 50.0 50.0 50.0 50.0 50.0 50.0 50.0 50.0 50.0 50.0 50.0 50.0 50.0 50.0 50.0 50.0 50.0 50.0 50.0 50.0 50.0 50.0 50.0 50.0 50.0 50.0 50.0 50.0 50.0 50.0 50.0 50.0 50.0 50.0 50.0 50.0 50.0 50.0 50.0 50.0 50.1 50.0 50.0 50.0 50.0 50.0 50.0 50.0 50.0 50.0 50.0 50.0 50.0 50.0 50.0 50.0 50.0 50.0 50.0 50.0 50.0 50.0 50.0 50.0 50.0 50.0 50.0 50.0 50.0 50.0 50.0 50.0 50.0 50.0 50.0 50.0 50.0 50.0 50.0 50.0 50.0 50.0 50.0 50.0 50.0 50.0 50.0 50.0 50.0 50.0 50.0 50.0 50.0 50.0 50.0 50.0 50.0 50.0 50.0 50.0 50.0 50.0 50.0 50.0 50.0 50.0 50.0 50.0 50.0 50.0 50.0 50.0 50.0 50.0 50.0 50.0 50.0 50.0 50.0 50.0 50.0 50.0 50.0 50.0 50.0 50.0 50.0 50.0 50.0 50.0 50.0 50.0 50.0 50.0 50.0 50.0 50.0 50.0 50.0 50.0 50.0 50.0 50.0 50.0 50.0 50.0 50.0 50.0 50.0 50.0 50.0 50.0 50.0 50.0 50.0 50.0 
# name: reacPower
# type: matrix
# rows: 1
# columns: 357
 0.0 0.0 0.0 0.0 0.0 0.0 0.0 0.0 0.0 0.0 0.0 0.0 0.0 0.0 0.0 0.0 0.0 0.0 0.0 0.0 0.0 0.0 0.0 0.0 0.0 0.0 0.0 0.0 0.0 0.0 0.0 0.0 0.0 0.0 0.0 0.0 0.0 0.0 0.0 0.0 0.0 0.0 0.0 0.0 0.0 0.0 0.0 0.0 0.0 0.0 0.0 0.0 0.0 0.0 0.0 0.0 0.0 0.0 0.0 0.0 0.0 0.0 0.0 0.0 0.0 0.0 0.0 0.0 0.0 0.0 0.0 0.0 0.0 0.0 0.0 0.0 0.0 0.0 0.0 0.0 0.0 0.0 0.0 0.0 0.0 0.0 0.0 0.0 0.0 0.0 0.0 0.0 0.0 0.0 0.0 0.0 0.0 0.0 0.0 0.0 0.0 0.0 0.0 0.0 0.0 0.0 0.0 0.0 0.0 0.0 0.0 0.0 0.0 0.0 0.0 0.0 0.0 0.0 0.0 0.0 0.0 0.0 0.0 0.0 0.0 0.0 0.0 0.0 0.0 0.0 0.0 0.0 0.0 0.0 0.0 0.0 0.0 0.0 0.0 0.0 0.0 0.0 0.0 0.0 0.0 0.0 0.0 0.0 0.0 0.0 0.0 0.0 0.0 0.0 0.0 -10.662 -12.525 -12.422 -12.422 -12.318 -12.422 -12.318 -12.318 -12.318 -12.318 -12.422 -12.422 -12.318 -12.318 44.099 -12.318 -12.422 -12.318 43.892 -6.625 -12.215 -10.766 -12.215 -12.318 -12.318 -12.318 -12.318 -12.318 -12.318 -12.318 -11.801 -11.801 -12.215 -11.801 -11.801 -12.215 -11.904 -11.904 -12.318 -11.904 -11.904 -12.318 -11.904 -11.801 -12.318 -11.904 -12.318 -12.422 -12.318 -12.318 -12.318 -12.318 -12.318 -12.318 -12.318 -12.422 -12.318 -12.318 -12.318 -12.318 -12.318 -12.318 -12.318 -12.422 -12.422 -12.422 -12.318 -12.318 -12.318 -12.318 -12.318 -12.422 -12.318 -12.422 -12.318 -12.318 -12.318 -12.318 -12.318 -12.318 -12.318 -12.318 -12.318 -12.318 -12.318 -12.215 -12.215 -12.215 -12.215 -12.318 -12.318 -12.318 -12.318 -12.215 -12.215 -12.215 -12.318 -12.215 -12.215 -12.215 -12.318 -12.318 -12.318 -12.318 -12.318 -12.215 -12.215 -12.318 -11.904 -12.318 -11.904 -11.904 -12.111 -12.008 -12.008 -12.111 -12.008 -11.904 -12.111 -11.904 -11.904 -12.422 -12.422 43.168 -12.422 -12.422 -12.422 -12.318 -10.559 -12.318 -12.318 -12.318 -12.318 -12.318 -12.318 -12.422 -12.318 -12.318 -12.318 -12.318 -12.215 -12.215 -12.318 -12.215 -12.215 -12.215 -12.318 -12.318 -12.422 -12.318 -12.318 -12.422 -12.422 -12.318 -12.318 -12.215 -12.318 -12.318 -12.318 -12.318 -12.318 -12.215 -12.318 -12.318 -12.422 -12.422 -12.318 -12.318 -11.904 -12.318 -12.318 -11.904 -12.422 -12.215 -11.904 -12.318 -12.318 -11.904 -12.318 -10.455 -11.801 -12.318 -12.215 -11.801 -12.318 -12.215 -11.904 -12.318 -12.318 -12.318 -12.318 -12.318 -12.318 -12.318 -12.318 -12.318 -12.318 -12.318 -12.318 -12.318 -12.422 -12.422 
# name: power
# type: matrix
# rows: 1
# columns: 357
 0.0 0.0 0.0 0.0 0.0 0.0 0.0 0.0 0.0 0.0 0.0 0.0 0.0 0.0 0.0 0.0 0.0 0.0 0.0 0.0 0.0 0.0 0.0 0.0 0.0 0.0 0.0 0.0 0.0 0.0 0.0 0.0 0.0 0.0 0.0 0.0 0.0 0.0 0.0 0.0 0.0 0.0 0.0 0.0 0.0 0.0 0.0 0.0 0.0 0.0 0.0 0.0 0.0 0.0 0.0 0.0 0.0 0.0 0.0 0.0 0.0 0.0 0.0 0.0 0.0 0.0 0.0 0.0 0.0 0.0 0.0 0.0 0.0 0.0 0.0 0.0 0.0 0.0 0.0 0.0 0.0 0.0 0.0 0.0 0.0 0.0 0.0 0.0 0.0 0.0 0.0 0.0 0.0 0.0 0.0 0.0 0.0 0.0 0.0 0.0 0.0 0.0 0.0 0.0 0.0 0.0 0.0 0.0 0.0 0.0 0.0 0.0 0.0 0.0 0.0 0.0 0.0 0.0 0.0 0.0 0.0 0.0 0.0 0.0 0.0 0.0 0.0 0.0 0.0 0.0 0.0 0.0 0.0 0.0 0.0 0.0 0.0 0.0 0.0 0.0 0.0 0.0 0.0 0.0 0.0 0.0 0.0 0.0 0.0 0.0 0.0 0.0 0.0 0.0 0.0 569.258 1083.755 0.724 0.724 2.38 0.724 0.724 0.724 0.724 0.724 0.724 0.724 0.724 0.724 51.76 0.724 0.724 0.724 688.514 107.04 0.724 47.826 0.724 0.724 0.724 0.724 0.724 0.724 0.724 0.724 0.724 0.724 0.724 0.724 0.621 0.724 0.724 0.724 0.724 0.724 0.724 0.724 0.724 0.724 0.724 0.724 0.724 0.724 0.724 0.724 0.724 0.724 0.724 0.724 0.724 0.724 0.724 0.724 0.724 0.724 0.724 0.724 0.724 0.724 0.724 0.724 0.724 0.724 0.724 0.724 0.724 0.724 0.724 0.724 0.724 0.724 0.724 0.724 0.724 0.724 0.724 0.724 0.724 0.724 0.724 0.724 0.724 0.724 0.724 0.724 0.724 0.724 0.724 0.724 0.724 0.724 0.724 0.724 0.724 0.724 0.724 0.724 0.724 0.724 0.724 0.724 0.724 0.724 0.724 1.966 0.724 0.724 0.724 0.724 0.724 0.724 0.724 0.724 0.724 0.724 0.724 0.724 0.724 1140.07 0.724 0.724 0.724 0.724 109.628 0.724 0.724 0.724 0.724 0.724 0.724 0.724 0.724 0.724 0.724 0.724 0.724 0.724 0.724 0.724 0.724 0.724 0.724 0.724 0.724 0.724 0.724 0.724 0.724 0.724 0.724 0.724 0.724 0.724 0.724 0.724 0.724 0.724 0.724 0.724 0.724 0.724 0.724 0.724 0.724 0.724 0.724 0.724 0.724 0.724 0.724 0.724 0.724 0.724 0.724 218.531 0.724 0.724 0.724 0.621 0.724 0.724 0.724 0.724 0.724 0.724 0.724 0.724 0.724 0.724 0.724 0.724 0.724 0.724 0.724 0.724 0.724 0.724 
