# name: phAngle
# type: matrix
# rows: 1
# columns: 359
 76 76 76 76 76 76 5 76 76 76 76 76 76 76 76 76 76 76 76 76 76 76 76 76 76 76 76 76 76 76 76 76 74 74 7 74 74 74 74 74 74 74 74 74 74 74 12 74 74 74 74 74 74 74 74 74 74 74 74 74 74 74 74 74 74 74 74 74 74 74 74 74 74 74 74 76 76 74 74 74 74 74 74 74 74 74 74 74 74 74 74 74 74 74 74 74 74 74 74 74 74 74 74 74 74 74 74 74 74 74 74 74 74 74 76 74 74 74 74 74 74 74 76 76 76 76 76 76 76 76 76 76 76 76 76 74 74 74 74 74 74 74 74 76 76 76 76 76 76 76 76 76 76 76 76 76 74 76 74 74 74 74 74 74 74 74 74 74 74 76 76 76 74 74 1 60 3 3 3 67 3 3 3 67 74 74 76 76 74 76 76 76 76 76 76 76 76 76 76 76 76 76 76 76 76 2 76 76 76 2 76 76 76 76 74 76 74 2 74 76 74 74 76 74 76 74 76 76 76 76 76 76 76 76 74 76 76 2 74 74 74 74 76 76 76 2 76 76 76 76 76 76 76 2 74 76 76 76 76 76 74 76 76 76 76 74 76 76 76 76 76 76 76 2 76 76 76 76 76 76 76 2 76 76 76 76 76 76 76 76 76 76 76 76 76 76 76 76 76 74 74 2 76 74 74 74 74 74 74 2 76 76 76 76 76 76 76 76 76 76 76 76 76 76 76 76 76 76 76 2 76 76 76 76 76 76 76 2 76 76 76 76 76 76 76 2 76 76 74 74 76 76 76 2 76 76 76 76 76 
# name: freq
# type: matrix
# rows: 1
# columns: 359
 50.0 50.0 50.0 50.0 50.0 50.0 50.0 50.0 50.0 50.0 50.0 50.0 50.0 50.0 50.0 50.0 50.0 50.0 50.0 50.0 50.0 50.0 50.0 50.0 50.0 50.0 50.0 50.0 50.0 50.0 50.0 50.0 50.0 50.0 50.0 50.0 50.0 50.0 50.0 50.0 50.0 50.0 50.0 50.0 50.0 50.0 50.0 50.0 50.0 50.0 50.0 50.0 50.0 50.0 50.0 50.0 50.0 50.0 50.0 50.0 50.0 50.0 50.0 50.0 50.0 50.0 50.0 50.0 50.0 50.0 50.0 50.0 50.0 50.0 50.0 50.0 50.0 50.0 50.0 50.0 50.0 50.0 50.0 50.0 50.0 50.0 50.0 50.0 50.0 50.0 50.0 49.9 50.0 50.0 50.0 50.0 50.0 50.0 50.0 50.0 50.0 50.0 50.0 50.0 50.0 50.0 50.0 50.0 50.0 50.0 50.0 50.0 50.0 50.0 50.0 50.0 50.0 50.0 50.0 50.0 50.0 50.0 50.0 50.0 50.0 50.0 50.0 50.0 50.0 50.0 50.0 50.0 50.0 50.0 50.0 50.0 50.0 50.0 50.0 50.0 50.0 50.0 50.0 50.0 50.0 50.0 50.0 50.0 50.0 50.0 50.0 50.0 50.0 50.0 50.0 50.0 50.0 50.0 50.0 50.0 50.0 50.0 50.0 50.0 50.0 50.0 50.0 50.0 50.0 50.0 50.0 50.0 50.0 50.0 50.0 50.0 50.0 50.0 50.0 50.0 50.0 50.0 50.0 50.0 50.0 50.0 50.0 50.0 50.0 50.0 50.0 50.0 50.0 50.0 50.0 50.0 50.0 50.0 50.0 50.0 50.0 50.0 50.0 50.0 50.0 50.0 50.0 50.0 50.0 50.0 50.0 50.0 50.0 50.0 50.0 50.0 50.0 50.0 50.0 50.0 50.0 50.0 50.0 50.0 50.0 50.0 50.0 50.0 50.0 50.0 50.0 50.0 50.0 50.0 50.0 50.0 50.0 50.0 50.0 50.0 50.0 50.0 50.0 50.0 50.0 50.0 50.0 50.0 50.0 50.0 50.0 50.0 50.0 50.0 50.0 50.0 50.0 50.0 50.0 50.0 50.0 50.0 50.0 50.0 50.0 50.0 50.0 50.0 50.0 50.0 50.0 50.0 50.0 50.0 50.0 50.0 50.0 50.0 50.0 50.0 50.0 50.0 50.0 50.0 50.0 50.0 50.0 50.0 50.0 50.0 50.0 50.0 50.0 50.0 50.0 50.0 50.0 50.0 50.0 50.0 50.0 50.0 50.0 50.0 50.0 50.0 50.0 50.0 50.0 50.0 50.0 50.0 50.0 50.0 50.0 50.0 50.0 50.0 50.0 50.0 50.0 50.0 50.0 50.0 50.0 50.0 50.0 50.0 50.0 50.0 50.0 50.0 50.0 50.0 50.0 50.0 50.0 50.0 50.0 50.0 50.0 50.0 50.0 50.0 50.0 50.0 50.0 50.0 50.0 50.0 50.0 50.0 50.0 50.0 50.0 50.0 50.0 50.0 50.0 
# name: reacPower
# type: matrix
# rows: 1
# columns: 359
 16.236 16.132 16.132 16.132 15.924 16.132 13.946 16.028 16.028 16.028 16.028 16.028 16.028 16.132 16.028 16.028 15.924 16.236 16.236 16.34 16.132 16.028 16.236 16.132 16.236 16.34 16.236 16.132 16.236 16.236 16.132 16.028 15.82 15.611 13.634 15.611 15.611 15.507 15.611 15.507 15.507 15.507 15.611 15.507 15.403 15.507 13.634 15.507 15.299 15.403 15.507 15.716 15.507 15.507 15.716 15.611 15.611 15.507 15.507 15.507 15.82 15.82 15.716 15.611 15.403 15.611 15.611 15.507 15.611 15.611 15.716 15.716 15.716 15.716 15.82 15.82 15.924 15.716 15.716 15.82 15.716 15.716 15.716 15.716 15.716 15.716 15.611 15.716 15.611 15.716 15.507 15.611 15.507 15.611 15.611 15.611 15.611 15.611 15.611 15.611 15.403 14.987 15.507 15.611 15.611 15.611 15.716 15.716 15.716 15.716 15.611 15.716 15.507 15.716 15.924 15.716 15.82 15.82 15.82 15.716 15.82 15.716 15.82 16.028 15.924 15.82 16.028 15.924 16.028 16.132 15.82 16.028 15.924 16.132 15.924 15.82 15.82 15.716 15.716 15.716 15.611 15.611 15.716 15.924 15.924 15.924 15.924 15.82 15.924 15.611 15.82 15.82 15.716 15.924 15.82 15.82 15.716 15.82 15.611 15.716 15.716 15.82 15.611 15.716 15.716 15.82 15.716 15.716 15.716 15.82 16.028 15.924 15.507 15.403 36.011 14.883 69.004 69.213 68.588 15.195 26.436 70.149 67.86 15.195 15.716 15.716 15.82 15.924 15.82 15.924 16.028 15.82 15.924 16.132 16.028 16.028 16.132 16.132 16.236 16.132 16.132 16.132 16.132 16.028 16.132 15.82 16.028 16.132 16.132 15.82 15.924 16.028 16.028 16.028 15.716 15.82 15.716 15.611 15.82 15.82 15.611 15.82 15.82 15.716 15.82 15.82 16.028 16.028 16.028 15.924 16.028 16.028 15.924 16.028 15.716 16.028 15.924 15.507 15.82 15.82 15.611 15.716 15.82 16.028 15.924 15.716 16.028 15.924 15.924 15.924 15.924 16.028 15.82 15.611 15.82 15.924 15.924 15.82 16.028 15.924 15.716 15.82 16.028 16.028 16.028 15.716 15.82 16.028 16.236 16.236 16.236 16.236 16.236 15.82 16.34 16.34 16.34 16.34 16.132 16.028 16.028 15.403 16.028 15.924 15.924 15.924 16.028 16.132 16.132 16.236 16.028 16.028 16.028 16.132 16.132 15.82 15.924 15.924 15.82 15.507 15.611 15.403 15.82 15.82 15.611 15.82 15.82 15.716 15.716 15.611 16.028 15.924 15.924 15.924 16.028 15.924 15.924 15.924 15.924 15.924 16.028 16.132 16.132 15.924 16.028 16.132 16.028 16.028 15.924 15.611 16.236 16.028 16.132 16.132 16.132 16.236 16.132 16.028 16.028 15.924 16.028 16.028 16.028 16.028 16.028 15.716 15.924 15.82 15.82 15.82 15.924 15.924 16.028 15.82 16.028 16.028 16.236 16.132 16.132 
# name: power
# type: matrix
# rows: 1
# columns: 359
 4.579 4.579 4.579 4.579 4.475 4.579 159.866 4.579 4.579 4.579 4.579 4.579 4.579 4.579 4.475 4.475 4.475 4.579 4.579 4.579 4.579 4.579 4.579 4.579 4.579 4.579 4.579 4.579 4.579 4.579 4.579 4.579 4.475 4.475 96.69 4.475 4.475 4.475 4.475 4.475 4.475 4.475 4.475 4.475 4.371 4.475 56.619 4.475 4.371 4.475 4.475 4.475 4.475 4.475 4.475 4.475 4.475 4.475 4.475 4.475 4.475 4.475 4.475 4.475 4.475 4.475 4.475 4.475 4.475 4.475 4.475 4.475 4.475 4.475 4.475 4.475 4.475 4.475 4.475 4.475 4.475 4.475 4.475 4.475 4.475 4.475 4.475 4.475 4.475 4.475 4.475 4.475 4.475 4.475 4.475 4.475 4.475 4.475 4.475 4.475 4.371 4.371 4.475 4.475 4.475 4.475 4.475 4.475 4.475 4.475 4.475 4.579 4.475 4.475 4.475 4.475 4.475 4.475 4.475 4.475 4.475 4.475 4.475 4.579 4.475 4.475 4.475 4.475 4.579 4.579 4.475 4.579 4.475 4.579 4.475 4.475 4.475 4.475 4.475 4.475 4.475 4.475 4.475 5.412 4.475 4.475 4.475 4.475 4.475 4.475 4.475 6.244 4.475 4.475 4.475 4.475 4.475 4.475 4.475 7.493 4.475 4.475 4.475 4.475 4.475 4.475 4.475 9.991 4.475 4.475 4.579 4.475 4.475 4.371 1175.788 6.557 1343.149 1405.284 1400.601 7.181 92.526 1402.786 1396.333 6.661 4.475 4.475 4.475 4.475 4.475 4.475 4.579 4.475 4.579 4.579 4.579 4.579 4.579 4.579 4.579 4.475 4.579 4.579 4.579 4.579 4.579 370.836 4.579 4.579 4.579 384.366 4.475 4.579 4.579 4.579 4.475 4.475 4.475 369.274 4.475 4.475 4.475 4.475 4.475 4.475 4.475 4.475 4.579 4.579 4.579 4.475 4.579 4.579 4.475 4.579 4.475 4.579 4.475 369.066 4.475 4.475 4.475 4.475 4.475 4.579 4.579 370.315 4.579 4.475 4.579 4.475 4.475 4.579 4.475 369.274 4.475 4.475 4.475 4.475 4.579 4.579 4.475 4.475 4.579 4.579 4.579 4.475 4.475 4.579 4.579 4.579 4.579 4.579 4.579 385.199 4.579 4.579 4.579 4.579 4.579 4.579 4.579 356.265 4.475 4.475 4.579 4.475 4.475 4.579 4.579 4.579 4.579 4.579 4.579 4.579 4.579 4.475 4.475 4.475 4.475 4.475 4.475 382.909 4.475 4.475 4.475 4.475 4.475 4.475 4.475 369.587 4.579 4.475 4.475 4.579 4.579 4.475 4.475 4.475 4.475 4.475 4.475 4.579 4.579 4.475 4.579 4.579 4.579 4.475 4.579 384.262 4.579 4.579 4.579 4.579 4.579 4.579 4.579 371.356 4.579 4.475 4.579 4.579 4.579 4.579 4.579 370.107 4.475 4.475 4.475 4.475 4.475 4.475 4.579 370.107 4.579 4.475 4.579 4.579 4.579 
