# name: phAngle
# type: matrix
# rows: 1
# columns: 358
 273 273 273 273 273 273 273 273 273 273 273 273 273 273 273 273 273 273 273 273 273 273 273 273 273 273 273 273 273 273 273 273 273 273 273 273 273 273 273 273 273 273 273 273 273 273 273 273 273 273 273 273 273 273 273 273 273 273 273 273 273 273 273 273 273 273 273 273 273 273 273 273 273 273 273 273 273 273 273 273 273 273 273 273 273 273 273 273 273 273 273 273 273 273 273 273 273 273 273 273 273 273 273 273 273 273 273 273 273 273 273 273 273 273 273 273 273 326 273 273 273 273 273 273 273 273 273 273 273 273 273 273 273 273 273 273 273 273 273 273 273 273 273 273 273 273 273 273 273 273 273 273 273 273 273 273 273 273 273 273 273 273 359 273 273 273 273 273 273 273 273 273 273 273 273 273 273 273 273 273 273 273 273 273 273 273 273 273 273 273 273 273 273 273 273 273 273 273 273 273 273 273 273 273 273 273 273 273 273 273 273 273 273 273 273 273 273 273 273 273 273 273 273 273 273 273 2 1 273 273 273 273 273 273 273 273 273 1 6 359 273 273 273 274 274 274 274 274 274 274 273 274 274 274 274 274 273 273 273 273 273 273 273 273 273 273 273 273 273 273 273 273 273 273 273 273 273 273 273 273 273 273 273 273 273 273 273 273 273 273 273 273 273 273 273 273 273 273 273 273 273 273 273 273 273 273 273 273 273 273 273 273 273 273 273 273 273 273 273 273 273 273 273 273 273 273 273 273 273 273 273 273 273 273 273 273 273 273 273 273 273 273 273 273 273 273 273 273 273 273 0 273 273 273 273 273 273 273 
# name: freq
# type: matrix
# rows: 1
# columns: 358
 50.0 50.0 50.0 50.0 50.0 50.0 50.0 50.0 50.0 50.0 50.0 50.0 50.0 50.0 50.0 50.0 50.0 50.0 50.0 50.0 50.0 50.0 50.0 50.0 50.0 50.0 50.0 50.0 50.0 50.0 50.0 50.0 50.0 50.0 50.0 49.9 50.0 50.0 50.0 50.0 50.0 50.0 50.0 50.0 50.0 50.0 50.0 50.0 50.0 50.0 50.0 50.0 50.0 50.0 50.0 50.0 50.0 49.9 50.0 50.0 50.0 50.0 50.0 50.0 50.0 50.0 50.0 50.0 50.0 50.0 50.0 50.0 50.0 50.0 50.0 50.0 50.0 50.0 50.0 50.0 50.0 50.0 50.0 50.0 50.0 50.0 50.0 50.0 50.0 50.0 50.0 50.0 50.0 50.0 50.0 50.0 50.0 50.0 50.0 50.0 50.0 50.0 50.0 50.0 50.0 50.0 50.0 50.0 50.0 50.0 50.0 50.0 50.0 50.0 50.0 50.0 50.0 50.0 50.0 50.0 50.0 50.0 50.0 50.0 50.0 50.0 50.0 50.0 50.0 50.0 50.0 50.0 50.0 50.0 50.0 50.0 50.0 50.0 50.0 50.0 50.0 50.0 50.0 50.0 50.0 50.0 50.0 50.0 50.0 50.0 50.0 50.0 50.0 50.0 50.0 50.0 50.0 50.0 50.0 50.0 50.0 50.0 50.0 50.0 50.0 50.0 50.0 50.0 50.0 50.0 50.0 50.0 50.0 50.0 50.0 50.0 50.0 50.0 50.0 50.0 50.0 50.0 50.0 50.0 50.0 50.0 50.0 50.0 50.0 50.0 50.0 50.0 50.0 50.0 50.0 50.0 50.0 50.0 50.0 50.0 50.0 50.0 50.0 50.0 50.0 50.0 50.0 50.0 50.0 50.0 50.0 50.0 50.0 50.0 50.0 50.0 50.0 50.0 50.0 50.0 50.0 50.0 50.0 50.0 50.0 50.0 50.0 50.0 50.0 50.0 50.0 50.0 50.0 50.0 50.0 50.0 50.0 50.0 50.0 50.0 50.0 50.0 50.1 50.0 50.0 50.0 50.0 50.0 50.0 50.0 50.0 50.1 50.0 50.0 50.0 50.0 50.0 50.0 50.0 50.0 50.0 50.0 50.0 50.0 50.0 50.0 50.0 50.0 50.0 50.0 50.0 50.0 50.0 50.0 50.0 50.0 50.0 50.0 50.0 50.0 50.0 50.0 50.0 50.0 50.0 50.0 50.0 50.0 50.0 50.0 50.0 50.0 50.0 50.0 50.0 50.0 50.0 50.0 50.0 50.0 50.0 50.0 50.0 50.0 50.0 50.0 50.0 50.0 50.0 50.0 50.0 50.0 50.0 50.0 50.0 50.0 50.0 50.0 50.0 50.0 50.0 50.0 50.0 50.0 50.0 50.0 50.0 50.0 50.0 50.0 50.0 50.0 50.0 50.0 50.0 50.0 50.0 50.0 50.0 50.0 50.0 50.0 50.0 50.0 50.0 50.0 50.0 50.0 50.0 50.0 50.0 50.0 50.0 50.0 50.0 50.0 50.0 50.0 
# name: reacPower
# type: matrix
# rows: 1
# columns: 358
 -9.316 -9.316 -9.213 -9.213 -9.213 -9.213 -9.213 -9.213 -9.213 -9.213 -9.109 -9.109 -9.213 -9.109 -9.213 -9.213 -9.213 -9.213 -9.213 -9.213 -9.213 -9.213 -9.213 -9.213 -9.213 -9.213 -9.213 -9.213 -9.213 -9.213 -9.213 -9.109 -9.109 -9.109 -9.109 -9.109 -9.109 -9.109 -9.109 -9.109 -9.109 -9.213 -9.213 -9.213 -9.316 -9.213 -9.316 -9.213 -9.213 -9.213 -9.316 -9.316 -9.316 -9.316 -9.316 -9.316 -9.316 -9.316 -9.316 -9.316 -9.316 -9.316 -9.316 -9.316 -9.316 -9.316 -9.316 -9.316 -9.316 -9.316 -9.316 -9.316 -9.316 -9.316 -9.316 -9.316 -9.316 -9.316 -9.316 -9.316 -9.316 -9.316 -9.316 -9.316 -9.316 -9.316 -9.316 -9.316 -9.316 -9.316 -9.316 -9.316 -9.316 -9.316 -9.316 -9.316 -9.316 -9.316 -9.316 -9.316 -9.316 -9.316 -9.316 -9.316 -9.316 -9.213 -9.213 -9.213 -9.316 -9.213 -9.316 -9.316 -9.316 -9.316 -9.316 -9.316 -9.316 -8.902 -9.316 -9.316 -9.316 -9.316 -9.316 -9.316 -9.316 -9.316 -9.316 -9.316 -9.316 -9.316 -9.316 -9.316 -9.316 -9.316 -9.213 -9.316 -9.316 -9.316 -9.316 -9.316 -9.316 -9.316 -9.316 -9.316 -9.316 -9.316 -9.316 -9.316 -9.316 -9.316 -9.316 -9.316 -9.213 -9.213 -9.213 -9.213 -9.213 -9.213 -9.213 -9.213 -9.213 -9.213 -7.142 -9.213 -9.213 -9.213 -9.213 -9.213 -9.213 -9.213 -9.213 -9.213 -9.213 -9.213 -9.213 -9.316 -9.213 -9.316 -9.316 -9.316 -9.316 -9.316 -9.42 -9.316 -9.316 -9.316 -9.316 -9.316 -9.316 -9.316 -9.316 -9.316 -9.316 -9.316 -9.316 -9.316 -9.316 -9.316 -9.316 -9.316 -9.316 -9.316 -9.316 -9.316 -9.316 -9.316 -9.316 -9.316 -9.316 -9.316 -9.316 -9.316 -9.42 -9.316 -9.316 -9.316 -9.316 -9.316 -9.316 -9.316 -9.316 -9.316 -9.316 -9.316 -9.316 -9.316 47.205 25.258 -9.42 -9.42 -9.42 -9.42 -9.42 -9.42 -9.42 -9.42 -9.42 42.96 43.685 -10.041 -9.42 -9.42 -9.42 -9.42 -9.42 -9.42 -9.42 -9.42 -9.42 -9.42 -9.42 -9.42 -9.42 -9.42 -9.42 -9.42 -9.42 -9.42 -9.42 -9.42 -9.42 -9.42 -9.42 -9.42 -9.42 -9.42 -9.42 -9.42 -9.42 -9.42 -9.42 -9.42 -9.42 -9.42 -9.42 -9.42 -9.42 -9.42 -9.42 -9.42 -9.42 -9.42 -9.42 -9.42 -9.42 -9.42 -9.42 -9.42 -9.42 -9.42 -9.42 -9.42 -9.42 -9.42 -9.42 -9.42 -9.42 -9.42 -9.42 -9.42 -9.42 -9.42 -9.42 -9.42 -9.42 -9.42 -9.42 -9.42 -9.42 -9.42 -9.42 -9.42 -9.42 -9.42 -9.42 -9.316 -9.42 -9.42 -9.42 -9.42 -9.42 -9.42 -9.42 -9.42 -9.316 -9.42 -9.42 -9.42 -9.42 -9.42 -9.42 -9.42 -9.42 -9.42 -9.42 -9.42 -9.42 -9.42 -9.42 -9.42 -9.42 -9.42 -9.42 -9.42 -9.42 -9.42 -9.42 -9.42 -9.42 -9.42 -9.73 -9.42 -9.42 -9.42 -9.42 -9.42 -9.42 -9.42 
# name: power
# type: matrix
# rows: 1
# columns: 358
 0.414 0.414 0.517 0.517 0.414 0.517 0.517 0.414 0.414 0.517 0.414 0.414 0.414 0.414 0.414 0.517 0.517 0.517 0.517 0.414 0.414 0.517 0.517 0.517 0.414 0.414 0.414 0.414 0.517 0.414 0.517 0.414 0.414 0.414 0.517 0.517 0.414 0.414 0.414 0.414 0.517 0.414 0.414 0.517 0.414 0.517 0.517 0.414 0.414 0.517 0.517 0.517 0.414 0.517 0.517 0.414 0.517 0.414 0.517 0.414 0.517 0.414 0.517 0.517 0.517 0.517 0.517 0.517 0.517 0.517 0.414 0.517 0.517 0.517 0.414 0.517 0.517 0.414 0.414 0.517 0.517 0.517 0.414 0.414 0.517 0.414 0.517 0.517 0.517 0.517 0.517 0.517 0.517 0.517 0.517 0.517 0.414 0.517 0.517 0.414 0.517 0.517 0.517 0.517 0.517 0.414 0.517 0.517 0.517 0.517 0.517 0.517 0.517 0.517 0.517 0.517 0.517 12.629 0.517 0.414 0.517 0.517 0.414 0.517 0.517 0.517 0.517 0.414 0.517 0.414 0.517 0.517 0.517 0.414 0.414 0.517 0.414 0.517 0.517 0.517 0.517 0.517 0.414 0.517 0.517 0.517 0.517 0.517 0.517 0.517 0.517 0.517 0.414 0.517 0.517 0.517 0.517 0.414 0.517 0.414 0.414 0.517 431.576 0.414 0.414 0.517 0.517 0.517 0.517 0.517 0.517 0.517 0.414 0.414 0.517 0.414 0.517 0.517 0.517 0.517 0.414 0.517 0.517 0.414 0.517 0.517 0.517 0.517 0.517 0.414 0.414 0.517 0.517 0.414 0.517 0.517 0.414 0.414 0.517 0.517 0.414 0.414 0.517 0.517 0.517 0.517 0.517 0.517 0.517 0.517 0.517 0.517 0.414 0.517 0.517 0.517 0.517 0.517 0.414 0.517 0.517 0.517 0.517 0.517 0.517 0.517 1133.341 1443.591 0.517 0.414 0.517 0.517 0.517 0.517 0.517 0.517 0.517 1474.13 446.897 397.0 0.517 0.517 0.517 0.517 0.517 0.517 0.517 0.517 0.621 0.621 0.517 0.621 0.621 0.621 0.621 0.621 0.517 0.517 0.517 0.517 0.517 0.517 0.517 0.517 0.517 0.517 0.517 0.517 0.517 0.517 0.517 0.517 0.414 0.414 0.414 0.517 0.517 0.517 0.517 0.517 0.517 0.517 0.517 0.517 0.517 0.517 0.517 0.517 0.517 0.517 0.517 0.517 0.517 0.517 0.517 0.517 0.517 0.517 0.517 0.517 0.517 0.517 0.517 0.517 0.517 0.517 0.517 0.517 0.517 0.517 0.517 0.517 0.517 0.517 0.517 0.517 0.517 0.517 0.517 0.517 0.517 0.517 0.517 0.517 0.517 0.517 0.517 0.517 0.517 0.517 0.517 0.517 0.517 0.517 0.517 0.517 0.517 0.517 0.517 0.517 0.517 0.517 0.517 0.517 0.517 0.517 0.517 0.517 0.517 0.517 1419.057 0.517 0.517 0.517 0.517 0.517 0.517 0.517 
