# name: phAngle
# type: matrix
# rows: 1
# columns: 359
 272 272 272 272 272 272 273 273 272 272 272 272 273 272 272 272 272 272 272 273 272 272 272 0 358 276 275 275 275 275 275 275 275 275 275 275 275 275 2 3 341 7 275 275 275 0 275 275 275 275 275 275 275 276 275 275 359 276 275 275 275 276 0 275 276 275 275 275 275 275 275 275 0 275 275 275 275 275 275 359 275 2 275 275 275 275 275 0 275 275 275 275 275 276 276 276 276 276 275 275 275 275 0 276 275 275 276 276 276 276 357 276 276 275 276 276 276 278 276 276 275 0 276 275 275 275 276 276 275 275 276 276 275 275 276 276 276 273 272 272 272 272 272 273 272 272 273 272 273 273 273 272 273 273 273 273 273 273 273 273 273 272 273 273 272 272 272 272 0 274 276 275 276 275 275 275 276 275 275 275 349 275 276 276 276 275 276 276 2 2 0 275 0 273 274 274 275 275 275 275 275 275 275 276 275 275 275 276 275 275 275 275 275 275 275 275 275 359 276 275 275 275 275 275 275 275 275 275 276 275 275 275 275 2 0 0 276 276 275 276 275 275 275 275 276 2 2 275 275 276 275 0 54 275 46 2 0 2 0 353 275 53 37 55 276 2 2 0 359 0 275 275 275 276 275 346 275 275 275 275 275 275 276 275 275 275 275 276 276 275 275 275 276 275 275 276 275 275 359 275 275 355 275 275 275 275 275 0 275 275 275 275 275 333 275 275 275 275 2 276 0 276 275 276 276 276 275 276 276 276 276 276 275 275 275 276 276 275 275 276 275 275 275 0 275 276 276 275 275 315 276 276 276 276 275 276 276 276 275 
# name: freq
# type: matrix
# rows: 1
# columns: 359
 50.0 50.0 50.0 50.0 50.0 50.0 50.0 50.0 50.0 50.0 50.0 50.0 50.0 50.0 50.0 50.0 50.0 50.0 50.0 50.0 50.0 50.0 50.0 50.0 50.0 50.0 50.0 50.0 50.0 50.0 50.0 50.0 50.0 50.0 50.0 50.0 50.0 50.0 50.0 50.0 50.0 50.0 50.0 50.0 50.0 50.0 50.0 50.0 50.0 50.0 50.0 50.0 50.0 50.0 50.0 50.0 50.0 50.0 50.0 50.0 50.0 50.0 50.0 50.0 50.0 50.0 50.0 50.0 50.0 50.0 50.0 50.0 50.0 50.0 50.0 50.0 50.0 50.0 50.0 50.0 50.0 50.0 50.0 50.0 50.0 50.0 50.0 50.0 50.0 50.0 50.0 50.0 50.0 50.0 50.0 50.0 50.0 50.0 50.0 50.0 50.0 50.0 50.0 50.0 50.0 50.0 50.0 50.0 50.0 50.0 50.0 50.0 50.0 50.0 50.0 50.0 50.0 50.0 50.0 50.0 50.0 50.0 50.0 50.0 50.0 50.0 50.0 50.0 50.0 50.0 50.0 50.0 50.0 50.0 50.0 50.0 50.0 50.0 50.0 50.0 50.0 50.0 50.0 50.0 50.0 50.0 50.0 50.0 50.0 50.0 50.0 50.0 50.0 50.0 50.0 50.0 50.0 50.0 50.0 50.0 50.0 50.0 50.0 50.0 50.0 50.0 50.0 50.0 50.0 50.0 50.0 50.0 50.0 50.0 50.0 50.0 50.0 50.0 50.0 50.0 50.0 50.0 50.0 50.0 50.0 50.0 50.0 50.0 50.0 50.0 50.0 50.0 50.0 50.0 50.0 50.0 50.0 50.0 50.0 50.0 50.0 50.0 50.0 50.0 50.0 50.0 50.0 50.0 50.0 50.0 50.0 50.0 50.0 50.0 50.0 50.0 50.0 50.0 50.0 50.0 50.0 50.0 50.0 50.0 50.0 50.0 50.0 50.0 50.0 50.0 50.0 50.0 50.0 50.0 50.0 50.0 50.0 50.0 50.0 50.0 50.0 50.0 50.0 50.0 50.0 50.0 50.0 50.0 50.0 50.0 50.0 50.0 50.0 50.0 50.0 50.0 50.0 50.0 50.0 50.0 50.0 50.0 50.0 50.0 50.0 50.0 50.0 50.0 50.0 50.0 50.0 50.0 50.0 50.0 50.0 50.0 50.0 50.0 50.0 50.0 50.0 50.0 50.0 50.0 50.0 50.0 50.0 50.0 50.0 50.0 50.0 50.0 50.0 50.0 50.0 50.0 50.0 50.0 50.0 50.0 50.0 50.0 50.0 50.0 50.0 50.0 50.0 50.0 50.0 50.0 50.0 50.0 50.0 50.0 50.0 50.0 50.0 50.0 50.0 50.0 50.0 50.0 50.0 50.0 50.0 50.0 50.0 50.0 50.0 50.0 50.0 50.0 50.0 50.0 50.0 50.0 50.0 50.0 50.0 50.0 50.0 50.0 50.0 50.0 50.0 50.0 50.0 50.0 50.0 50.0 50.0 50.0 50.0 50.0 50.0 50.0 50.0 50.0 50.0 
# name: reacPower
# type: matrix
# rows: 1
# columns: 359
 -3.226 -3.226 -3.226 -3.226 -3.226 -3.226 -3.122 -3.226 -3.226 -3.226 -3.226 -3.226 -3.122 -3.226 -3.226 -3.226 -3.226 -3.226 -3.226 -3.226 -3.226 -3.226 -3.226 1.248 -4.267 -3.122 -3.226 -3.226 -3.226 -3.226 -3.226 -3.226 -3.226 -3.226 -3.226 -3.226 -3.226 -3.226 48.605 47.148 -3.122 48.501 -3.226 -3.226 -3.226 -1.353 -3.226 -3.226 -3.226 -3.122 -3.226 -3.226 -3.226 -3.226 -3.122 -3.226 -3.018 -3.226 -3.226 -3.226 -3.226 -3.122 -1.353 -3.226 -3.122 -3.226 -3.226 -3.226 -3.226 -3.122 -3.226 -3.122 -2.081 -3.226 -3.226 -3.226 -3.226 -3.226 -3.226 -2.914 -3.226 45.899 -3.226 -3.226 -3.226 -3.226 -3.226 -2.289 -3.226 -3.226 -3.226 -3.226 -3.226 -3.226 -3.122 -3.226 -3.226 -3.226 -3.122 -3.226 -3.226 -3.226 -1.353 -3.122 -3.226 -3.122 -3.226 -3.122 -3.122 -3.122 -2.081 -3.226 -3.226 -3.226 -3.226 -3.122 -3.226 -3.226 -3.226 -3.226 -3.226 -2.497 -3.226 -3.226 -3.226 -3.226 -3.226 -3.226 -3.226 -3.226 -3.226 -3.122 -3.226 -3.226 -3.122 -3.226 -3.122 -3.122 -3.122 -3.122 -3.122 -3.122 -3.122 -3.226 -3.226 -3.122 -3.122 -3.226 -3.122 -3.226 -3.122 -3.122 -3.122 -3.122 -3.122 -3.122 -3.122 -3.122 -3.226 -3.122 -3.122 -3.122 -3.226 -3.122 -3.122 -3.226 -3.226 -3.122 -3.85 -3.226 -3.226 -3.226 -3.226 -3.226 -3.226 -3.226 -3.226 -3.226 -3.226 -3.226 -2.914 -3.226 -3.226 -3.226 -3.226 -3.226 -3.226 -3.226 7.805 47.148 0.936 -3.226 0.0 -3.226 -3.226 -3.226 -3.226 -3.226 -3.226 -3.226 -3.226 -3.226 -3.226 -3.226 -3.226 -3.226 -3.226 -3.226 -3.226 -3.226 -3.226 -3.226 -3.226 -3.226 -3.226 -3.226 -3.226 -2.914 -3.226 -3.226 -3.226 -3.226 -3.226 -3.226 -3.226 -3.226 -3.226 -3.226 -3.226 -3.226 -3.226 -3.226 -3.226 46.107 -2.601 -2.601 -3.226 -3.226 -3.226 -3.226 -3.226 -3.226 -3.226 -3.226 -3.226 42.048 46.627 -3.226 -3.226 -3.226 -3.226 -1.665 51.207 -3.226 40.278 46.731 -1.977 45.378 -1.665 -3.746 -3.226 49.437 7.493 49.021 -3.226 47.46 44.546 2.081 -2.393 -2.601 -3.226 -3.226 -3.226 -3.226 -3.226 -2.706 -3.226 -3.226 -3.226 -3.226 -3.226 -3.226 -3.226 -3.226 -3.226 -3.226 -3.226 -3.226 -3.226 -3.226 -3.226 -3.226 -3.226 -3.226 -3.226 -3.226 -3.226 -3.226 -3.226 -3.226 -3.226 -3.746 -3.226 -3.226 -3.226 -3.226 -3.226 -2.497 -3.226 -3.226 -3.226 -3.226 -3.226 -2.81 -3.226 -3.226 -3.226 -3.226 45.586 -3.226 -2.81 -3.226 -3.226 -3.226 -3.226 -3.226 -3.226 -3.226 -3.226 -3.226 -3.226 -3.226 -3.226 -3.226 -3.226 -3.226 -3.226 -3.226 -3.226 -3.226 -3.226 -3.226 -3.226 -2.393 -3.226 -3.226 -3.226 -3.226 -3.226 -3.018 -3.226 -3.226 -3.226 -3.226 -3.226 -3.226 -3.226 -3.226 -3.226 
