# name: phAngle
# type: matrix
# rows: 1
# columns: 358
 297 297 297 297 297 297 297 297 297 297 297 297 297 297 297 297 297 297 297 297 297 297 297 297 297 297 297 297 297 297 297 297 297 297 297 297 297 297 297 297 297 297 297 297 297 297 297 358 297 297 297 297 297 297 297 297 297 297 297 297 297 297 297 297 297 0 297 0 297 297 357 297 297 297 297 297 297 297 297 297 297 297 297 297 297 297 297 297 297 297 297 297 297 297 297 297 297 0 297 297 297 297 297 297 297 297 297 297 297 297 297 297 297 297 297 297 297 297 297 0 297 297 297 297 297 297 297 297 297 297 297 297 297 297 297 297 297 297 297 297 297 297 297 0 297 297 297 297 297 297 297 297 297 297 297 297 297 297 357 297 297 297 297 297 297 297 297 297 297 1 1 0 297 297 297 297 297 297 297 297 297 297 297 297 297 297 297 297 297 297 297 297 0 297 297 297 297 297 297 297 297 297 358 297 297 297 297 297 297 297 297 297 297 297 297 297 297 297 297 297 297 297 297 297 297 0 297 297 297 297 297 297 297 297 297 297 297 297 297 297 297 297 297 297 297 297 297 297 297 297 297 297 297 297 297 297 297 297 297 297 297 297 297 297 297 297 297 297 297 297 297 297 297 297 297 297 297 297 297 297 297 297 297 297 297 297 297 297 297 297 297 297 297 297 297 297 297 297 297 297 297 297 297 297 297 297 297 297 297 297 297 297 297 297 297 297 297 297 297 297 297 297 297 297 297 297 297 297 297 297 297 297 297 297 358 297 297 297 297 297 297 297 297 297 297 297 297 297 297 297 297 297 297 297 297 297 297 297 
# name: freq
# type: matrix
# rows: 1
# columns: 358
 50.0 50.0 49.9 49.9 49.9 49.9 49.9 49.9 49.9 49.9 50.0 49.9 50.0 50.0 50.0 50.0 50.0 50.0 49.9 50.0 50.0 50.0 50.0 50.0 50.0 50.0 50.0 50.0 50.0 50.0 50.0 50.0 50.0 50.0 50.0 50.0 50.0 50.0 50.0 50.0 50.0 50.0 50.0 50.0 50.0 50.0 50.0 50.0 50.0 50.0 50.0 50.0 50.0 50.0 50.0 50.0 50.0 50.0 50.0 50.0 50.0 50.0 50.0 50.0 50.0 50.0 50.0 50.0 50.0 50.0 50.0 50.0 50.0 50.0 50.0 50.0 50.0 50.0 50.0 50.0 50.0 50.0 50.0 50.0 50.0 50.0 50.0 50.0 50.0 50.0 50.0 50.0 50.0 50.0 50.0 50.0 50.0 50.0 50.0 50.0 50.0 50.0 50.0 50.0 50.0 50.0 50.0 50.0 50.0 50.0 50.0 50.0 50.0 50.0 50.0 50.0 50.0 50.0 50.0 50.0 50.0 50.0 50.0 50.0 50.0 50.0 50.0 50.0 50.0 50.0 50.0 50.0 50.0 50.0 50.0 50.0 50.0 50.0 50.0 50.0 50.0 50.0 50.0 50.0 50.0 50.0 50.0 50.0 50.0 50.0 50.0 50.0 50.0 50.0 50.0 50.0 50.0 50.0 50.0 50.0 50.0 50.0 50.0 50.0 50.0 50.0 50.0 50.0 50.0 50.0 50.0 50.0 50.0 50.0 50.0 50.0 50.0 50.0 50.0 50.0 50.0 50.0 50.0 50.0 50.0 50.0 50.0 50.0 50.0 50.0 50.0 50.0 50.0 50.0 50.0 50.0 50.0 50.0 50.0 50.0 50.0 50.0 50.0 50.0 50.0 50.0 50.0 50.0 50.0 50.0 50.0 50.0 50.0 50.0 50.0 50.0 50.0 50.0 50.0 50.0 50.0 50.0 50.0 50.0 50.0 50.0 50.0 50.0 50.0 50.0 50.0 50.0 50.0 50.0 50.0 50.0 50.0 50.0 50.0 50.0 50.0 50.0 50.0 50.0 50.0 50.0 50.0 50.0 50.0 50.0 50.0 50.0 50.0 50.0 50.0 50.0 50.0 50.0 50.0 50.0 50.0 50.0 50.0 50.0 50.0 50.0 50.0 50.0 50.0 50.0 50.0 50.0 50.0 50.0 50.0 50.0 50.0 50.0 50.0 50.0 50.0 50.0 50.0 50.0 50.0 50.0 50.0 50.0 50.0 50.0 50.0 50.0 50.0 50.0 50.0 50.0 50.0 50.0 50.0 50.0 50.0 50.0 50.0 50.0 50.0 50.0 50.0 50.0 50.0 50.1 50.0 50.0 50.0 50.0 50.0 50.0 50.0 50.0 50.0 50.0 50.0 50.0 50.0 50.0 50.0 50.0 50.0 50.0 50.0 50.0 50.0 50.0 50.0 50.0 50.0 50.0 50.0 50.0 50.0 50.0 50.0 50.0 50.0 50.0 50.0 50.0 50.0 50.0 50.0 50.0 50.0 50.0 50.0 50.0 50.0 50.0 50.0 49.9 
# name: reacPower
# type: matrix
# rows: 1
# columns: 358
 -9.109 -9.006 -9.109 -9.109 -9.006 -9.109 -9.109 -9.109 -9.316 -9.109 -9.006 -9.109 -9.213 -9.109 -9.316 -9.213 -9.213 -9.316 -9.316 -9.109 -9.42 -9.006 -9.109 -9.213 -9.213 -9.109 -9.523 -9.109 -9.109 -9.006 -9.213 -8.902 -9.213 -8.799 -9.109 -9.109 -9.006 -9.109 -9.213 -9.213 -9.109 -9.42 -9.006 -9.213 -9.213 -9.213 -9.42 -10.973 -9.006 -9.213 -9.109 -9.316 -9.109 -8.902 -9.109 -9.006 -8.902 -9.213 -9.006 -9.213 -9.006 -9.213 -9.006 -9.006 -9.213 -9.109 -9.109 -10.559 -9.006 -9.213 -7.246 -9.109 -9.109 -9.006 -9.006 -8.902 -8.902 -9.006 -9.006 -8.799 -9.109 -9.006 -9.006 -9.006 -9.109 -9.109 -8.799 -9.006 -9.213 -9.213 -9.109 -9.316 -9.316 -9.316 -9.316 -9.213 -9.006 -7.349 -9.316 -9.42 -8.902 -9.006 -8.902 -9.006 -9.109 -9.006 -9.213 -9.109 -9.213 -9.006 -9.006 -9.213 -9.006 -9.316 -9.213 -9.109 -9.213 -9.006 -9.006 -9.109 -9.213 -9.006 -9.109 -9.006 -9.316 -9.109 -9.213 -9.006 -9.213 -9.109 -9.213 -9.109 -9.109 -9.006 -9.109 -9.006 -9.213 -9.109 -9.316 -9.109 -9.213 -9.213 -9.213 -9.627 -9.523 -9.523 -9.523 -9.42 -9.523 -9.523 -9.42 -9.316 -9.213 -9.523 -9.523 -9.627 -9.213 -9.316 -11.594 -9.42 -9.42 -9.523 -9.42 -9.523 -9.627 -9.627 -9.73 -9.73 -9.627 25.466 25.673 -9.627 -9.42 -9.523 -9.627 -9.73 -9.42 -9.523 -9.523 -9.316 -9.627 -9.42 -9.213 -9.316 -9.523 -9.523 -9.523 -9.42 -9.523 -9.42 -9.627 -9.627 -9.523 -9.523 -9.523 -9.523 -9.523 -9.73 -9.73 -9.73 -9.73 -9.834 -7.867 -9.42 -9.523 -9.627 -9.73 -9.937 -9.73 -9.73 -9.834 -9.937 -9.523 -9.834 -9.834 -10.041 -9.627 -9.834 -9.627 -9.73 -9.73 -9.523 -9.523 -9.627 -9.523 -7.764 -9.42 -9.73 -9.937 -9.937 -9.834 -9.834 -9.834 -9.937 -9.73 -9.834 -9.834 -9.937 -9.834 -9.834 -9.73 -9.834 -9.937 -9.937 -9.834 -9.834 -9.937 -9.937 -9.73 -9.523 -9.73 -9.834 -9.937 -9.834 -9.73 -9.937 -9.937 -9.73 -9.73 -9.834 -10.041 -9.937 -9.73 -9.73 -9.834 -10.041 -10.041 -9.834 -9.834 -10.041 -9.937 -9.834 -9.73 -9.73 -10.041 -10.041 -9.937 -9.627 -9.73 -9.834 -9.834 -9.937 -9.627 -9.937 -9.937 -9.73 -9.834 -9.834 -9.834 -9.73 -9.834 -9.834 -9.834 -9.73 -9.627 -9.73 -9.73 -9.937 -9.834 -9.73 -9.834 -9.73 -9.73 -9.834 -9.834 -9.834 -9.834 -9.937 -9.937 -9.937 -9.937 -9.937 -9.937 -9.937 -9.834 -9.834 -9.937 -9.937 -9.937 -9.937 -9.937 -9.937 -9.937 -9.937 -9.937 -10.041 -10.041 -10.041 -10.041 -9.937 -9.937 -9.937 -9.523 -9.523 -8.178 -9.73 -9.627 -9.523 -9.627 -9.73 -9.73 -9.73 -9.627 -9.627 -9.834 -9.834 -9.627 -9.73 -9.73 -9.937 -9.937 -9.73 -9.73 -9.937 -9.937 -9.73 -9.73 -9.73 
