# name: phAngle
# type: matrix
# rows: 1
# columns: 358
 0 0 0 0 0 0 0 0 0 0 0 0 0 0 0 0 354 284 284 284 284 2 2 283 283 283 283 0 283 283 284 284 284 283 358 284 284 283 284 285 283 283 283 284 283 284 0 283 283 283 283 0 283 283 283 284 283 283 283 283 284 283 283 283 284 283 284 359 283 0 0 0 0 0 0 0 0 0 0 0 0 0 0 0 0 0 315 283 284 284 283 283 283 284 283 283 284 284 283 284 283 284 0 284 283 283 283 283 284 283 283 284 283 284 284 284 284 283 283 283 283 283 284 283 284 283 284 284 284 284 283 284 284 0 0 0 0 0 0 0 0 0 0 0 0 0 0 0 0 0 0 0 0 0 0 0 0 0 0 0 0 0 0 0 0 0 0 0 0 0 0 0 0 0 0 0 0 0 0 0 0 0 0 0 0 0 0 0 0 0 0 0 0 0 0 0 284 283 283 283 2 2 0 283 283 283 283 283 283 284 283 283 284 284 283 283 283 283 284 284 283 315 284 283 284 283 359 284 283 0 283 283 283 284 283 283 284 284 283 283 283 284 283 283 0 284 284 283 284 0 0 0 0 0 0 0 0 0 0 0 0 0 0 0 0 0 0 0 0 0 0 0 0 0 0 0 0 0 0 0 0 0 0 0 0 0 0 0 0 0 0 0 0 0 0 0 0 0 0 0 0 0 0 0 0 0 0 0 0 0 0 0 0 0 0 0 0 0 0 0 0 0 0 0 0 0 0 0 0 0 0 0 0 0 0 0 0 0 0 0 0 0 0 0 0 0 0 0 283 283 283 283 283 283 283 283 283 283 
# name: freq
# type: matrix
# rows: 1
# columns: 358
 50.0 50.0 50.0 50.0 50.0 50.0 50.0 50.0 50.0 50.0 50.0 50.0 50.0 50.0 50.0 50.0 50.0 50.0 50.0 50.0 50.0 50.0 50.0 50.0 50.0 50.0 50.0 50.0 50.0 50.0 50.0 50.0 50.0 50.0 50.0 50.0 50.0 50.0 50.0 50.0 50.0 50.0 50.0 50.0 50.0 50.1 50.0 50.0 50.0 50.0 50.1 50.1 50.0 50.0 50.1 50.1 50.1 50.1 50.0 50.0 50.0 50.1 50.0 50.0 50.1 50.0 50.0 50.0 50.0 50.0 50.0 50.0 50.0 50.0 50.0 50.0 50.0 50.0 50.0 50.0 50.0 50.0 50.0 50.0 50.0 50.0 50.0 50.0 50.0 50.0 50.0 50.0 50.0 50.0 50.0 50.0 50.0 50.0 50.0 50.0 50.0 50.0 50.0 50.0 50.0 50.0 50.0 50.0 50.0 50.0 50.0 50.0 50.0 50.0 50.0 50.0 50.0 50.0 50.0 50.0 50.0 50.0 50.0 50.0 50.0 50.0 50.0 50.0 50.0 50.0 50.0 50.0 50.0 50.0 50.0 50.0 50.0 50.0 50.0 50.0 50.0 50.0 50.0 50.0 50.0 50.0 50.0 50.0 50.0 50.0 50.0 50.0 50.0 50.0 50.0 50.0 50.0 50.0 50.0 50.0 50.0 50.0 50.0 50.0 50.0 50.0 50.0 50.0 50.0 50.0 50.0 50.0 50.0 50.0 50.0 50.0 50.0 50.0 50.0 50.0 50.0 50.0 50.0 50.0 50.0 50.0 50.0 50.0 50.0 50.0 50.0 50.0 50.0 50.0 50.0 50.0 50.0 50.0 50.0 50.0 50.0 50.0 50.0 50.0 50.0 50.0 50.0 50.0 50.0 50.0 50.0 50.0 50.0 50.0 50.0 50.0 50.0 50.0 50.0 50.0 50.0 50.0 50.0 50.0 50.0 50.0 50.0 50.0 50.0 50.0 50.0 50.0 50.0 50.0 50.0 50.0 50.0 50.0 50.0 50.0 50.0 50.0 50.0 50.0 50.0 50.0 50.0 50.0 50.0 50.0 50.0 50.0 50.0 50.0 50.0 50.0 50.0 50.0 50.0 50.0 50.0 50.0 50.0 50.0 50.0 50.0 50.0 50.0 50.0 50.0 50.0 50.0 50.0 50.0 50.0 50.0 50.0 50.0 50.0 50.0 50.0 50.0 50.0 50.0 50.0 50.0 50.0 50.0 50.0 50.0 50.0 50.0 50.0 50.0 50.0 50.0 50.0 50.0 50.0 50.0 50.0 50.0 50.0 50.0 50.0 50.0 50.0 50.0 50.0 50.0 50.0 50.0 50.0 50.0 50.0 50.0 50.0 50.0 50.0 50.0 50.0 50.0 50.0 50.0 50.0 50.0 50.0 50.0 50.0 50.0 50.0 50.0 50.0 50.0 50.0 50.0 50.0 50.0 50.0 50.0 50.0 50.0 50.0 50.0 50.0 50.0 50.0 50.0 50.0 50.0 50.0 50.0 50.0 50.0 50.0 50.0 50.0 50.0 
# name: reacPower
# type: matrix
# rows: 1
# columns: 358
 0.0 0.0 0.0 0.0 0.0 0.0 0.0 0.0 0.0 0.0 0.0 0.0 0.0 0.0 0.0 0.0 -2.38 -3.002 -3.002 -3.002 -3.002 50.828 50.31 -3.002 -3.002 -3.002 -3.002 -3.933 -3.002 -3.002 -3.002 -3.002 -3.002 -3.002 -4.968 -3.002 -3.002 -3.002 -3.002 -3.002 -3.002 -3.002 -3.002 -3.002 -3.002 -3.002 -3.312 -3.002 -3.002 -3.002 -3.002 -1.449 -3.105 -3.105 -3.105 -3.002 -3.002 -3.002 -3.105 -3.105 -3.002 -3.002 -3.002 -3.002 -3.002 -3.002 -3.002 -4.968 -3.105 0.0 0.0 0.0 0.0 0.0 0.0 0.0 0.0 0.0 0.0 0.0 0.0 0.0 0.0 0.0 0.0 0.0 -3.002 -3.105 -3.002 -3.002 -3.002 -3.002 -3.002 -3.002 -3.002 -3.002 -3.002 -3.002 -3.002 -3.002 -3.002 -3.002 -2.173 -3.002 -3.002 -3.002 -3.002 -3.002 -3.002 -3.002 -3.002 -3.002 -3.002 -3.002 -3.002 -3.002 -3.002 -3.002 -3.002 -3.002 -3.002 -3.002 -3.002 -3.002 -3.002 -3.002 -3.002 -3.002 -3.002 -3.002 -3.002 -3.002 -3.002 0.0 0.0 0.0 0.0 0.0 0.0 0.0 0.0 0.0 0.0 0.0 0.0 0.0 0.0 0.0 0.0 0.0 0.0 0.0 0.0 0.0 0.0 0.0 0.0 0.0 0.0 0.0 0.0 0.0 0.0 0.0 0.0 0.0 0.0 0.0 0.0 0.0 0.0 0.0 0.0 0.0 0.0 0.0 0.0 0.0 0.0 0.0 0.0 0.0 0.0 0.0 0.0 0.0 0.0 0.0 0.0 0.0 0.0 0.0 0.0 0.0 0.0 -3.83 -3.105 -3.105 -3.105 -3.105 51.035 50.621 -3.933 -3.105 -3.105 -3.105 -3.105 -3.105 -3.105 -3.002 -3.002 -3.002 -3.002 -3.105 -3.002 -3.105 -3.105 -3.002 -3.105 -3.002 -3.002 -3.002 -3.002 -3.002 -3.002 -3.002 -4.968 -3.002 -3.002 -1.449 -3.002 -3.002 -3.002 -3.002 -3.002 -3.105 -3.105 -3.002 -3.002 -3.105 -3.105 -3.002 -3.105 -3.002 -4.037 -3.105 -3.002 -3.002 -3.105 0.0 0.0 0.0 0.0 0.0 0.0 0.0 0.0 0.0 0.0 0.0 0.0 0.0 0.0 0.0 0.0 0.0 0.0 0.0 0.0 0.0 0.0 0.0 0.0 0.0 0.0 0.0 0.0 0.0 0.0 0.0 0.0 0.0 0.0 0.0 0.0 0.0 0.0 0.0 0.0 0.0 0.0 0.0 0.0 0.0 0.0 0.0 0.0 0.0 0.0 0.0 0.0 0.0 0.0 0.0 0.0 0.0 0.0 0.0 0.0 0.0 0.0 0.0 0.0 0.0 0.0 0.0 0.0 0.0 0.0 0.0 0.0 0.0 0.0 0.0 0.0 0.0 0.0 0.0 0.0 0.0 0.0 0.0 0.0 0.0 0.0 0.0 0.0 0.0 0.0 0.0 0.0 0.0 0.0 0.0 0.0 0.0 -3.933 -2.173 -3.105 -3.105 -3.105 -3.105 -3.105 -3.105 -3.105 -3.105 -3.105 -3.105 
# name: power
# type: matrix
# rows: 1
# columns: 358
 0.0 0.0 0.0 0.0 0.0 0.0 0.0 0.0 0.0 0.0 0.0 0.0 0.0 0.0 0.0 0.0 21.739 0.724 0.724 0.724 0.724 1133.03 1134.273 0.621 0.621 0.724 0.724 232.299 0.724 0.724 0.724 0.724 0.724 0.724 140.373 0.724 0.724 0.621 0.724 0.724 0.724 0.621 0.621 0.724 0.724 0.724 251.761 0.724 0.724 0.621 0.724 319.567 0.724 0.724 0.724 0.724 0.724 0.724 0.724 0.724 0.724 0.724 0.724 0.724 0.724 0.724 0.724 178.676 0.724 0.0 0.0 0.0 0.0 0.0 0.0 0.0 0.0 0.0 0.0 0.0 0.0 0.0 0.0 0.0 0.0 0.0 3.312 0.724 0.724 0.724 0.724 0.724 0.621 0.724 0.724 0.724 0.724 0.724 0.724 0.724 0.724 0.724 1004.354 0.724 0.724 0.724 0.621 0.621 0.724 0.724 0.724 0.724 0.724 0.724 0.724 0.724 0.724 0.724 0.724 0.621 0.621 0.724 0.724 0.724 0.724 0.724 0.724 0.724 0.724 0.724 0.621 0.724 0.724 0.0 0.0 0.0 0.0 0.0 0.0 0.0 0.0 0.0 0.0 0.0 0.0 0.0 0.0 0.0 0.0 0.0 0.0 0.0 0.0 0.0 0.0 0.0 0.0 0.0 0.0 0.0 0.0 0.0 0.0 0.0 0.0 0.0 0.0 0.0 0.0 0.0 0.0 0.0 0.0 0.0 0.0 0.0 0.0 0.0 0.0 0.0 0.0 0.0 0.0 0.0 0.0 0.0 0.0 0.0 0.0 0.0 0.0 0.0 0.0 0.0 0.0 1089.241 0.724 0.724 0.724 0.724 1145.556 1140.38 1090.587 0.724 0.724 0.724 0.724 0.724 0.724 0.724 0.724 0.724 0.724 0.724 0.724 0.724 0.724 0.724 0.724 0.724 0.724 2.277 0.724 0.724 0.724 0.724 144.721 0.724 0.724 73.603 0.724 0.724 0.724 0.724 0.724 0.724 0.724 0.724 0.724 0.724 0.724 0.724 0.724 0.724 741.62 0.724 0.724 0.724 0.724 0.0 0.0 0.0 0.0 0.0 0.0 0.0 0.0 0.0 0.0 0.0 0.0 0.0 0.0 0.0 0.0 0.0 0.0 0.0 0.0 0.0 0.0 0.0 0.0 0.0 0.0 0.0 0.0 0.0 0.0 0.0 0.0 0.0 0.0 0.0 0.0 0.0 0.0 0.0 0.0 0.0 0.0 0.0 0.0 0.0 0.0 0.0 0.0 0.0 0.0 0.0 0.0 0.0 0.0 0.0 0.0 0.0 0.0 0.0 0.0 0.0 0.0 0.0 0.0 0.0 0.0 0.0 0.0 0.0 0.0 0.0 0.0 0.0 0.0 0.0 0.0 0.0 0.0 0.0 0.0 0.0 0.0 0.0 0.0 0.0 0.0 0.0 0.0 0.0 0.0 0.0 0.0 0.0 0.0 0.0 0.0 0.0 1101.042 963.257 0.621 0.724 0.724 0.724 0.724 0.724 0.621 0.724 0.724 0.724 
