# name: phAngle
# type: matrix
# rows: 1
# columns: 359
 273 289 0 273 2 43 1 273 273 273 273 273 273 273 273 273 277 273 273 273 273 273 273 273 273 273 273 273 273 273 273 273 273 273 273 273 273 273 273 273 273 273 273 273 273 273 273 273 273 273 273 273 273 273 273 280 273 273 273 273 273 273 273 273 273 273 273 278 273 273 273 273 273 273 273 273 273 273 273 273 273 273 273 273 273 273 273 273 273 273 273 273 273 273 273 273 273 277 273 273 273 273 273 273 273 273 273 273 273 273 273 273 289 273 273 273 273 273 273 273 273 273 273 273 273 273 273 325 273 273 273 273 273 273 273 273 273 273 273 273 273 273 273 273 273 273 273 273 273 273 273 273 273 273 273 273 273 273 273 273 273 273 273 351 273 273 273 273 273 273 273 273 273 273 273 273 273 273 273 273 273 273 273 273 356 273 273 273 273 273 273 273 273 273 273 273 273 273 273 273 273 273 273 273 273 358 273 273 273 273 273 273 273 273 273 273 273 273 273 273 273 273 273 273 273 273 273 273 273 273 273 273 359 273 273 273 273 273 273 273 273 273 273 273 273 273 273 273 273 273 273 273 273 273 273 273 273 273 273 359 273 273 273 273 273 273 273 273 273 273 273 273 273 273 273 346 273 273 273 273 273 273 273 273 273 273 273 273 273 273 273 273 273 273 273 273 273 273 273 273 273 273 273 273 273 273 273 273 354 273 273 273 273 273 273 273 273 273 273 273 273 273 273 273 273 273 273 273 273 273 273 273 273 273 273 273 273 273 273 273 273 356 273 273 273 273 273 273 273 273 273 273 273 273 273 273 273 273 273 
# name: freq
# type: matrix
# rows: 1
# columns: 359
 50.0 50.0 50.0 50.0 50.0 50.0 50.0 50.0 50.0 50.0 50.0 50.0 50.0 50.0 50.0 50.0 50.0 50.0 50.0 50.0 50.0 50.0 50.0 50.0 50.0 50.0 50.0 50.0 50.0 50.0 50.0 50.0 50.0 50.0 50.0 50.0 50.0 50.0 50.0 50.0 50.0 50.0 50.0 50.0 50.0 50.0 50.0 50.0 50.0 50.0 50.0 50.0 50.0 50.0 50.0 50.0 50.0 50.0 50.0 50.0 50.0 50.0 50.0 50.0 50.0 50.0 50.0 50.0 50.0 50.0 50.0 50.0 50.0 50.0 50.0 50.0 50.0 50.0 50.0 50.0 50.0 50.0 50.0 50.0 50.0 50.0 50.0 50.0 50.0 50.0 50.0 50.0 50.0 50.0 50.0 50.0 50.0 50.0 50.0 50.0 50.0 50.0 50.0 50.0 50.0 50.0 50.0 50.0 50.0 50.0 50.0 50.0 50.0 50.0 50.0 50.0 50.0 50.0 50.0 50.0 50.0 50.0 50.0 50.0 50.0 50.0 50.0 50.0 50.0 50.0 50.0 50.0 50.0 50.0 50.0 50.0 50.0 50.0 50.0 50.0 50.0 50.0 50.0 50.0 50.0 50.0 50.0 50.0 50.0 50.0 50.0 50.0 50.0 50.0 50.0 50.0 50.0 50.0 50.0 50.0 50.0 50.0 50.0 50.0 50.0 50.0 50.0 50.0 50.0 50.0 50.0 50.0 50.0 50.0 50.0 50.0 50.0 50.0 50.0 50.0 50.0 50.0 50.0 50.0 50.0 50.0 50.0 50.0 50.0 50.0 50.0 50.0 50.0 50.0 50.0 50.0 50.0 50.0 50.0 50.0 50.0 50.0 50.0 50.0 50.0 50.0 50.0 50.0 50.0 50.0 50.0 50.0 50.0 50.0 50.0 50.0 50.0 50.0 50.0 50.0 50.0 50.0 50.0 50.0 50.0 50.0 50.0 50.0 50.0 50.0 50.0 50.0 50.0 50.0 50.0 50.0 50.0 50.0 50.0 50.0 50.0 50.0 50.0 50.0 50.0 50.0 50.0 50.0 50.0 50.0 50.0 50.0 50.0 50.0 50.0 50.0 50.0 50.0 50.0 50.0 50.0 50.0 50.0 50.0 50.0 50.0 50.0 50.0 50.0 50.0 50.0 50.0 50.0 50.0 50.0 50.0 50.0 50.0 50.0 50.0 50.0 50.0 50.0 50.0 50.0 50.0 50.0 50.0 50.0 50.0 50.0 50.0 50.0 50.0 50.0 50.0 50.0 50.0 50.0 50.0 50.0 50.0 50.0 50.0 50.0 50.0 50.0 50.0 50.0 50.0 50.0 50.0 50.0 50.0 50.0 50.0 50.0 50.0 50.0 50.0 50.0 50.0 50.0 50.0 50.0 50.0 50.0 50.0 50.0 50.0 50.0 50.0 50.0 50.0 50.0 50.0 50.0 50.0 50.0 50.0 50.0 50.0 50.0 50.0 50.0 50.0 50.0 50.0 50.0 50.0 50.0 50.0 50.0 50.0 50.0 50.0 50.0 50.0 50.0 
# name: reacPower
# type: matrix
# rows: 1
# columns: 359
 -12.836 -12.629 -11.697 -12.836 35.507 38.509 34.472 -12.836 -12.836 -12.836 -12.836 -12.836 -12.836 -12.836 -12.836 -12.836 -12.836 -12.836 -12.836 -12.836 -12.836 -12.836 -12.836 -12.836 -12.836 -12.836 -12.733 -12.733 -12.733 -12.733 -12.733 -12.836 -12.836 -12.836 -12.836 -12.836 -12.836 -12.836 -12.836 -12.836 -12.836 -12.836 -12.836 -12.836 -12.836 -12.836 -12.836 -12.836 -12.836 -12.733 -12.836 -12.836 -12.836 -12.836 -12.836 -12.733 -12.836 -12.836 -12.836 -12.836 -12.836 -12.836 -12.836 -12.836 -12.836 -12.836 -12.836 -12.733 -12.836 -12.836 -12.836 -12.836 -12.733 -12.836 -12.836 -12.836 -12.733 -12.836 -12.733 -12.733 -12.836 -12.733 -12.733 -12.733 -12.836 -12.836 -12.836 -12.836 -12.836 -12.733 -12.733 -12.733 -12.733 -12.836 -12.836 -12.836 -12.836 -12.733 -12.836 -12.733 -12.836 -12.733 -12.836 -12.836 -12.836 -12.836 -12.836 -12.836 -12.836 -12.733 -12.836 -12.733 -12.629 -12.836 -12.733 -12.836 -12.836 -12.836 -12.733 -12.733 -12.733 -12.733 -12.836 -12.733 -12.733 -12.733 -12.733 -12.215 -12.733 -12.733 -12.733 -12.733 -12.733 -12.733 -12.733 -12.733 -12.733 -12.733 -12.836 -12.733 -12.733 -12.733 -12.733 -12.733 -12.733 -12.733 -12.733 -12.733 -12.733 -12.733 -12.733 -12.733 -12.629 -12.733 -12.733 -12.733 -12.733 -12.733 -12.733 -12.733 -12.733 -12.733 -12.733 -10.869 -12.733 -12.733 -12.733 -12.733 -12.733 -12.733 -12.733 -12.733 -12.733 -12.733 -12.733 -12.733 -12.733 -12.733 -12.733 -12.733 -12.733 -12.733 -12.733 -12.733 -10.766 -12.733 -12.733 -12.733 -12.733 -12.733 -12.733 -12.629 -12.733 -12.733 -12.733 -12.629 -12.733 -12.733 -12.629 -12.629 -12.629 -12.733 -12.629 -12.733 -12.733 -10.869 -12.733 -12.733 -12.629 -12.629 -12.629 -12.629 -12.629 -12.733 -12.733 -12.733 -12.629 -12.629 -12.629 -12.629 -12.629 -12.629 -12.629 -12.733 -12.733 -12.733 -12.733 -12.733 -12.629 -12.629 -12.629 -12.629 -10.973 -12.629 -12.733 -12.629 -12.733 -12.733 -12.733 -12.733 -12.733 -12.733 -12.733 -12.733 -12.629 -12.733 -12.629 -12.733 -12.733 -12.629 -12.629 -12.733 -12.733 -12.733 -12.733 -12.733 -12.733 -12.733 -12.733 -11.283 -12.733 -12.733 -12.629 -12.733 -12.629 -12.629 -12.629 -12.733 -12.733 -12.733 -12.733 -12.733 -12.733 -12.733 -12.733 -14.492 -12.733 -12.733 -12.733 -12.733 -12.733 -12.733 -12.629 -12.733 -12.733 -12.733 -12.836 -12.733 -12.733 -12.733 -12.733 -12.733 -12.733 -12.629 -12.733 -12.733 -12.733 -12.733 -12.629 -12.629 -12.733 -12.629 -12.733 -12.836 -12.733 -12.733 -12.733 -12.733 -14.699 -12.733 -12.836 -12.836 -12.836 -12.836 -12.733 -12.733 -12.836 -12.733 -12.836 -12.733 -12.733 -12.836 -12.733 -12.733 -12.733 -12.733 -12.733 -12.836 -12.836 -12.733 -12.733 -12.836 -12.733 -12.836 -12.733 -12.733 -12.733 -12.733 -12.836 -12.733 -12.733 -14.906 -12.836 -12.733 -12.733 -12.836 -12.836 -12.836 -12.836 -12.733 -12.733 -12.733 -12.733 -12.836 -12.836 -12.836 -12.836 -12.836 -12.836 
