# name: phAngle
# type: matrix
# rows: 1
# columns: 347
 0 0 0 0 0 0 12 38 0 0 0 0 0 0 1 2 2 0 0 0 0 0 0 0 0 0 0 0 0 0 0 0 0 0 0 0 0 0 0 0 0 0 0 0 0 0 0 0 0 0 0 0 0 0 0 0 0 0 0 0 0 0 0 0 0 0 0 0 0 0 0 0 0 0 0 0 0 0 0 0 0 0 0 0 0 0 0 0 0 0 0 0 0 0 0 0 0 0 0 0 0 0 0 0 0 0 0 0 0 0 0 0 0 0 0 0 0 0 0 0 0 0 0 0 0 0 0 0 0 0 0 0 0 0 1 0 0 0 1 0 0 0 0 0 0 0 0 0 0 0 0 0 0 0 0 0 0 0 0 0 0 0 0 0 0 0 0 0 0 0 0 0 0 0 0 0 0 0 0 0 0 0 0 0 0 0 0 0 0 0 0 0 0 0 0 0 0 0 0 0 0 0 0 0 0 0 0 0 0 0 0 0 0 0 0 0 0 0 0 0 0 0 0 0 0 0 0 0 0 0 0 0 0 0 0 0 0 0 0 0 0 0 0 0 0 0 0 0 0 0 0 0 0 0 0 0 0 0 0 0 0 0 0 0 0 0 0 0 0 0 0 0 0 0 0 0 0 0 0 0 0 0 0 0 0 0 0 0 0 0 0 0 0 0 0 0 0 0 0 0 0 0 0 0 0 0 0 0 0 0 0 0 0 0 0 0 0 0 0 0 0 0 0 0 0 0 0 0 0 0 0 0 0 0 0 0 0 0 0 0 0 0 0 0 0 0 0 
# name: freq
# type: matrix
# rows: 1
# columns: 347
 50.0 50.0 50.0 50.0 50.0 50.0 50.0 50.0 50.0 50.0 50.0 50.0 50.0 50.0 50.0 50.0 50.0 50.0 50.0 50.0 50.0 50.0 50.0 50.0 50.0 50.0 50.0 50.0 50.0 50.0 50.0 50.0 50.0 50.0 50.0 50.0 50.0 50.0 50.0 50.0 50.0 50.0 50.0 50.0 50.0 50.0 50.0 50.0 50.0 50.0 50.0 50.0 50.0 50.0 50.0 50.0 50.0 50.0 50.0 50.0 50.0 50.0 50.0 50.0 50.0 50.0 50.0 50.0 50.0 50.0 50.0 50.0 50.0 50.0 50.0 50.0 50.0 50.0 50.0 50.0 50.0 50.0 50.0 50.0 50.0 50.0 50.0 50.0 50.0 50.0 50.0 50.0 50.0 50.0 50.0 50.0 50.0 50.0 50.0 50.0 50.0 50.0 50.0 50.0 50.0 50.0 50.0 50.0 50.0 50.0 50.0 50.0 50.0 50.0 50.0 50.0 50.0 50.0 50.0 50.0 50.0 50.0 50.0 50.0 50.0 50.0 50.0 50.0 50.0 50.0 50.0 50.0 50.0 50.0 50.0 50.0 50.0 50.0 50.0 50.0 50.0 50.0 50.0 50.0 50.0 50.0 50.0 50.0 50.0 50.0 50.0 50.0 50.0 50.0 50.0 50.0 50.0 50.0 50.0 50.0 50.0 50.0 50.0 50.0 50.0 50.0 50.0 50.0 50.0 50.0 50.0 50.0 50.0 50.0 50.0 50.0 50.0 50.0 50.0 50.0 50.0 50.0 50.0 50.0 50.0 50.0 50.0 50.0 50.0 50.0 50.0 50.0 50.0 50.0 50.0 50.0 50.0 50.0 50.0 50.0 50.0 50.0 50.0 50.0 50.0 50.0 50.0 50.0 50.0 50.0 50.0 50.0 50.0 50.0 50.0 50.0 50.0 50.0 50.0 50.0 50.0 50.0 50.0 50.0 50.0 50.0 50.0 50.0 50.0 50.0 50.0 50.0 50.0 50.0 50.0 50.0 50.0 50.0 50.0 50.0 50.0 50.0 50.0 50.0 50.0 50.0 50.0 50.0 50.0 50.0 50.0 50.0 50.0 50.0 50.0 50.0 50.0 50.0 50.0 50.0 50.0 50.0 50.0 50.0 50.0 50.0 50.0 50.0 50.0 50.0 50.0 50.0 50.0 50.0 50.0 50.0 50.0 50.0 50.0 50.0 50.0 50.0 50.0 50.0 50.0 50.0 50.0 50.0 50.0 50.0 50.0 50.0 50.0 50.0 50.0 50.0 50.0 50.0 50.0 50.0 50.0 50.0 50.0 50.0 50.0 50.0 50.0 50.0 50.0 50.0 50.0 50.0 50.0 50.0 50.0 50.0 50.0 50.0 50.0 50.0 50.0 50.0 50.0 50.0 50.0 50.0 50.0 50.0 50.0 50.0 50.0 50.0 50.0 50.0 50.0 50.0 50.0 50.0 50.0 50.0 50.0 50.0 50.0 50.0 50.0 50.0 50.0 
# name: reacPower
# type: matrix
# rows: 1
# columns: 347
 0.0 0.517 0.414 0.414 0.621 0.621 53.727 51.242 0.207 0.621 0.621 0.414 0.414 0.414 19.668 47.101 48.861 0.621 0.414 0.414 0.517 0.621 0.621 0.621 0.621 0.621 0.207 0.31 0.207 -2.795 0.621 0.621 0.621 0.621 0.621 0.621 0.621 0.207 -2.484 0.517 0.621 0.414 0.31 0.517 0.31 0.517 0.517 -3.726 0.414 0.621 0.207 0.207 0.621 0.621 0.517 0.621 0.621 0.621 0.207 0.517 0.724 0.724 0.414 0.414 0.517 0.724 1.449 0.621 0.724 0.414 0.103 0.207 0.31 0.414 0.0 0.207 0.31 0.31 0.207 0.31 0.103 0.103 0.31 0.207 0.31 0.31 0.207 0.207 0.207 0.207 0.207 0.414 0.517 0.517 0.517 0.621 0.621 0.414 0.414 0.621 0.621 0.414 0.414 0.621 0.517 0.621 0.621 0.621 0.414 0.517 0.621 0.621 0.621 0.621 0.621 0.517 0.517 0.517 0.621 0.621 0.517 0.517 0.517 0.517 0.621 0.621 0.621 0.621 0.621 0.517 0.621 0.724 0.724 0.724 30.642 0.724 0.724 0.621 30.124 0.724 0.621 0.621 0.621 0.724 0.621 0.621 0.621 0.724 0.724 0.414 0.621 0.621 0.724 0.621 0.621 0.724 0.621 0.724 0.724 0.724 0.724 0.724 0.724 0.724 0.724 0.724 0.724 0.621 0.724 0.828 0.724 0.724 0.724 0.724 0.724 0.724 -3.416 0.724 0.828 0.828 0.828 0.828 0.828 0.828 0.828 0.828 0.828 0.828 0.828 0.828 0.828 0.828 0.828 0.828 0.828 0.828 0.724 0.724 0.828 0.828 0.828 0.828 0.517 0.517 0.517 0.517 0.517 0.517 0.517 0.517 0.517 0.517 0.517 0.517 0.517 0.414 0.517 0.517 0.517 0.0 0.0 0.0 0.0 0.0 0.0 0.0 0.0 0.0 0.0 0.0 0.0 0.0 0.0 0.0 0.0 0.0 0.0 0.0 0.0 0.0 0.0 0.0 0.0 0.0 0.0 0.0 0.0 0.0 0.0 0.0 0.0 0.0 0.0 0.0 0.0 0.0 0.0 0.0 0.0 0.0 0.0 0.0 0.0 0.0 0.0 0.0 0.0 0.0 0.0 0.0 0.0 0.0 0.0 0.0 0.0 0.0 0.0 0.0 0.0 0.0 0.0 0.0 0.0 0.0 0.0 0.0 0.0 0.0 0.0 0.0 0.0 0.0 0.0 0.0 0.0 0.0 0.0 0.0 0.0 0.0 0.0 0.0 0.0 0.0 0.0 0.0 0.0 0.0 0.0 0.0 0.0 0.0 0.0 0.0 0.0 0.0 0.0 0.0 0.0 0.0 0.0 0.0 0.0 0.0 0.0 0.0 0.0 0.0 0.0 0.0 0.0 0.0 0.0 0.0 0.0 0.0 0.0 0.0 0.0 0.0 0.0 0.0 0.0 0.0 0.0 0.0 0.0 
# name: power
# type: matrix
# rows: 1
# columns: 347
 0.0 3.416 3.312 3.416 3.416 3.416 249.691 65.838 3.312 3.312 3.312 3.312 3.312 3.623 678.679 1509.12 1284.481 3.623 3.623 3.623 3.623 3.623 3.623 3.623 3.623 3.623 3.519 3.519 3.519 777.541 3.623 3.623 3.623 3.623 3.623 3.519 3.519 3.416 345.24 3.416 3.519 3.416 3.416 3.416 3.416 3.519 3.519 1390.589 3.416 3.519 3.416 3.416 3.519 3.519 3.519 3.519 3.519 3.416 3.416 3.416 3.416 3.519 3.416 3.416 3.416 3.519 974.023 3.519 3.519 3.416 3.416 3.416 3.416 3.416 3.416 3.416 3.416 3.416 3.416 3.416 3.416 3.416 3.416 3.416 3.416 3.416 3.416 3.416 3.416 3.416 3.416 3.416 3.416 3.416 3.416 3.416 3.416 3.416 3.416 3.416 3.416 3.416 3.416 3.416 3.416 3.416 3.416 3.416 3.416 3.416 3.416 3.416 3.416 3.416 3.416 3.416 3.416 3.416 3.416 3.416 3.416 3.416 3.416 3.416 3.416 3.416 3.416 3.416 3.416 3.519 3.416 3.416 3.519 3.416 1498.457 3.623 3.623 3.519 1496.594 3.623 3.623 3.623 3.623 3.623 3.623 3.623 3.519 3.623 3.623 3.519 3.519 3.519 3.519 3.623 3.519 3.519 3.519 3.416 3.416 3.416 3.416 3.519 3.416 3.416 3.416 3.416 3.416 3.416 3.416 3.519 3.416 3.416 3.416 3.519 3.416 3.416 1290.795 3.416 3.416 3.519 3.519 3.519 3.519 3.519 3.416 3.519 3.519 3.519 3.519 3.519 3.519 3.519 3.416 3.416 3.519 3.416 3.416 3.416 3.416 3.416 3.519 3.519 3.416 3.416 3.416 3.416 3.416 3.416 3.416 3.416 3.416 3.416 3.416 3.416 3.416 3.416 3.416 3.416 3.416 0.0 0.0 0.0 0.0 0.0 0.0 0.0 0.0 0.0 0.0 0.0 0.0 0.0 0.0 0.0 0.0 0.0 0.0 0.0 0.0 0.0 0.0 0.0 0.0 0.0 0.0 0.0 0.0 0.0 0.0 0.0 0.0 0.0 0.0 0.0 0.0 0.0 0.0 0.0 0.0 0.0 0.0 0.0 0.0 0.0 0.0 0.0 0.0 0.0 0.0 0.0 0.0 0.0 0.0 0.0 0.0 0.0 0.0 0.0 0.0 0.0 0.0 0.0 0.0 0.0 0.0 0.0 0.0 0.0 0.0 0.0 0.0 0.0 0.0 0.0 0.0 0.0 0.0 0.0 0.0 0.0 0.0 0.0 0.0 0.0 0.0 0.0 0.0 0.0 0.0 0.0 0.0 0.0 0.0 0.0 0.0 0.0 0.0 0.0 0.0 0.0 0.0 0.0 0.0 0.0 0.0 0.0 0.0 0.0 0.0 0.0 0.0 0.0 0.0 0.0 0.0 0.0 0.0 0.0 0.0 0.0 0.0 0.0 0.0 0.0 0.0 0.0 0.0 
