# name: phAngle
# type: matrix
# rows: 1
# columns: 355
 0 0 0 0 0 0 0 0 0 0 0 0 0 0 0 0 0 0 0 0 0 0 0 0 0 0 0 0 0 0 0 0 0 0 0 0 0 0 0 0 0 0 0 0 0 0 0 0 0 0 0 0 0 0 0 0 0 0 0 0 0 0 0 0 0 0 1 0 0 0 0 0 0 0 0 0 0 0 1 0 0 1 0 0 0 0 0 0 0 0 0 0 0 0 0 0 0 0 0 0 0 0 0 0 0 0 0 0 0 0 0 0 0 0 0 0 0 0 0 0 0 0 0 0 0 0 0 0 0 0 0 0 0 0 0 0 0 0 0 0 0 0 0 0 0 0 0 0 0 0 0 0 0 0 0 0 0 0 0 0 0 0 0 0 0 0 0 0 0 0 0 0 0 0 0 0 0 0 0 0 0 0 0 0 0 0 0 0 0 0 0 0 0 0 0 0 0 0 0 0 0 0 0 0 0 0 0 0 0 0 0 0 0 0 0 0 0 0 0 0 0 0 0 0 0 0 0 0 0 0 0 0 0 0 0 0 0 0 0 0 0 0 0 0 0 0 0 0 0 0 0 0 0 0 0 0 0 0 0 0 0 0 0 0 0 0 0 0 0 0 0 0 0 0 0 0 0 0 0 1 0 0 0 0 0 0 0 0 0 0 0 0 0 0 0 0 0 0 0 0 0 0 0 0 0 0 0 0 0 0 1 0 0 0 0 0 0 0 0 0 0 0 0 0 0 0 0 0 0 0 0 0 0 0 0 0 0 0 0 0 0 0 0 0 0 0 0 0 0 0 0 0 0 0 0 
# name: freq
# type: matrix
# rows: 1
# columns: 355
 50.0 50.0 50.0 50.0 50.0 50.0 50.0 50.0 50.0 50.0 50.0 50.0 50.0 50.0 50.0 50.0 50.0 50.0 50.0 50.0 50.0 50.0 50.0 50.0 50.0 50.0 50.0 50.0 50.0 50.0 50.0 50.0 50.0 50.0 50.0 50.0 50.0 50.0 50.0 50.0 50.0 50.0 50.0 50.0 50.0 50.0 50.0 50.0 50.0 50.0 50.0 50.0 50.0 50.0 50.0 50.0 50.0 50.0 50.0 50.0 50.0 50.0 50.0 50.0 50.0 50.0 50.0 50.0 50.0 50.0 50.0 50.0 50.0 50.0 50.0 50.0 50.0 50.0 50.0 50.0 50.0 50.0 50.0 50.0 50.0 50.0 50.0 50.0 50.0 50.0 50.0 50.0 50.0 50.0 50.0 50.0 50.0 50.0 50.0 50.0 50.0 50.0 50.0 50.0 50.0 50.0 50.0 50.0 50.0 50.0 50.0 50.0 50.0 50.0 50.0 50.0 50.0 50.0 50.0 50.0 50.0 50.0 50.0 50.0 50.0 50.0 50.0 50.0 50.0 50.0 50.0 50.0 50.0 50.0 50.0 50.0 50.0 50.0 50.0 50.0 50.0 50.0 50.0 50.0 50.0 50.0 50.0 50.0 50.0 50.0 50.0 50.0 50.0 50.0 50.0 50.0 50.0 50.0 50.0 50.0 50.0 50.0 50.0 50.0 50.0 50.0 50.0 50.0 50.0 50.0 50.0 50.0 50.0 50.0 50.0 50.0 50.0 50.0 50.0 50.0 50.0 50.0 50.0 50.0 50.0 50.0 50.0 50.0 50.0 50.0 50.0 50.0 50.0 50.0 50.0 50.0 50.0 50.0 50.0 50.0 50.0 50.0 50.0 50.0 50.0 50.0 50.0 50.0 50.0 50.0 50.0 50.0 50.0 50.0 50.0 50.0 50.0 50.0 50.0 50.0 50.0 50.0 50.0 50.0 50.0 50.0 50.0 50.0 50.0 50.0 50.0 50.0 50.0 50.0 50.0 50.0 50.0 50.0 50.0 50.0 50.0 50.0 50.0 50.0 50.0 50.0 50.0 50.0 50.0 50.0 50.0 50.0 50.0 50.0 50.0 50.0 50.0 50.0 50.0 50.0 50.0 50.0 50.0 50.0 50.0 50.0 50.0 50.0 50.0 50.0 50.0 50.0 50.0 50.0 50.0 50.0 50.0 50.0 50.0 50.0 50.0 50.0 50.0 50.0 50.0 50.0 50.0 50.0 50.0 50.0 50.0 50.0 50.0 50.0 50.0 50.0 50.0 50.0 50.0 50.0 50.0 50.0 50.0 50.0 50.0 50.0 50.0 50.0 50.0 50.0 50.0 50.0 50.0 50.0 50.0 50.0 50.0 50.0 50.0 50.0 50.0 50.0 50.0 50.0 50.0 50.0 50.0 50.0 50.0 50.0 50.0 50.0 50.0 50.0 50.0 50.0 50.0 50.0 50.0 50.0 50.0 50.0 50.0 50.0 50.0 50.0 50.0 50.0 50.0 50.0 50.0 50.0 50.0 50.0 50.0 
# name: reacPower
# type: matrix
# rows: 1
# columns: 355
 0.0 0.0 0.0 0.0 0.0 0.0 0.0 0.0 0.0 0.0 0.0 0.0 0.0 0.0 0.0 0.0 0.0 0.0 0.0 0.0 0.0 0.0 0.0 0.0 0.0 0.0 0.0 0.0 0.0 0.0 0.0 0.0 0.0 0.0 0.0 0.0 0.0 0.0 0.0 0.0 0.0 0.0 0.0 0.0 0.0 0.0 0.0 0.0 0.0 0.0 0.0 0.0 0.0 0.0 0.0 0.0 0.0 0.0 0.0 0.0 0.0 -1.863 -1.966 1.966 0.0 0.0 9.109 0.828 1.863 0.103 0.0 0.0 0.0 0.0 0.0 0.0 0.0 0.0 29.606 0.31 0.31 29.503 0.31 0.31 0.31 0.414 0.414 0.414 0.414 0.414 0.414 0.414 0.517 0.517 0.517 0.517 0.517 0.517 0.103 0.414 0.31 0.414 0.414 0.517 0.414 0.414 0.414 0.414 0.414 0.414 0.414 0.414 0.31 0.0 -0.414 -0.414 -0.31 -0.31 0.0 0.0 0.0 0.0 0.0 0.0 0.0 0.0 0.0 0.0 0.0 0.103 0.0 0.0 0.0 0.0 0.103 0.0 0.0 0.0 0.0 0.0 -0.103 -0.103 -0.103 -0.103 -0.414 -0.414 -2.691 -0.414 0.0 -0.103 -0.103 0.0 0.0 0.0 0.0 0.0 0.0 0.0 0.0 0.0 0.0 0.0 0.0 0.0 0.0 0.0 0.0 0.0 0.31 0.31 0.31 0.414 0.31 0.207 0.207 0.828 0.207 0.207 0.31 0.207 0.31 0.31 0.31 0.414 0.414 0.414 0.414 0.517 0.517 0.517 0.517 0.517 0.517 0.517 0.517 0.517 0.517 0.517 0.517 0.414 0.414 0.414 0.414 0.414 0.414 0.414 0.414 0.414 0.31 0.414 0.517 0.517 0.517 0.517 0.517 0.517 0.517 0.517 0.517 0.414 0.517 0.517 0.517 0.517 0.517 0.517 0.517 -2.898 0.517 0.517 0.517 0.517 0.517 0.517 0.517 0.517 0.517 0.517 0.517 0.517 0.517 0.621 0.414 0.414 0.414 0.414 0.414 0.414 2.484 0.414 0.414 0.517 0.517 0.621 0.517 0.621 0.621 0.31 0.414 0.414 0.414 0.414 0.31 0.31 0.0 0.0 0.0 0.0 0.103 0.103 0.207 0.207 0.103 0.207 0.0 0.0 0.103 0.103 0.103 2.484 0.31 0.207 0.31 0.31 0.31 0.207 0.31 0.103 0.103 0.103 0.103 0.103 0.207 0.414 0.414 0.207 0.207 0.0 0.103 0.31 0.31 0.31 0.31 0.414 0.31 0.31 0.31 0.31 0.414 0.31 2.588 0.207 0.207 0.414 0.207 0.207 0.207 0.207 0.414 0.414 0.207 0.207 0.31 0.31 0.414 0.517 0.31 0.31 0.31 0.31 0.517 0.414 0.31 0.31 0.207 0.207 0.31 0.207 0.207 0.207 0.207 1.345 0.207 0.207 0.207 0.207 0.207 0.207 0.207 0.31 0.207 0.207 0.103 0.103 0.207 
# name: power
# type: matrix
# rows: 1
# columns: 355
 0.0 0.0 0.0 0.0 0.0 0.0 0.0 0.0 0.0 0.0 0.0 0.0 0.0 0.0 0.0 0.0 0.0 0.0 0.0 0.0 0.0 0.0 0.0 0.0 0.0 0.0 0.0 0.0 0.0 0.0 0.0 0.0 0.0 0.0 0.0 0.0 0.0 0.0 0.0 0.0 0.0 0.0 0.0 0.0 0.0 0.0 0.0 0.0 0.0 0.0 0.0 0.0 0.0 0.0 0.0 0.0 0.0 0.0 0.0 0.0 0.0 1436.035 1434.275 142.237 3.519 3.519 355.799 15.528 419.982 3.519 3.519 3.519 3.519 3.519 3.519 3.519 3.519 3.519 1478.167 3.519 3.519 1479.203 3.519 3.519 3.519 3.519 3.312 3.312 3.519 3.519 3.519 3.519 3.519 3.519 3.519 3.519 3.519 3.519 3.416 3.519 3.416 3.416 3.416 3.416 3.416 3.416 3.416 3.312 3.416 3.416 3.416 3.416 3.312 3.312 3.209 3.209 3.209 3.209 3.312 3.312 3.312 3.312 3.312 3.312 3.312 3.312 3.312 3.312 3.312 3.312 3.312 3.312 3.312 3.312 3.312 3.312 3.312 3.312 3.312 3.312 3.312 3.312 3.312 3.312 3.209 3.209 216.771 3.209 3.312 3.312 3.312 3.312 3.312 3.312 3.312 3.312 3.312 3.312 3.312 3.312 3.312 3.312 3.312 3.312 3.312 3.312 3.312 3.312 3.312 3.312 3.312 3.312 3.312 3.312 3.312 1204.356 3.312 3.312 3.312 3.312 3.312 3.312 3.312 3.312 3.312 3.312 3.312 3.312 3.312 3.416 3.312 3.416 3.416 3.416 3.416 3.312 3.416 3.416 3.312 3.312 3.312 3.312 3.312 3.312 3.312 3.312 3.312 3.312 3.312 3.312 3.416 3.312 3.416 3.416 3.312 3.416 3.416 3.312 3.312 3.312 3.416 3.416 3.416 3.416 3.312 3.312 3.416 793.069 3.312 3.312 3.312 3.312 3.416 3.312 3.312 3.312 3.312 3.312 3.416 3.416 3.416 3.416 3.312 3.312 3.416 3.312 3.312 3.312 177.33 3.312 3.312 3.416 3.312 3.416 3.416 3.416 3.312 3.312 3.312 3.312 3.312 3.312 3.312 3.312 3.312 3.312 3.312 3.312 3.312 3.312 3.312 3.312 3.312 3.312 3.312 3.312 3.312 3.312 3.312 125.673 3.312 3.312 3.312 3.312 3.312 3.312 3.312 3.312 3.312 3.312 3.312 3.312 3.312 3.312 3.312 3.312 3.312 3.312 3.312 3.312 3.312 3.312 3.312 3.312 3.312 3.312 3.312 3.312 3.312 3.312 77.536 3.312 3.312 3.312 3.312 3.312 3.312 3.312 3.312 3.312 3.312 3.312 3.312 3.312 3.312 3.312 3.312 3.312 3.312 3.312 3.312 3.312 3.312 3.312 3.312 3.312 3.312 3.312 3.312 3.312 3.312 42.753 3.312 3.312 3.312 3.312 3.312 3.312 3.312 3.312 3.312 3.312 3.312 3.312 3.312 
