# name: phAngle
# type: matrix
# rows: 1
# columns: 359
 273 273 273 273 358 273 273 273 273 273 273 273 273 273 273 273 273 273 273 273 273 273 273 273 273 358 273 273 273 273 273 273 273 273 273 273 273 357 273 273 273 273 273 273 273 273 273 273 273 273 273 273 273 273 273 273 273 273 273 273 273 273 273 273 273 273 273 273 273 273 273 273 273 273 273 273 273 273 273 273 273 273 348 273 273 273 273 273 273 273 273 310 273 273 273 273 273 273 273 273 273 273 273 273 273 273 273 273 273 273 273 273 273 273 273 273 273 273 273 273 273 273 273 273 273 273 273 273 273 273 273 273 273 273 273 273 273 273 273 273 273 274 273 273 273 273 273 273 273 273 273 273 273 273 273 273 275 273 273 273 1 10 273 273 355 273 273 273 273 273 0 0 0 0 0 0 0 0 0 0 0 0 0 0 0 0 0 0 0 0 0 0 0 0 0 0 0 0 0 0 0 0 0 0 0 0 0 0 0 0 0 0 0 0 0 0 0 0 0 0 0 0 0 0 0 0 0 0 0 0 0 0 0 0 0 0 0 0 0 0 0 0 0 0 0 0 0 0 0 0 0 0 0 0 0 0 0 0 0 0 0 0 0 0 0 0 0 0 0 0 0 0 0 0 0 0 0 0 0 0 273 359 273 273 273 2 42 1 358 273 273 1 2 42 273 359 273 1 42 273 274 273 273 1 42 273 358 273 273 273 273 273 273 273 273 273 273 273 359 273 273 273 273 273 273 273 273 273 273 273 273 273 273 273 273 273 273 273 273 273 273 273 273 273 273 359 273 273 273 273 273 273 273 273 273 273 273 273 273 
# name: freq
# type: matrix
# rows: 1
# columns: 359
 50.0 50.0 50.0 50.0 50.0 50.0 50.1 50.0 50.0 50.0 50.0 50.0 50.0 50.0 50.0 50.0 50.0 50.0 50.0 50.0 50.0 50.0 50.0 50.0 50.0 50.0 50.0 50.0 50.0 50.0 50.0 50.0 50.0 50.0 50.0 50.0 50.0 50.0 50.0 50.0 50.0 50.0 50.0 50.0 50.0 50.0 50.0 50.0 50.0 50.0 50.0 50.0 50.0 50.0 50.0 50.0 50.0 50.0 50.0 50.0 50.0 50.0 50.0 50.0 50.0 50.0 50.0 50.0 50.0 50.0 50.0 50.0 50.0 50.0 50.0 50.0 50.0 50.0 50.0 50.0 50.0 50.0 50.0 50.0 50.0 50.0 50.0 50.0 50.0 50.0 50.0 50.0 50.0 50.0 50.0 50.0 50.0 50.0 50.0 50.0 50.0 50.0 50.0 50.0 50.0 50.0 50.0 50.0 50.0 50.0 50.0 50.0 50.0 50.0 50.0 50.0 50.0 50.0 50.0 50.0 50.0 50.0 50.0 50.0 50.0 50.0 50.0 50.0 50.0 50.0 50.0 50.0 50.0 50.0 50.0 50.0 50.0 50.0 50.0 50.0 50.0 50.0 50.0 50.0 50.0 50.0 50.0 50.0 50.0 50.0 50.0 50.0 50.0 50.0 50.0 50.0 50.0 50.0 50.0 50.0 50.0 50.0 50.0 50.0 50.0 50.0 50.0 50.0 50.0 50.0 50.0 50.0 50.0 50.0 50.0 50.0 50.0 50.0 50.0 50.0 50.0 50.0 50.0 50.0 50.0 50.0 50.0 50.0 50.0 50.0 50.0 50.0 50.0 50.0 50.0 50.0 50.0 50.0 50.0 50.0 50.0 50.0 50.0 50.0 50.0 50.0 50.0 50.0 50.0 50.0 50.0 50.0 50.0 50.0 50.0 50.0 50.0 50.0 50.0 50.0 50.0 50.0 50.0 50.0 50.0 50.0 50.0 50.0 50.0 50.0 50.0 50.0 50.0 50.0 50.0 50.0 50.0 50.0 50.0 50.0 50.0 50.0 50.0 50.0 50.0 50.0 50.0 50.0 50.0 50.0 50.0 50.0 50.0 50.0 50.0 50.0 50.0 50.0 50.0 50.0 50.0 50.0 50.0 50.0 50.0 50.0 50.0 50.0 50.0 50.0 50.0 50.0 50.0 50.0 50.0 50.0 50.0 50.0 50.0 50.0 50.0 50.0 50.0 50.0 50.0 50.0 50.0 50.0 50.0 50.0 50.0 50.0 50.0 50.0 50.0 50.0 50.0 50.0 50.0 50.0 50.0 50.0 50.0 50.0 50.0 50.0 50.0 50.0 50.0 50.0 50.0 50.0 50.0 50.0 50.0 50.0 50.0 50.0 50.0 50.0 50.0 50.0 50.0 50.0 50.0 50.0 50.0 50.0 50.0 50.0 50.0 50.0 50.0 50.0 50.0 50.0 50.0 50.0 50.0 50.0 50.0 50.0 50.0 50.0 50.0 50.0 50.0 50.0 50.0 50.0 50.0 50.0 50.0 50.0 50.0 50.0 50.0 50.0 50.0 
# name: reacPower
# type: matrix
# rows: 1
# columns: 359
 -12.733 -12.733 -12.733 -12.733 -14.803 -12.733 -12.733 -12.733 -12.733 -12.733 -12.733 -12.629 -12.733 -12.733 -12.733 -12.733 -12.629 -12.629 -12.629 -12.629 -12.733 -12.733 -12.733 -12.733 -12.733 -14.699 -12.733 -12.733 -12.733 -12.733 -12.836 -12.836 -12.836 -12.836 -12.733 -12.733 -12.733 -14.906 -12.733 -12.733 -12.733 -12.733 -12.733 -12.733 -12.733 -12.733 -12.733 -12.733 -12.733 -12.733 -12.733 -12.733 -12.733 -12.733 -12.733 -12.733 -12.733 -12.629 -12.629 -12.733 -12.733 -12.629 -12.629 -12.733 -12.629 -12.733 -12.733 -12.629 -12.629 -12.629 -12.629 -12.629 -12.629 -12.733 -12.733 -12.733 -12.733 -12.733 -12.733 -12.629 -12.733 -12.733 -14.182 -12.629 -12.733 -12.629 -12.629 -12.629 -12.629 -12.733 -12.629 -13.664 -12.733 -12.629 -12.629 -12.629 -12.629 -12.629 -12.733 -12.629 -12.629 -12.629 -12.629 -12.733 -12.629 -12.733 -12.733 -12.733 -12.733 -12.733 -12.733 -12.733 -12.733 -12.733 -12.733 -12.733 -12.733 -12.733 -12.733 -12.629 -12.629 -12.629 -12.629 -12.629 -12.629 -12.629 -12.629 -12.629 -12.629 -12.733 -12.629 -12.629 -12.629 -12.733 -12.629 -12.629 -12.629 -12.629 -12.629 -12.629 -12.629 -12.629 -12.629 -12.733 -12.629 -12.733 -12.733 -12.733 -12.629 -12.629 -12.733 -12.733 -12.629 -12.629 -12.629 -12.629 -12.525 -12.629 -12.629 -12.629 34.886 35.507 -12.629 -12.629 -14.492 -12.629 -12.525 -12.525 -12.525 -12.525 0.0 0.0 0.0 0.0 0.0 0.0 0.0 0.0 0.0 0.0 0.0 0.0 0.0 0.0 0.0 0.0 0.0 0.0 0.0 0.0 0.0 0.0 0.0 0.0 0.0 0.0 0.0 0.0 0.0 0.0 0.0 0.0 0.0 0.0 0.0 0.0 0.0 0.0 0.0 0.0 0.0 0.0 0.0 0.0 0.0 0.0 0.0 0.0 0.0 0.0 0.0 0.0 0.0 0.0 0.0 0.0 0.0 0.0 0.0 0.0 0.0 0.0 0.0 0.0 0.0 0.0 0.0 0.0 0.0 0.0 0.0 0.0 0.0 0.0 0.0 0.0 0.0 0.0 0.0 0.0 0.0 0.0 0.0 0.0 0.0 0.0 0.0 0.0 0.0 0.0 0.0 0.0 0.0 0.0 0.0 0.0 0.0 0.0 0.0 0.0 0.0 0.0 0.0 0.0 0.0 0.0 0.0 0.0 0.0 0.0 -12.733 -11.076 -12.629 -12.733 -12.733 31.47 36.439 32.194 -14.803 -12.629 -12.629 32.712 32.919 36.749 -12.629 -13.147 -12.629 33.023 36.232 -12.629 -12.629 -12.733 -12.629 32.608 35.818 -12.629 -11.076 -12.629 -12.629 -12.733 -12.733 -12.629 -12.629 -12.733 -12.629 -12.629 -12.629 -12.629 -10.973 -12.629 -12.525 -12.629 -12.629 -12.629 -12.629 -12.629 -12.629 -12.629 -12.629 -12.629 -12.629 -12.629 -12.629 -12.629 -12.629 -12.629 -12.629 -12.629 -12.629 -12.629 -12.525 -12.629 -12.629 -12.629 -12.629 -11.18 -12.525 -12.629 -12.629 -12.629 -12.525 -12.629 -12.629 -12.629 -12.629 -12.525 -12.525 -12.629 -12.629 
# name: power
# type: matrix
# rows: 1
# columns: 359
 0.724 0.724 0.724 0.724 362.735 0.724 0.724 0.724 0.724 0.724 0.724 0.724 0.724 0.724 0.724 0.724 0.724 0.724 0.621 0.724 0.724 0.724 0.724 0.724 0.724 329.401 0.724 0.724 0.724 0.724 0.724 0.724 0.724 0.724 0.724 0.724 0.724 291.513 0.724 0.724 0.724 0.724 0.724 0.724 0.724 0.724 0.724 0.621 0.724 0.724 0.724 0.724 0.724 0.724 0.724 0.724 0.724 0.724 0.724 0.724 0.724 0.724 0.724 0.724 0.724 0.724 0.621 0.724 0.724 0.724 0.724 0.724 0.724 0.724 0.724 0.724 0.724 0.724 0.724 0.724 0.724 0.724 59.524 0.724 0.724 0.621 0.724 0.724 0.724 0.724 0.724 12.215 0.724 0.724 0.724 0.724 0.724 0.724 0.724 0.724 0.724 0.724 0.724 0.724 0.724 0.724 0.724 0.724 0.724 0.724 0.724 0.724 0.724 0.621 0.724 0.724 0.724 0.724 0.724 0.724 0.724 0.724 0.724 0.724 0.724 0.724 0.724 0.724 0.724 0.621 0.724 0.724 0.724 0.724 0.724 0.621 0.724 0.724 0.724 0.724 0.724 0.931 0.621 0.724 0.621 0.724 0.724 0.724 0.724 0.724 0.724 0.621 0.621 0.621 0.724 0.621 1.035 0.724 0.621 0.621 1186.24 201.864 0.724 0.724 157.558 0.621 0.724 0.724 0.621 0.621 0.0 0.0 0.0 0.0 0.0 0.0 0.0 0.0 0.0 0.0 0.0 0.0 0.0 0.0 0.0 0.0 0.0 0.0 0.0 0.0 0.0 0.0 0.0 0.0 0.0 0.0 0.0 0.0 0.0 0.0 0.0 0.0 0.0 0.0 0.0 0.0 0.0 0.0 0.0 0.0 0.0 0.0 0.0 0.0 0.0 0.0 0.0 0.0 0.0 0.0 0.0 0.0 0.0 0.0 0.0 0.0 0.0 0.0 0.0 0.0 0.0 0.0 0.0 0.0 0.0 0.0 0.0 0.0 0.0 0.0 0.0 0.0 0.0 0.0 0.0 0.0 0.0 0.0 0.0 0.0 0.0 0.0 0.0 0.0 0.0 0.0 0.0 0.0 0.0 0.0 0.0 0.0 0.0 0.0 0.0 0.0 0.0 0.0 0.0 0.0 0.0 0.0 0.0 0.0 0.0 0.0 0.0 0.0 0.0 0.0 0.724 697.209 0.724 0.724 0.724 732.303 41.201 1146.902 438.408 0.724 0.724 1181.167 753.421 39.751 0.724 575.78 0.724 1185.826 39.958 0.724 0.931 0.724 0.724 1186.964 39.855 0.724 320.188 0.724 0.724 0.724 0.621 0.621 0.724 0.621 0.724 0.724 0.724 0.724 358.698 0.724 0.724 0.724 0.724 0.724 0.724 0.621 0.724 0.724 0.724 0.724 0.724 0.724 0.724 0.621 0.724 0.724 0.724 0.724 0.724 0.724 0.724 0.724 0.621 0.724 0.621 467.705 0.621 0.724 0.724 0.621 0.724 0.724 0.621 0.724 0.621 0.621 0.724 0.621 0.621 
