# name: phAngle
# type: matrix
# rows: 1
# columns: 360
 0 0 0 0 0 0 0 0 0 0 359 273 359 359 273 273 359 273 273 359 273 273 273 273 273 273 273 273 273 273 273 292 273 273 273 273 273 273 273 273 273 273 273 281 273 273 359 2 2 273 2 2 2 273 273 281 273 273 273 273 273 273 273 273 281 273 273 273 273 273 273 273 273 273 273 273 273 273 273 273 359 273 273 273 273 273 273 273 273 359 273 273 273 273 273 273 273 273 359 273 273 273 273 273 273 273 273 273 273 273 273 273 273 359 273 273 273 273 273 273 273 273 273 273 273 273 273 273 273 273 273 273 273 273 273 273 273 273 273 273 273 273 273 273 273 273 273 273 273 273 273 273 273 273 273 273 273 273 273 273 273 273 273 273 273 273 273 273 273 273 273 273 273 273 273 273 273 273 273 273 273 273 273 273 273 273 273 273 273 273 273 273 273 273 273 273 273 273 273 273 359 273 273 273 273 273 273 273 273 359 273 273 273 273 273 273 273 273 273 273 273 273 273 273 273 273 273 273 273 273 273 273 273 273 273 273 273 273 273 273 273 273 273 273 273 273 273 273 273 273 273 273 273 273 273 273 273 273 273 273 273 273 273 273 273 273 273 273 273 273 273 273 273 273 273 273 273 273 273 273 273 273 273 273 273 273 273 273 273 273 273 273 273 273 273 273 273 273 273 273 273 273 273 273 273 273 273 273 273 273 273 273 273 273 273 273 273 273 273 273 273 273 273 273 273 273 273 273 273 273 273 273 273 273 273 273 273 273 273 273 273 273 273 273 273 273 273 273 273 273 273 273 273 273 273 273 273 273 273 273 
# name: freq
# type: matrix
# rows: 1
# columns: 360
 50.0 50.0 50.0 50.0 50.0 50.0 50.0 50.0 50.0 50.0 50.0 50.0 50.0 50.0 50.0 50.0 50.0 50.0 50.0 50.0 50.0 50.0 50.0 50.0 50.0 50.0 50.0 50.0 50.0 50.0 50.0 50.0 50.0 50.0 50.0 50.0 50.0 50.0 50.0 50.0 50.0 50.0 50.0 50.0 50.0 50.0 50.0 50.0 50.0 50.0 50.0 50.0 50.0 50.0 50.0 50.0 50.0 50.0 50.0 50.0 50.0 50.0 50.0 50.0 50.0 50.0 50.0 50.0 50.0 50.0 50.0 50.0 50.0 50.0 50.0 50.0 50.0 50.0 50.0 50.0 50.0 50.0 50.0 50.0 50.0 50.0 50.0 50.0 50.0 50.0 50.0 50.0 50.0 50.0 50.0 50.0 50.0 50.0 50.0 50.0 50.0 50.0 50.0 50.0 50.0 50.0 50.0 50.0 50.0 50.0 50.0 50.0 50.0 50.0 50.0 50.0 50.0 50.0 50.0 50.0 50.0 50.0 50.0 50.0 50.0 50.0 50.0 50.0 50.0 50.0 50.0 50.0 50.0 50.0 50.0 50.0 50.0 50.0 50.0 50.0 50.0 50.0 50.0 50.0 50.0 50.0 50.0 50.0 50.0 50.0 50.0 50.0 50.0 50.0 50.0 50.0 50.0 50.0 50.0 50.0 50.0 50.0 50.0 50.0 50.0 50.0 50.0 50.0 50.0 50.0 50.0 50.0 50.0 50.0 50.0 50.0 50.0 50.0 50.0 50.0 50.0 50.0 50.0 50.0 50.0 50.0 50.0 50.0 50.0 50.0 50.0 50.0 50.0 50.0 50.0 50.0 50.0 50.0 50.0 50.0 50.0 50.0 50.0 50.0 50.0 50.0 50.0 50.0 50.0 50.0 50.0 50.0 50.0 50.0 50.0 50.0 50.0 50.0 50.0 50.0 50.0 50.0 50.0 50.0 50.0 50.0 50.0 50.0 50.0 50.0 50.0 50.0 50.0 50.0 50.0 50.0 50.0 50.0 50.0 50.0 50.0 50.0 50.0 50.0 50.0 50.0 50.0 50.0 50.0 50.0 50.0 50.0 50.0 50.0 50.0 50.0 50.1 50.0 50.0 50.0 50.0 50.0 50.0 50.0 50.0 50.0 50.0 50.0 50.0 50.0 50.0 50.0 50.0 50.0 50.0 50.0 50.0 50.0 50.0 50.0 50.0 50.0 50.0 50.0 50.0 50.0 50.0 50.0 50.0 50.0 50.0 50.0 50.0 50.0 50.0 50.0 50.0 50.0 50.0 50.0 50.0 50.0 50.0 50.0 50.1 50.0 50.0 50.0 50.0 50.0 50.0 50.0 50.0 50.0 50.0 50.0 50.0 50.0 50.0 50.0 50.1 50.0 50.0 50.0 50.0 50.0 50.0 50.0 50.0 50.0 50.0 50.1 50.0 50.0 50.0 50.0 50.0 50.0 50.0 50.0 50.0 50.0 50.0 50.0 50.0 50.0 50.0 50.0 50.0 50.0 50.0 50.0 50.0 50.0 50.0 50.0 50.0 50.0 50.0 50.0 
# name: reacPower
# type: matrix
# rows: 1
# columns: 360
 0.0 0.0 0.0 0.0 0.0 0.0 0.0 0.0 0.0 -11.594 -13.561 -11.283 -9.42 -13.457 -11.18 -11.18 -11.904 -11.18 -11.283 -11.801 -11.18 -11.076 -11.18 -11.18 -11.076 -11.076 -11.076 -11.076 -11.076 -10.973 -10.973 -10.869 -10.973 -10.973 -11.076 -11.076 -11.076 -11.076 -11.076 -11.076 -11.076 -11.076 -11.18 -11.076 -11.18 -11.18 -11.801 47.929 46.584 -11.076 33.23 44.824 44.824 -10.869 -10.973 -10.973 -10.973 -10.973 -10.973 -11.076 -10.973 -10.973 -10.973 -11.076 -10.869 -10.973 -10.973 -11.076 -10.973 -11.076 -11.076 -11.076 -11.076 -11.076 -11.283 -11.49 -11.387 -11.387 -11.49 -11.387 -12.008 -11.49 -11.49 -11.387 -11.387 -11.283 -11.387 -11.18 -11.18 -11.594 -11.283 -11.18 -11.283 -11.283 -11.283 -11.076 -11.076 -11.076 -11.801 -11.18 -11.076 -10.973 -11.076 -10.973 -11.076 -11.076 -11.18 -11.18 -11.076 -11.076 -11.076 -11.18 -11.076 -11.594 -11.076 -11.076 -11.076 -11.076 -11.076 -11.076 -10.973 -11.076 -11.076 -11.076 -11.076 -11.076 -11.18 -11.18 -11.076 -11.076 -11.076 -10.973 -10.973 -10.973 -11.076 -11.18 -11.076 -10.973 -10.973 -10.973 -11.076 -11.076 -11.18 -11.18 -11.076 -11.18 -11.18 -11.18 -11.076 -11.076 -11.076 -11.18 -11.076 -11.076 -11.18 -11.283 -11.076 -10.869 -10.869 -10.869 -10.662 -10.766 -10.973 -10.973 -10.869 -10.869 -10.973 -11.076 -11.076 -11.076 -11.283 -10.973 -10.973 -11.18 -11.076 -11.18 -10.973 -10.973 -11.076 -10.973 -10.973 -10.973 -10.973 -10.869 -10.766 -10.766 -10.973 -10.662 -10.559 -10.559 -10.662 -10.662 -10.662 -10.662 -10.766 -10.662 -10.662 -10.662 -10.766 -10.766 -11.076 -10.662 -10.766 -10.869 -10.766 -10.973 -10.869 -10.869 -10.766 -11.387 -10.869 -10.869 -10.766 -10.662 -10.869 -10.869 -10.766 -10.766 -10.766 -10.973 -10.766 -10.869 -10.973 -10.973 -10.869 -10.869 -10.973 -10.973 -10.973 -10.973 -10.973 -10.973 -10.973 -10.973 -10.973 -10.869 -10.766 -10.766 -10.869 -10.973 -10.869 -11.076 -10.973 -10.973 -10.973 -10.973 -11.076 -11.076 -10.973 -10.973 -11.076 -11.076 -11.076 -11.076 -11.18 -11.076 -11.076 -11.076 -11.076 -11.076 -10.973 -10.869 -11.076 -10.973 -10.973 -10.973 -10.973 -10.973 -10.869 -11.18 -11.076 -11.076 -10.973 -11.076 -11.076 -11.076 -11.076 -11.076 -11.387 -11.076 -11.076 -11.076 -11.18 -11.076 -11.076 -10.973 -11.076 -11.076 -11.076 -10.973 -10.973 -10.869 -10.869 -11.076 -11.076 -11.076 -10.869 -10.973 -10.973 -10.973 -10.869 -10.973 -11.076 -10.973 -11.076 -11.076 -11.076 -11.076 -11.076 -11.076 -11.076 -11.18 -11.076 -11.076 -11.076 -11.076 -11.076 -10.869 -11.18 -11.076 -11.076 -11.076 -11.076 -11.18 -11.076 -11.18 -11.076 -11.076 -11.076 -11.18 -11.18 -11.18 -10.973 -11.076 -11.076 -11.076 -11.076 -11.076 -11.076 -11.076 -11.076 -11.076 -11.18 -10.973 -10.973 -10.973 -11.076 -11.076 -10.973 -11.18 -11.076 -11.076 -11.076 -11.18 -11.18 -11.18 -11.076 -11.076 -11.18 -11.283 
