# name: phAngle
# type: matrix
# rows: 1
# columns: 360
 273 273 273 273 273 273 273 0 273 0 0 273 273 0 273 273 359 273 273 273 273 273 273 273 273 359 273 273 273 273 273 273 273 273 359 273 273 273 273 273 273 273 273 273 273 273 273 273 273 359 273 273 273 273 273 273 273 273 273 273 273 273 273 273 359 273 273 273 273 273 273 273 273 273 273 273 273 273 273 273 273 273 273 273 273 359 273 273 273 273 273 273 273 273 273 273 273 273 273 273 273 273 273 273 273 273 273 273 273 273 6 2 273 273 273 273 359 273 273 273 273 273 273 273 2 2 43 2 333 273 273 273 273 273 273 30 2 2 273 273 273 273 273 2 40 2 359 273 273 273 273 273 273 273 273 273 273 273 359 273 273 273 273 273 273 273 273 273 273 273 273 273 273 273 273 273 273 273 273 273 273 273 273 273 273 273 273 273 273 273 273 273 273 273 273 273 273 273 273 273 273 273 273 273 273 273 359 273 273 273 273 273 273 273 273 273 273 273 273 273 273 359 273 273 273 273 273 273 273 273 273 273 273 273 273 273 273 273 273 273 273 273 273 273 273 273 273 273 273 273 273 274 273 273 273 273 273 273 273 273 273 273 273 273 273 273 273 273 273 273 273 273 279 273 273 273 273 273 273 273 273 273 273 273 273 273 273 273 273 273 273 273 273 301 273 273 273 273 273 273 273 273 273 273 273 273 273 273 273 273 273 273 273 273 350 273 273 273 273 273 273 273 273 273 273 273 273 273 273 273 273 273 273 273 273 273 273 273 273 273 273 273 273 273 273 273 273 273 273 273 273 273 273 273 273 273 273 273 273 273 
# name: freq
# type: matrix
# rows: 1
# columns: 360
 50.0 50.0 50.0 50.0 50.0 50.0 50.0 50.0 50.0 50.0 50.0 50.0 50.0 50.0 50.0 50.0 50.0 50.0 50.0 50.0 50.0 50.0 50.0 50.0 50.0 50.0 50.0 50.0 50.0 50.0 50.0 50.0 50.0 50.0 50.0 50.0 50.0 50.0 50.0 50.0 50.0 50.0 50.0 50.0 50.0 50.0 50.0 50.0 50.0 50.0 50.0 50.0 50.0 50.0 50.0 50.0 50.0 50.0 50.0 50.0 50.0 50.0 50.0 50.0 50.0 50.0 50.0 50.0 50.0 50.0 50.0 50.0 50.0 50.0 50.0 50.0 50.0 50.0 50.0 50.0 50.0 50.0 50.0 50.0 50.0 50.0 50.0 50.0 50.0 50.0 50.0 50.0 50.0 50.0 50.0 50.0 50.0 50.0 50.0 50.0 50.0 50.0 50.0 50.0 50.0 50.0 50.0 50.0 50.0 50.0 50.0 50.0 50.0 50.0 50.0 50.0 50.0 50.0 50.0 50.0 50.0 50.0 50.0 50.0 50.0 50.0 50.0 50.0 50.0 50.0 50.0 50.0 50.0 50.0 50.0 50.0 50.0 50.0 50.0 50.0 50.0 50.0 50.0 50.0 50.0 50.0 50.0 50.0 50.0 50.0 50.0 50.0 50.0 50.0 50.0 50.0 50.0 50.0 50.0 50.0 50.0 50.0 50.0 50.0 50.0 50.0 50.0 50.0 50.0 50.0 50.0 50.0 50.0 50.0 50.0 50.0 50.0 50.0 50.0 50.0 50.0 50.0 50.0 50.0 50.0 50.0 50.0 50.0 50.0 50.0 50.0 50.0 50.0 50.0 50.0 50.0 50.0 50.0 50.0 50.0 50.0 50.0 50.0 50.0 50.0 50.0 50.0 50.0 50.0 50.0 50.0 50.0 50.0 50.0 50.0 50.0 50.0 50.0 50.0 50.0 50.0 50.0 50.0 50.0 50.0 50.0 50.0 50.0 50.0 50.0 50.0 50.0 50.0 50.0 50.0 50.0 50.0 50.0 50.0 50.0 50.0 50.0 50.0 50.0 50.0 50.0 50.0 50.0 50.0 50.0 50.0 50.0 50.0 50.0 50.0 50.0 50.0 50.0 50.0 50.0 50.0 50.0 50.0 50.0 50.0 50.0 50.0 50.0 50.0 50.0 50.0 50.0 50.0 50.0 50.0 50.0 50.0 50.0 50.0 50.0 50.0 50.0 50.0 50.0 50.0 50.0 50.0 50.0 50.0 50.0 50.0 50.0 50.0 50.0 50.0 50.0 50.0 50.0 50.0 50.0 50.0 50.0 50.0 50.0 50.0 50.0 50.0 50.0 50.0 50.0 50.0 50.0 50.0 50.0 50.0 50.0 50.0 50.0 50.0 50.0 50.0 50.0 50.0 50.0 50.0 50.0 50.0 50.0 50.0 50.0 50.0 50.0 50.0 50.0 50.0 50.0 50.0 50.0 50.0 50.0 50.0 50.0 50.0 50.0 50.0 50.0 50.0 50.0 50.0 50.0 50.0 50.0 50.0 50.0 50.0 50.0 50.0 50.0 50.0 50.0 
# name: reacPower
# type: matrix
# rows: 1
# columns: 360
 -11.387 -11.283 -11.387 -11.387 -11.387 -11.18 -11.18 -11.801 -11.18 -11.594 -12.008 -11.387 -11.387 -10.248 -11.076 -11.076 -9.627 -11.18 -11.18 -11.283 -11.283 -11.283 -11.387 -11.283 -11.076 -9.42 -11.076 -11.076 -11.18 -11.283 -11.283 -11.387 -11.387 -11.283 -9.937 -11.387 -11.387 -11.283 -11.387 -11.387 -11.387 -11.283 -11.283 -11.18 -11.283 -11.283 -11.387 -11.387 -11.49 -9.627 -11.49 -11.387 -11.387 -11.49 -11.594 -11.49 -11.49 -11.49 -11.49 -11.387 -11.49 -11.387 -11.49 -11.283 -9.937 -11.387 -11.387 -11.283 -11.387 -11.387 -11.387 -11.387 -11.49 -11.49 -11.49 -11.387 -11.49 -11.49 -11.49 -11.387 -11.49 -11.49 -11.49 -11.594 -11.801 -10.248 -11.801 -11.801 -11.801 -11.801 -11.801 -11.801 -11.594 -11.387 -11.594 -11.594 -11.697 -11.594 -11.49 -11.697 -11.697 -11.594 -11.697 -11.49 -11.697 -11.697 -11.697 -11.697 -11.594 -11.697 52.588 49.068 -11.801 -11.697 -11.697 -11.697 -13.975 -11.697 -11.594 -11.594 -11.594 -11.594 -11.697 -11.697 48.758 51.242 57.557 50.103 -11.076 -11.49 -11.594 -11.697 -11.594 -11.594 -11.594 55.486 47.308 46.48 -11.697 -11.49 -11.697 -11.697 -11.697 46.791 52.174 44.927 -10.455 -11.594 -11.697 -11.697 -11.697 -11.697 -11.697 -11.697 -11.697 -11.801 -11.801 -11.697 -10.766 -11.801 -11.594 -11.697 -11.801 -11.697 -11.801 -11.594 -11.697 -11.697 -11.697 -11.697 -11.49 -11.594 -11.49 -11.49 -11.594 -11.49 -11.697 -11.697 -11.697 -11.49 -11.49 -11.49 -11.49 -11.594 -11.594 -11.594 -11.594 -11.594 -11.49 -11.49 -11.49 -11.49 -11.49 -11.49 -11.49 -11.49 -11.49 -11.283 -11.387 -11.387 -11.387 -11.387 -11.49 -11.49 -11.49 -11.387 -12.008 -11.49 -11.49 -11.49 -11.49 -11.49 -11.49 -11.387 -11.387 -11.387 -11.387 -11.49 -11.49 -11.49 -11.49 -11.904 -11.49 -11.387 -11.283 -11.283 -11.387 -11.387 -11.49 -11.387 -11.49 -11.49 -11.49 -11.49 -11.49 -11.49 -11.49 -11.49 -11.49 -11.49 -11.49 -11.49 -11.49 -11.49 -11.49 -11.387 -11.387 -11.49 -11.49 -11.49 -11.387 -11.387 -11.387 -11.387 -11.49 -11.49 -11.49 -11.387 -11.387 -11.49 -11.49 -11.387 -11.49 -11.49 -11.49 -11.387 -11.387 -11.387 -11.387 -11.387 -11.387 -11.387 -11.387 -11.49 -11.49 -11.387 -11.387 -11.387 -11.387 -11.49 -11.49 -11.387 -11.594 -11.594 -11.594 -11.49 -11.49 -11.49 -11.283 -11.283 -11.283 -11.283 -11.283 -11.076 -11.283 -11.283 -11.283 -11.283 -11.283 -11.283 -11.283 -11.18 -11.18 -11.18 -11.283 -11.18 -11.283 -11.283 -11.18 -11.18 -11.18 -11.18 -11.18 -11.18 -9.627 -11.18 -11.283 -11.283 -11.283 -11.283 -11.283 -11.18 -11.283 -11.283 -11.283 -11.18 -11.18 -11.18 -11.18 -11.076 -11.076 -11.076 -11.283 -11.283 -11.387 -11.49 -11.18 -11.18 -11.387 -11.387 -11.283 -11.283 -11.387 -11.387 -11.283 -11.283 -11.283 -11.283 -11.283 -11.283 -11.283 -11.283 -11.283 -11.283 -11.076 -11.18 -11.283 -11.18 -11.283 -11.283 
