# name: phAngle
# type: matrix
# rows: 1
# columns: 359
 0 0 0 0 0 0 0 0 0 0 0 0 0 0 0 0 0 289 289 289 0 293 293 354 350 0 293 293 293 293 292 293 293 293 0 4 358 2 2 357 292 293 292 297 293 293 292 293 293 293 293 293 297 293 292 293 293 293 292 293 292 297 293 293 292 293 292 326 293 293 293 293 292 338 292 293 292 293 292 347 293 293 355 293 293 293 292 297 356 293 293 292 292 293 293 293 292 293 292 292 293 359 293 292 293 292 293 359 293 292 293 292 293 359 293 292 293 293 293 359 293 292 293 292 293 359 292 293 292 292 359 292 292 297 292 293 0 293 293 292 293 293 0 293 293 292 292 292 0 292 292 293 292 292 0 293 292 292 292 292 0 292 292 293 293 293 0 292 292 292 292 292 0 359 292 292 292 292 293 359 292 292 292 292 292 359 292 292 292 292 292 359 292 292 292 292 292 359 292 292 292 292 292 358 292 292 292 292 292 358 293 292 292 292 292 358 292 292 292 292 292 356 292 292 292 292 292 354 292 292 292 292 292 350 292 292 292 292 292 344 292 292 292 292 292 297 292 293 292 293 292 292 292 293 292 292 292 292 292 292 292 293 292 293 292 293 292 293 292 293 292 293 292 293 297 293 292 292 292 293 297 293 292 293 292 293 292 293 292 293 292 292 292 293 292 315 292 293 292 293 293 293 292 293 333 293 292 293 292 293 346 293 292 293 292 293 292 293 292 358 293 293 292 293 292 359 292 293 292 293 292 293 292 293 292 293 292 293 292 293 292 293 0 355 2 2 358 0 0 0 0 0 0 0 0 0 0 0 0 
# name: freq
# type: matrix
# rows: 1
# columns: 359
 50.0 50.0 50.0 50.0 50.0 50.0 50.0 50.0 50.0 50.0 50.0 50.0 50.0 50.0 50.0 50.0 50.0 50.0 50.0 50.0 50.0 50.0 50.0 50.0 50.0 50.0 50.0 50.0 50.0 50.0 50.0 50.0 50.0 50.0 50.0 50.0 50.0 50.0 50.0 50.0 50.0 50.0 50.0 50.0 50.0 50.0 50.0 50.0 50.0 50.0 50.0 50.0 50.0 50.0 50.0 50.0 50.0 50.0 50.0 50.0 50.0 50.0 50.0 50.0 50.0 50.0 50.0 50.0 50.0 50.0 50.0 50.0 50.0 50.0 50.0 50.0 50.0 50.0 50.0 50.0 50.0 50.0 50.0 50.0 50.0 50.0 50.0 50.0 50.0 50.0 50.0 50.0 50.0 50.0 50.0 50.0 50.0 50.0 50.0 50.0 50.0 50.0 50.0 50.0 50.0 50.0 50.0 50.0 50.0 50.0 50.0 50.0 50.0 50.0 50.0 50.0 50.0 50.0 50.0 50.0 50.0 50.0 50.0 50.0 50.0 50.0 50.0 50.0 50.0 50.0 50.0 50.0 50.0 50.0 50.0 50.0 50.0 50.0 50.0 50.0 50.0 50.0 50.0 50.0 50.0 50.0 50.0 50.0 50.0 50.0 50.0 50.0 50.0 50.0 50.0 50.0 50.0 50.0 50.0 50.0 50.0 50.0 50.0 50.0 50.0 50.0 50.0 50.0 50.0 50.0 50.0 50.0 50.0 50.0 50.0 50.0 50.0 50.0 50.0 50.0 50.0 50.0 50.0 50.0 50.0 50.0 50.0 50.0 50.0 50.0 50.0 50.0 50.0 50.0 50.0 50.0 50.0 50.0 50.0 50.0 50.0 50.0 50.0 50.0 50.0 50.0 50.0 50.0 50.0 50.0 50.0 50.0 50.0 50.0 50.0 50.0 50.0 50.0 50.0 50.0 50.0 50.0 50.0 50.0 50.0 50.0 50.0 50.0 50.0 50.0 50.0 50.0 50.0 50.0 50.0 50.0 50.0 50.0 50.0 50.0 50.0 50.0 50.0 50.0 50.0 50.0 50.0 50.0 50.0 50.0 50.0 50.0 50.0 50.0 50.0 50.0 50.0 50.0 50.0 50.0 50.0 50.0 50.0 50.0 50.0 50.0 50.0 50.0 50.0 50.0 50.0 50.0 50.0 50.0 50.0 50.0 50.0 50.0 50.0 50.0 50.0 50.0 50.0 50.0 50.0 50.0 50.0 50.0 50.0 50.0 50.0 50.0 50.0 50.0 50.0 50.0 50.0 50.0 50.0 50.0 50.0 50.0 50.0 50.0 50.0 50.0 50.0 50.0 50.0 50.0 50.0 50.0 50.0 50.0 50.0 50.0 50.0 50.0 50.0 50.0 50.0 50.0 50.0 50.0 50.0 50.0 50.0 50.0 50.0 50.0 50.0 50.0 50.0 50.0 50.0 50.0 50.0 50.0 50.0 50.0 50.0 50.0 50.0 50.0 50.0 50.0 50.0 50.0 50.0 50.0 50.0 50.0 50.0 50.0 50.0 50.0 50.0 50.0 50.0 
# name: reacPower
# type: matrix
# rows: 1
# columns: 359
 0.0 0.0 0.0 0.0 0.0 0.0 0.0 0.0 0.0 0.0 0.0 -5.383 -5.486 -5.486 -5.486 -5.59 -5.486 -4.554 -4.554 -4.554 -5.59 -4.761 -4.658 -18.53 -4.451 -7.142 -4.658 -4.761 -4.761 -4.658 -4.658 -4.761 -4.761 -4.658 -5.383 9.523 -42.029 41.304 41.511 -60.145 -4.658 -4.658 -4.761 -4.761 -4.658 -4.761 -4.761 -4.761 -4.761 -4.761 -4.761 -4.761 -4.761 -4.761 -4.658 -4.761 -4.761 -4.761 -4.761 -4.761 -4.761 -4.761 -4.761 -4.761 -4.761 -4.761 -4.761 -4.658 -4.761 -4.761 -4.761 -4.761 -4.658 -4.554 -4.761 -4.761 -4.761 -4.761 -4.761 -4.244 -4.761 -4.761 -4.037 -4.761 -4.761 -4.761 -4.761 -4.761 -3.726 -4.761 -4.761 -4.761 -4.761 -4.761 -4.761 -4.761 -4.761 -4.761 -4.761 -4.761 -4.761 -2.898 -4.865 -4.761 -4.761 -4.761 -4.761 -3.002 -4.761 -4.761 -4.761 -4.761 -4.761 -3.002 -4.761 -4.761 -4.761 -4.658 -4.761 -3.002 -4.761 -4.761 -4.658 -4.761 -4.761 -3.002 -4.761 -4.761 -4.761 -4.761 -3.002 -4.658 -4.658 -4.865 -4.658 -4.761 -3.209 -4.761 -4.658 -4.658 -4.658 -4.658 -3.209 -4.761 -4.658 -4.658 -4.761 -4.658 -3.105 -4.658 -4.658 -4.658 -4.658 -4.658 -3.105 -4.761 -4.761 -4.761 -4.761 -4.658 -3.105 -4.761 -4.658 -4.761 -4.761 -4.761 -3.105 -4.761 -4.761 -4.761 -4.658 -4.761 -3.209 -6.728 -4.761 -4.658 -4.761 -4.658 -4.761 -6.832 -4.658 -4.761 -4.761 -4.658 -4.658 -6.832 -4.761 -4.658 -4.761 -4.761 -4.761 -6.625 -4.761 -4.761 -4.658 -4.761 -4.761 -6.728 -4.658 -4.761 -4.658 -4.761 -4.761 -6.728 -4.761 -4.658 -4.761 -4.761 -4.761 -6.625 -4.761 -4.761 -4.761 -4.761 -4.761 -6.625 -4.761 -4.761 -4.658 -4.761 -4.761 -6.521 -4.761 -4.761 -4.761 -4.761 -4.761 -6.418 -4.761 -4.761 -4.761 -4.761 -4.761 -6.107 -4.761 -4.761 -4.761 -4.761 -4.761 -5.797 -4.761 -4.761 -4.761 -4.761 -4.761 -5.072 -4.761 -4.761 -4.761 -4.761 -4.761 -4.761 -4.761 -4.761 -4.761 -4.761 -4.761 -4.761 -4.761 -4.761 -4.761 -4.761 -4.761 -4.761 -4.761 -4.761 -4.761 -4.865 -4.761 -4.761 -4.761 -4.761 -4.761 -4.761 -4.761 -4.761 -4.761 -4.761 -4.761 -4.761 -4.761 -4.761 -4.761 -4.761 -4.761 -4.761 -4.761 -4.761 -4.761 -4.761 -4.761 -4.761 -4.761 -4.761 -4.761 -4.761 -4.761 -4.761 -4.761 -4.761 -4.761 -4.761 -4.761 -4.761 -4.554 -4.761 -4.761 -4.761 -4.761 -4.761 -4.347 -4.761 -4.865 -4.865 -4.761 -4.761 -4.761 -4.761 -4.761 -3.209 -4.761 -4.761 -4.761 -4.761 -4.761 -3.105 -4.761 -4.761 -4.761 -4.761 -4.658 -4.761 -4.658 -4.761 -4.761 -4.761 -4.761 -4.761 -4.761 -4.761 -4.658 -4.761 -0.31 -17.805 40.372 39.751 -57.039 0.0 0.0 0.0 0.0 0.0 0.0 0.0 0.0 0.0 0.0 0.0 0.0 
