# name: phAngle
# type: matrix
# rows: 1
# columns: 359
 0 0 0 0 0 0 0 0 0 0 0 0 0 0 0 0 0 0 0 0 0 0 0 0 0 0 0 0 0 0 0 0 0 0 0 0 0 0 0 0 0 0 0 0 0 0 0 0 0 0 0 0 0 0 0 289 0 289 289 359 293 2 353 292 293 292 293 292 47 0 2 1 355 0 293 292 0 292 293 292 292 292 293 292 292 0 293 292 292 292 293 292 293 292 357 292 293 292 293 292 293 292 293 292 293 292 293 292 293 292 293 292 293 292 293 356 293 292 293 292 293 292 293 292 293 292 293 292 293 292 293 292 293 355 293 292 293 292 293 292 293 292 293 292 293 4 19 2 2 358 293 292 0 0 293 292 293 292 293 292 293 292 293 292 293 292 293 292 293 292 293 0 293 292 0 292 293 292 293 292 293 292 293 292 293 292 359 292 293 292 293 292 359 292 293 292 293 292 293 292 293 359 293 292 293 292 293 359 293 292 293 292 293 292 292 292 359 292 293 292 293 292 359 292 293 292 293 292 292 292 293 358 292 292 292 292 293 292 293 292 358 292 292 292 293 292 293 292 292 292 292 292 358 292 293 292 292 292 292 292 292 358 293 292 292 292 293 292 293 292 357 292 292 292 292 292 357 292 293 292 293 292 357 292 292 292 293 292 292 292 293 292 292 292 293 292 292 292 293 292 358 292 292 292 293 292 292 292 292 358 293 292 292 292 293 292 293 292 358 292 293 292 293 292 293 292 292 292 292 292 292 292 293 292 292 292 292 292 293 356 292 292 292 292 0 0 0 0 0 0 0 0 0 0 0 0 0 0 0 
# name: freq
# type: matrix
# rows: 1
# columns: 359
 50.0 50.0 50.0 50.0 50.0 50.0 50.0 50.0 50.0 50.0 50.0 50.0 50.0 50.0 50.0 50.0 50.0 50.0 50.0 50.0 50.0 50.0 50.0 50.0 50.0 50.0 50.0 50.0 50.0 50.0 50.0 50.0 50.0 50.0 50.0 50.0 50.0 50.0 50.0 50.0 50.0 50.0 50.0 50.0 50.0 50.0 50.0 50.0 50.0 50.0 50.0 50.0 50.0 50.0 50.0 50.0 50.0 50.0 50.0 50.0 50.0 50.0 50.0 50.0 50.0 50.0 50.0 50.0 50.0 50.0 50.0 50.0 50.0 50.0 50.0 50.0 50.0 50.0 50.0 50.0 50.0 50.0 50.0 50.0 50.0 50.0 50.0 50.0 50.0 50.0 50.0 50.0 50.0 50.0 50.0 50.0 50.0 50.0 50.0 50.0 50.0 50.0 50.0 50.0 50.0 50.0 50.0 50.0 50.0 50.0 50.0 50.0 50.0 50.0 50.0 50.0 50.0 50.0 50.0 50.0 50.0 50.0 50.0 50.0 50.0 50.0 50.0 50.0 50.0 50.0 50.0 50.0 50.0 50.0 50.0 50.0 50.0 50.0 50.0 50.0 50.0 50.0 50.0 50.0 50.0 50.0 50.0 50.0 50.0 50.0 50.0 50.0 50.0 50.0 50.0 50.0 50.0 50.0 50.0 50.0 50.0 50.0 50.0 50.0 50.0 50.0 50.0 50.0 50.0 50.0 50.0 50.0 50.0 50.0 50.0 50.0 50.0 50.0 50.0 50.0 50.0 50.0 50.0 50.0 50.0 50.0 50.0 50.0 50.0 50.0 50.0 50.0 50.0 50.0 50.0 50.0 50.0 50.0 50.0 50.0 50.0 50.0 50.0 50.0 50.0 50.0 50.0 50.0 50.0 50.0 50.0 50.0 50.0 50.0 50.0 50.0 50.0 50.0 50.0 50.0 50.0 50.0 50.0 50.0 50.0 50.0 50.0 50.0 50.0 50.0 50.0 50.0 50.0 50.0 50.0 50.0 50.0 50.0 50.0 50.0 50.0 50.0 50.0 50.0 50.0 50.0 50.0 50.0 50.0 50.0 50.0 50.0 50.0 50.0 50.0 50.0 50.0 50.0 50.0 50.0 50.0 50.0 50.0 50.0 50.0 50.0 50.0 50.0 50.0 50.0 50.0 50.0 50.0 50.0 50.0 50.0 50.0 50.0 50.0 50.0 50.0 50.0 50.0 50.0 50.0 50.0 50.0 50.0 50.0 50.0 50.0 50.0 50.0 50.0 50.0 50.0 50.0 50.0 50.0 50.0 50.0 50.0 50.0 50.0 50.0 50.0 50.0 50.0 50.0 50.0 50.0 50.0 50.0 50.0 50.0 50.0 50.0 50.0 50.0 50.0 50.0 50.0 50.0 50.0 50.0 50.0 50.0 50.0 50.0 50.0 50.0 50.0 50.0 50.0 50.0 50.0 50.0 50.0 50.0 50.0 50.0 50.0 50.0 50.0 50.0 50.0 50.0 50.0 50.0 50.0 50.0 50.0 50.0 50.0 50.0 50.0 50.0 50.0 50.0 
# name: reacPower
# type: matrix
# rows: 1
# columns: 359
 0.0 0.0 0.0 0.0 0.0 0.0 0.0 0.0 0.0 0.0 0.0 0.0 0.0 0.0 0.0 0.0 0.0 0.0 0.0 0.0 0.0 0.0 0.0 0.0 0.0 0.0 0.0 0.0 0.0 0.0 0.0 0.0 0.0 0.0 0.0 0.0 0.0 0.0 0.0 0.0 0.0 0.0 0.0 0.0 0.0 0.0 0.0 0.0 0.0 0.0 -5.59 -5.693 -5.693 -5.693 -5.59 -4.554 -3.83 -4.554 -4.554 -6.625 -4.658 38.716 -9.109 -4.658 -4.658 -4.658 -4.761 -4.658 81.47 8.592 40.787 23.913 -4.244 -5.693 -4.761 -4.761 -7.039 -4.761 -4.658 -4.658 -4.658 -4.658 -4.761 -4.658 -4.658 -6.521 -4.658 -4.658 -4.658 -4.658 -4.761 -4.658 -4.658 -4.554 -3.519 -4.554 -4.554 -4.658 -4.658 -4.554 -4.658 -4.554 -4.554 -4.658 -4.658 -4.658 -4.761 -4.658 -4.658 -4.658 -4.658 -4.658 -4.658 -4.761 -4.761 -3.726 -4.658 -4.658 -4.761 -4.658 -4.658 -4.658 -4.761 -4.658 -4.658 -4.658 -4.658 -4.658 -4.658 -4.761 -4.658 -4.658 -4.658 -3.933 -4.658 -4.658 -4.658 -4.658 -4.658 -4.658 -4.658 -4.658 -4.761 -4.658 -4.658 8.074 28.157 39.234 39.234 -39.958 -4.761 -4.658 -3.209 -7.039 -4.658 -4.658 -4.658 -4.658 -4.658 -4.658 -4.658 -4.658 -4.658 -4.658 -4.761 -4.658 -4.761 -4.658 -4.658 -4.658 -4.761 -6.935 -4.658 -4.761 -6.935 -4.658 -4.658 -4.658 -4.761 -4.658 -4.761 -4.761 -4.658 -4.658 -4.761 -4.761 -6.832 -4.658 -4.761 -4.658 -4.658 -4.658 -6.832 -4.658 -4.761 -4.658 -4.658 -4.658 -4.658 -4.761 -4.658 -6.832 -4.761 -4.658 -4.658 -4.658 -4.761 -6.832 -4.761 -4.658 -4.658 -4.658 -4.761 -4.761 -4.658 -4.658 -6.728 -4.658 -4.658 -4.658 -4.761 -4.658 -6.728 -4.761 -4.658 -4.658 -4.761 -4.658 -4.658 -4.658 -4.761 -6.625 -4.658 -4.658 -4.658 -4.554 -4.658 -4.658 -4.658 -4.658 -6.625 -4.658 -4.658 -4.658 -4.761 -4.658 -4.658 -4.761 -4.761 -4.658 -4.658 -4.761 -6.625 -4.658 -4.761 -4.761 -4.658 -4.761 -4.761 -4.761 -4.761 -6.521 -4.761 -4.658 -4.761 -4.761 -4.761 -4.658 -4.761 -4.761 -6.521 -4.761 -4.761 -4.761 -4.658 -4.761 -6.521 -4.658 -4.761 -4.761 -4.761 -4.658 -6.625 -4.761 -4.658 -4.658 -4.761 -4.761 -4.761 -4.761 -4.761 -4.658 -4.761 -4.761 -4.658 -4.658 -4.761 -4.658 -4.658 -4.658 -6.625 -4.658 -4.658 -4.658 -4.761 -4.658 -4.658 -4.761 -4.658 -6.521 -4.761 -4.658 -4.658 -4.658 -4.761 -4.761 -4.658 -4.761 -6.625 -4.658 -4.658 -4.761 -4.658 -4.658 -4.658 -4.761 -4.658 -4.658 -4.761 -4.761 -4.761 -4.761 -4.761 -4.761 -4.658 -4.761 -4.658 -4.658 -4.761 -6.418 -4.658 -4.761 -4.761 -4.658 0.0 0.0 0.0 0.0 0.0 0.0 0.0 0.0 0.0 0.0 0.0 0.0 0.0 0.0 0.0 
# name: power
# type: matrix
# rows: 1
# columns: 359
 0.0 0.0 0.0 0.0 0.0 0.0 0.0 0.0 0.0 0.0 0.0 0.0 0.0 0.0 0.0 0.0 0.0 0.0 0.0 0.0 0.0 0.0 0.0 0.0 0.0 0.0 0.0 0.0 0.0 0.0 0.0 0.0 0.0 0.0 0.0 0.0 0.0 0.0 0.0 0.0 0.0 0.0 0.0 0.0 0.0 0.0 0.0 0.0 0.0 0.0 1116.053 1108.807 1099.283 1108.496 1081.167 1.449 926.818 1.552 1.552 369.774 1.966 1120.09 67.495 1.863 1.966 1.863 1.966 1.863 74.638 846.175 1146.177 1136.964 44.617 1101.25 1.966 1.863 616.981 1.966 1.966 1.863 1.863 1.863 1.966 1.863 1.863 623.089 1.966 1.863 1.863 1.863 1.966 1.863 1.966 1.863 39.234 1.863 1.966 1.863 1.863 1.863 1.966 1.863 1.863 1.863 1.966 1.863 1.966 1.863 1.966 1.863 1.966 1.863 1.966 1.863 1.966 34.472 1.966 1.863 1.966 1.863 1.966 1.863 1.966 1.863 1.966 1.863 1.966 1.863 1.966 1.863 1.966 1.863 1.966 25.569 1.966 1.863 1.966 1.863 1.966 1.863 1.966 1.863 1.966 1.863 1.966 97.619 78.571 1117.813 1118.434 1200.008 1.966 1.863 230.229 637.582 1.966 1.863 1.966 1.863 1.966 1.863 1.966 1.863 1.863 1.863 1.966 1.863 1.966 1.863 1.966 1.863 1.966 504.247 1.966 1.863 481.887 1.863 1.966 1.863 1.966 1.863 1.966 1.863 1.966 1.863 1.966 1.863 423.398 1.863 1.966 1.863 1.863 1.863 395.654 1.863 1.966 1.863 1.966 1.863 1.966 1.863 1.966 361.182 1.966 1.863 1.966 1.863 1.966 334.992 1.966 1.863 1.966 1.863 1.966 1.863 1.863 1.863 288.304 1.863 1.966 1.863 1.966 1.863 251.554 1.863 1.966 1.863 1.966 1.863 1.863 1.863 1.966 203.003 1.863 1.863 1.863 1.863 1.966 1.863 1.863 1.863 165.425 1.863 1.863 1.863 1.966 1.863 1.966 1.863 1.966 1.863 1.863 1.863 142.961 1.863 1.966 1.863 1.863 1.863 1.966 1.863 1.863 139.649 1.966 1.863 1.966 1.863 1.966 1.863 1.966 1.966 128.261 1.863 1.966 1.863 1.863 1.863 129.296 1.863 1.966 1.863 1.966 1.863 134.783 1.863 1.863 1.863 1.966 1.863 1.966 1.863 1.966 1.863 1.863 1.863 1.966 1.863 1.966 1.863 1.863 1.863 161.284 1.863 1.863 1.863 1.966 1.863 1.863 1.863 1.863 168.22 1.966 1.863 1.863 1.863 1.966 1.863 1.966 1.863 173.086 1.863 1.966 1.863 1.966 1.863 1.966 1.863 1.863 1.863 1.966 1.863 1.966 1.966 1.966 1.863 1.863 1.863 1.863 1.863 1.966 96.895 1.863 1.863 1.863 1.863 0.0 0.0 0.0 0.0 0.0 0.0 0.0 0.0 0.0 0.0 0.0 0.0 0.0 0.0 0.0 
