# name: phAngle
# type: matrix
# rows: 1
# columns: 360
 273 273 273 273 359 273 273 273 273 273 273 273 273 273 273 273 273 273 273 273 273 273 273 273 273 273 2 17 44 273 273 273 273 273 273 273 273 273 273 273 273 273 337 273 273 273 273 273 273 273 273 273 273 273 273 273 273 359 273 273 273 273 273 273 273 273 273 273 273 273 273 273 273 273 273 273 273 273 359 273 273 273 273 273 273 273 273 273 273 273 273 359 273 273 273 273 273 273 273 273 273 273 273 273 273 273 273 273 273 273 273 273 273 273 273 359 273 273 273 273 273 273 273 273 273 273 273 273 273 273 1 11 273 273 273 273 273 273 273 273 273 273 3 2 4 273 273 359 273 273 359 273 273 273 273 273 273 273 273 273 273 273 273 273 273 273 273 273 273 273 273 273 273 273 273 273 273 273 273 273 273 273 273 273 273 273 273 273 273 273 273 273 273 273 273 359 273 273 273 273 273 273 273 273 273 273 273 359 273 273 273 273 273 273 273 273 273 273 273 273 273 273 273 273 273 273 273 273 273 273 273 273 273 273 273 273 273 273 273 273 273 273 273 273 273 273 273 273 273 273 273 273 273 273 273 273 273 273 273 273 273 273 273 273 273 273 273 273 273 273 273 273 273 358 273 273 273 273 273 273 273 273 273 273 273 273 273 273 273 273 273 273 273 273 273 273 273 273 273 273 273 273 273 273 273 273 273 273 273 352 273 273 273 273 273 273 273 273 273 273 273 273 273 273 273 273 273 273 273 273 273 273 273 273 273 273 273 273 273 273 273 273 273 273 273 273 273 273 273 273 273 273 273 273 273 273 273 273 273 273 
# name: freq
# type: matrix
# rows: 1
# columns: 360
 50.0 50.0 50.0 50.0 50.0 50.0 50.0 50.0 50.0 50.0 50.0 50.0 50.0 50.0 50.0 50.0 50.0 50.0 50.0 50.0 50.0 50.0 50.0 50.0 50.0 50.0 50.0 50.0 50.0 50.0 50.0 50.0 50.0 50.0 50.0 50.0 50.0 50.0 50.0 50.0 50.0 50.0 50.0 50.0 50.0 50.0 50.0 50.0 50.0 50.0 50.0 50.0 50.0 50.0 50.0 50.0 50.0 50.0 50.0 50.0 50.0 50.0 50.0 50.0 50.0 50.0 50.0 50.0 50.0 50.0 50.0 50.0 50.0 50.0 50.0 50.0 50.0 50.0 50.0 50.0 50.0 50.0 50.0 50.0 50.0 50.0 50.0 50.0 50.0 50.0 50.0 50.0 50.0 50.0 50.0 50.0 50.0 50.0 50.0 50.0 50.0 50.0 50.0 50.0 50.0 50.0 50.0 50.0 50.0 50.0 50.0 50.0 50.0 50.0 50.0 50.0 50.0 50.0 50.0 50.0 50.0 50.0 50.0 50.0 50.0 50.0 50.0 50.0 50.0 50.0 50.0 50.0 50.0 50.0 50.0 50.0 50.0 50.0 50.0 50.0 50.0 50.0 50.0 50.0 50.0 50.0 50.0 50.0 50.0 50.0 50.0 50.0 50.0 50.0 50.0 50.0 50.0 50.0 50.0 50.0 50.0 50.0 50.0 50.0 50.0 50.0 50.0 50.0 50.0 50.0 50.0 50.0 50.0 50.0 50.0 50.0 50.0 50.0 50.0 50.0 50.0 50.0 50.0 50.0 50.0 50.0 50.0 50.0 50.0 50.0 50.0 50.0 50.0 50.0 50.0 50.0 50.0 50.0 50.0 50.0 50.0 50.0 50.0 50.0 50.0 50.0 50.0 50.0 50.0 50.0 50.0 50.0 50.0 50.0 50.0 50.0 50.0 50.0 50.0 50.0 50.0 50.0 50.0 50.0 50.0 50.0 50.0 50.0 50.0 50.0 50.0 50.0 50.0 50.0 50.0 50.0 50.0 50.0 50.0 50.0 50.0 50.0 50.0 50.0 50.0 50.0 50.0 50.0 50.0 50.0 50.0 50.0 50.0 50.0 50.0 50.0 50.0 50.0 50.0 50.0 50.0 50.0 50.0 50.0 50.0 50.0 50.0 50.0 50.0 50.0 50.0 50.0 50.0 50.0 50.0 50.0 50.0 50.0 50.0 50.0 50.0 50.0 50.0 50.0 50.0 50.0 50.0 50.0 50.0 50.0 50.0 50.0 50.0 50.0 50.0 50.0 50.0 50.0 50.0 50.0 50.0 50.0 50.0 50.0 50.0 50.0 50.0 50.0 50.0 50.0 50.0 50.0 50.0 50.0 50.0 50.0 50.0 50.0 50.0 50.0 50.0 50.0 50.0 50.0 50.0 50.0 50.0 50.0 50.0 50.0 50.0 50.0 50.0 50.0 50.0 50.0 50.0 50.0 50.0 50.0 50.0 50.0 50.0 50.0 50.0 50.0 50.0 50.0 50.0 50.0 50.0 50.0 50.0 50.0 50.0 50.0 50.0 50.0 50.0 50.0 
# name: reacPower
# type: matrix
# rows: 1
# columns: 360
 -11.697 -11.697 -11.594 -11.697 -11.283 -11.594 -11.49 -11.697 -11.697 -11.697 -11.594 -11.594 -11.697 -11.697 -11.697 -11.594 -11.594 -11.594 -11.697 -11.594 -11.594 -11.594 -11.697 -11.594 -11.697 -11.697 45.031 50.932 52.898 -11.594 -11.697 -11.594 -11.594 -11.697 -11.594 -11.594 -11.697 -11.697 -11.594 -11.594 -11.697 -11.594 -12.733 -11.594 -11.594 -11.697 -11.697 -11.594 -11.594 -11.594 -11.594 -11.594 -11.594 -11.697 -11.594 -11.697 -11.697 -11.801 -11.697 -11.697 -11.697 -11.697 -11.697 -11.697 -11.594 -11.697 -11.697 -11.697 -11.697 -11.697 -11.697 -11.697 -11.697 -11.801 -11.801 -11.801 -11.801 -11.801 -11.801 -11.801 -11.801 -11.697 -11.697 -11.697 -11.697 -11.697 -11.697 -11.801 -11.697 -11.697 -11.594 -11.697 -11.697 -11.49 -11.594 -11.594 -11.594 -11.697 -11.697 -11.594 -11.594 -11.594 -11.594 -11.594 -11.594 -11.594 -11.594 -11.594 -11.594 -11.594 -11.594 -11.594 -11.594 -11.594 -11.49 -11.697 -11.594 -11.49 -11.49 -11.594 -11.49 -11.49 -11.49 -11.49 -11.387 -11.387 -11.49 -11.49 -11.49 -11.49 13.768 51.967 -11.49 -11.49 -11.49 -11.387 -11.49 -11.49 -11.49 -11.49 -11.49 -11.594 47.929 43.582 28.364 -11.387 -11.49 -11.697 -11.387 -11.49 -11.594 -11.49 -11.387 -11.49 -11.387 -11.49 -11.49 -11.49 -11.387 -11.387 -11.387 -11.49 -11.49 -11.49 -11.283 -11.49 -11.49 -11.387 -11.49 -11.49 -11.49 -11.49 -11.49 -11.49 -11.49 -11.49 -11.49 -11.387 -11.49 -11.387 -11.49 -11.594 -11.49 -11.49 -11.387 -11.49 -11.49 -11.49 -11.594 -11.594 -11.49 -11.594 -11.594 -11.49 -11.49 -12.629 -11.49 -11.49 -11.594 -11.49 -11.49 -11.594 -11.594 -11.49 -11.49 -11.49 -11.49 -12.525 -11.594 -11.594 -11.49 -11.49 -11.594 -11.594 -11.594 -11.49 -11.594 -11.49 -11.49 -11.49 -11.49 -11.49 -11.49 -11.594 -11.594 -11.594 -11.594 -11.49 -11.594 -11.594 -11.594 -11.594 -11.594 -11.594 -11.594 -11.594 -11.594 -11.594 -11.594 -11.594 -11.594 -11.594 -11.594 -11.594 -11.594 -11.49 -11.594 -11.387 -11.594 -11.49 -11.594 -11.594 -11.49 -11.594 -11.594 -11.594 -11.49 -11.697 -11.697 -11.697 -11.594 -11.594 -11.594 -11.49 -11.697 -11.594 -11.697 -11.594 -11.697 -11.697 -11.697 -11.594 -11.594 -13.457 -11.594 -11.594 -11.594 -11.594 -11.594 -11.594 -11.49 -11.594 -11.594 -11.594 -11.49 -11.594 -11.49 -11.49 -11.49 -11.594 -11.594 -11.49 -11.49 -11.49 -11.49 -11.49 -11.387 -11.387 -11.49 -11.49 -11.49 -11.594 -11.49 -11.594 -11.49 -11.594 -11.594 -11.49 -11.594 -13.147 -11.49 -11.49 -11.49 -11.49 -11.49 -11.49 -11.49 -11.49 -11.49 -11.49 -11.49 -11.49 -11.49 -11.49 -11.49 -11.49 -11.49 -11.387 -11.594 -11.387 -11.49 -11.49 -11.49 -11.49 -11.49 -11.49 -11.49 -11.49 -11.49 -11.49 -11.594 -11.49 -11.49 -11.49 -11.594 -11.594 -11.594 -11.594 -11.594 -11.594 -11.594 -11.594 -11.49 -11.594 -11.49 -11.49 -11.49 -11.49 -11.49 -11.49 
