# name: phAngle
# type: matrix
# rows: 1
# columns: 359
 273 273 273 273 273 273 273 273 273 273 273 273 273 273 273 273 273 273 273 273 273 273 273 273 273 273 273 273 273 273 273 273 273 273 273 273 273 273 273 273 273 273 273 273 273 273 273 273 273 273 273 273 273 273 273 273 273 273 273 273 273 273 273 273 273 273 273 273 273 273 273 273 273 273 273 273 273 273 273 273 273 273 273 273 273 273 273 273 273 273 273 273 273 273 273 273 273 273 273 273 273 273 273 273 273 273 273 273 273 273 273 273 273 273 273 273 273 273 273 273 273 273 273 273 273 273 273 273 273 273 273 273 273 273 273 273 273 273 273 273 273 273 273 273 273 273 359 0 273 273 0 273 273 1 45 2 44 273 273 273 273 273 273 273 309 273 273 273 273 273 273 273 273 273 273 273 273 273 273 273 273 273 273 273 273 273 273 273 350 273 273 273 273 273 273 273 273 354 273 273 273 273 273 273 273 273 356 273 273 273 273 273 273 273 273 273 273 273 357 273 273 273 273 273 273 273 273 273 273 273 273 273 273 273 273 273 273 273 273 273 273 273 273 273 273 273 273 273 273 273 273 273 273 273 273 273 273 273 273 273 273 273 273 273 273 273 273 273 273 273 273 273 358 273 273 273 273 273 273 273 273 273 273 273 273 273 273 273 273 273 273 273 273 273 273 273 273 273 273 273 273 273 273 273 273 273 273 273 273 273 273 359 273 273 273 273 273 273 273 273 273 273 273 273 273 273 273 273 4 46 44 2 273 273 273 273 273 273 273 273 273 273 273 273 273 273 273 273 273 273 273 273 273 273 273 273 273 273 273 
# name: freq
# type: matrix
# rows: 1
# columns: 359
 50.0 50.0 50.0 50.0 50.0 50.0 50.0 50.0 50.0 50.0 50.0 50.0 50.0 50.0 50.0 50.0 50.0 50.0 50.0 50.0 50.0 50.0 50.0 50.0 50.0 50.0 50.0 50.0 50.0 50.0 50.0 50.0 50.0 50.0 50.0 50.0 50.0 50.0 50.0 50.0 50.0 50.0 50.0 50.0 50.0 50.0 50.0 50.0 50.0 50.0 50.0 50.0 50.0 50.0 50.0 50.0 50.0 50.0 50.0 50.0 50.0 50.0 50.0 50.0 50.0 50.0 50.0 50.0 50.0 50.0 50.0 50.0 50.0 50.0 50.0 50.0 50.0 50.0 50.0 50.0 50.0 50.0 50.0 50.0 50.0 50.0 50.0 50.0 50.0 50.0 50.0 50.0 50.0 50.0 50.0 50.0 50.0 50.0 50.0 50.0 50.0 50.0 50.0 50.0 50.0 50.0 50.0 50.0 50.0 50.0 50.0 50.0 50.0 50.0 50.0 50.0 50.0 50.0 50.0 50.0 50.0 50.0 50.0 50.0 50.0 50.0 50.0 50.0 50.0 50.0 50.0 50.0 50.0 50.0 50.0 50.0 50.0 50.0 50.0 50.0 50.0 50.0 50.0 50.0 50.0 50.0 50.0 50.0 50.0 50.0 50.0 50.0 50.0 50.0 50.0 50.0 50.0 50.0 50.0 50.0 50.0 50.0 50.0 50.0 50.0 50.0 50.0 50.0 50.0 50.0 50.0 50.0 50.0 50.0 50.0 50.0 50.0 50.0 50.0 50.0 50.0 50.0 50.0 50.0 50.0 50.0 50.0 50.0 50.0 50.0 50.0 50.0 50.0 50.0 50.0 50.0 50.0 50.0 50.0 50.0 50.0 50.0 50.0 50.0 50.0 50.0 50.0 50.0 50.0 50.0 50.0 50.0 50.0 50.0 50.0 50.0 50.0 50.0 50.0 50.0 50.0 50.0 50.0 50.0 50.0 50.0 50.0 50.0 50.0 50.0 50.0 50.0 50.0 50.0 50.0 50.0 50.0 50.0 50.0 50.0 50.0 50.0 50.0 50.0 50.0 50.0 50.0 50.0 50.0 50.0 50.0 50.0 50.0 50.0 50.0 50.0 50.0 50.0 50.0 50.0 50.0 50.0 50.0 50.0 50.0 50.0 50.0 50.0 50.0 50.0 50.0 50.0 50.0 50.0 50.0 50.0 50.0 50.0 50.0 50.0 50.0 50.0 50.0 50.0 50.0 50.0 50.0 50.0 50.0 50.0 50.0 50.0 50.0 50.0 50.0 50.0 50.0 50.0 50.0 50.0 50.0 50.0 50.0 50.0 50.0 50.0 50.0 50.0 50.0 50.0 50.0 50.0 50.0 50.0 50.0 50.0 50.0 50.0 50.0 50.0 50.0 50.0 50.0 50.0 50.0 50.0 50.0 50.0 50.0 50.0 50.0 50.0 50.0 50.0 50.0 50.0 50.0 50.0 50.0 50.0 50.0 50.0 50.0 50.0 50.0 50.0 50.0 50.0 50.0 50.0 50.0 50.0 50.0 50.0 50.0 50.0 50.0 50.0 50.0 
# name: reacPower
# type: matrix
# rows: 1
# columns: 359
 -11.387 -11.49 -11.387 -11.49 -11.387 -11.49 -11.387 -11.387 -11.387 -11.387 -11.283 -11.387 -11.387 -11.387 -11.387 -11.49 -11.387 -11.387 -11.387 -11.387 -11.387 -11.387 -11.387 -11.387 -11.49 -11.49 -11.387 -11.387 -11.283 -11.283 -11.283 -11.283 -11.387 -11.283 -11.387 -11.283 -11.283 -11.283 -11.387 -11.387 -11.387 -11.283 -11.283 -11.387 -11.387 -11.387 -11.387 -11.387 -11.387 -11.283 -11.387 -11.387 -11.387 -11.387 -11.387 -11.387 -11.387 -11.387 -11.387 -11.387 -11.387 -11.387 -11.49 -11.387 -11.49 -11.387 -11.387 -11.387 -11.387 -11.387 -11.387 -11.283 -11.387 -11.387 -11.283 -11.283 -11.387 -11.283 -11.387 -11.387 -11.387 -11.387 -11.387 -11.387 -11.49 -11.387 -11.49 -11.49 -11.49 -11.49 -11.49 -11.49 -11.49 -11.49 -11.49 -11.49 -11.49 -11.49 -11.387 -11.49 -11.49 -11.387 -11.49 -11.387 -11.49 -11.49 -11.49 -11.49 -11.49 -11.594 -11.49 -11.49 -11.49 -11.49 -11.594 -11.594 -11.49 -11.594 -11.49 -11.49 -11.49 -11.594 -11.594 -11.49 -11.49 -11.387 -11.49 -11.594 -11.594 -11.594 -11.594 -11.49 -11.594 -11.594 -11.387 -11.49 -11.49 -11.49 -11.49 -11.49 -11.49 -11.594 -11.594 -11.594 -11.594 -11.49 -9.73 -11.283 -11.594 -11.49 -11.283 -11.49 -11.49 29.399 52.691 45.134 51.346 -11.594 -11.594 -11.594 -11.49 -11.594 -11.594 -11.594 -11.387 -11.594 -11.594 -11.594 -11.49 -11.594 -11.594 -11.594 -11.594 -11.49 -11.594 -11.594 -11.594 -11.594 -11.49 -11.594 -11.49 -11.49 -11.49 -11.49 -11.49 -11.49 -11.49 -11.49 -9.937 -11.594 -11.594 -11.594 -11.594 -11.594 -11.594 -11.49 -11.594 -9.834 -11.49 -11.594 -11.49 -11.49 -11.594 -11.594 -11.594 -11.594 -9.627 -11.594 -11.49 -11.594 -11.594 -11.594 -11.49 -11.594 -11.49 -11.594 -11.49 -11.49 -9.73 -11.49 -11.49 -11.49 -11.49 -11.49 -11.49 -11.49 -11.49 -11.594 -11.49 -11.49 -11.49 -11.49 -11.49 -11.49 -11.49 -11.49 -11.49 -11.49 -11.594 -11.49 -11.49 -11.49 -11.49 -11.49 -11.594 -11.49 -11.594 -11.49 -11.594 -11.594 -11.594 -11.594 -11.594 -11.594 -11.49 -11.49 -11.49 -11.49 -11.49 -11.49 -11.594 -11.49 -11.49 -11.49 -11.594 -11.594 -11.594 -11.49 -11.49 -11.594 -11.594 -11.594 -9.937 -11.697 -11.697 -11.594 -11.697 -11.49 -11.594 -11.594 -11.594 -11.594 -11.594 -11.594 -11.594 -11.594 -11.594 -11.49 -11.594 -11.594 -11.49 -11.49 -11.49 -11.594 -11.594 -11.594 -11.594 -11.594 -11.594 -11.49 -11.49 -11.387 -11.387 -11.49 -11.49 -11.49 -11.49 -11.49 -11.387 -11.49 -11.49 -9.73 -11.49 -11.49 -11.594 -11.49 -11.594 -11.49 -11.49 -11.49 -11.387 -11.283 -11.49 -11.49 -11.49 -11.49 -11.49 -11.49 50.31 51.76 51.035 43.685 -11.49 -11.594 -11.49 -11.594 -11.594 -11.594 -11.594 -11.594 -11.594 -11.49 -11.49 -11.49 -11.49 -11.49 -11.387 -11.49 -11.387 -11.49 -11.49 -11.49 -11.387 -11.387 -11.387 -11.49 -11.49 -11.49 -11.49 
