# name: phAngle
# type: matrix
# rows: 1
# columns: 359
 359 273 0 359 273 273 359 272 43 2 273 273 0 2 2 272 0 273 272 358 272 273 272 272 273 273 272 272 273 272 273 272 272 272 272 272 272 272 272 273 273 272 272 272 273 272 359 272 272 272 273 272 272 272 273 272 273 273 273 273 273 273 273 273 273 273 273 273 273 273 273 273 273 273 273 273 273 273 273 273 273 273 273 273 273 273 338 273 2 0 272 0 273 273 315 272 272 272 273 272 272 272 272 272 273 272 272 272 272 326 273 272 272 272 273 272 273 273 272 272 272 272 272 272 273 0 273 272 272 273 273 272 273 272 272 273 272 272 273 272 272 273 272 273 272 273 273 272 272 272 272 272 273 273 273 272 273 272 272 272 272 273 272 273 0 273 272 272 272 272 0 273 272 272 273 273 5 272 274 0 273 273 0 273 273 272 273 272 273 273 272 272 272 273 273 272 273 273 273 272 273 273 273 272 273 272 272 273 272 273 272 272 273 273 273 273 273 273 272 272 272 359 273 272 272 272 273 359 273 272 272 273 272 272 273 273 273 273 272 272 272 273 273 273 272 273 272 273 272 272 272 272 273 273 273 272 273 273 273 273 357 273 272 273 272 273 357 272 272 272 273 272 272 272 272 272 272 273 272 272 272 272 273 272 272 272 273 273 273 272 273 273 273 273 273 273 273 272 272 272 272 273 272 273 273 273 273 272 273 273 272 272 273 273 273 272 273 272 273 273 273 273 273 272 273 273 272 272 273 272 272 272 272 272 274 273 273 273 273 273 273 272 272 272 272 272 273 272 273 272 273 272 272 273 273 272 272 273 272 
# name: freq
# type: matrix
# rows: 1
# columns: 359
 50.0 50.0 50.0 50.0 50.0 50.0 50.0 50.0 50.0 50.0 50.0 50.0 50.0 50.0 50.0 50.0 50.0 50.0 50.0 50.0 50.0 50.0 50.0 50.0 50.0 50.0 50.0 50.0 50.0 50.0 50.0 50.0 50.0 50.0 50.0 50.0 50.0 50.0 50.0 50.0 50.0 50.0 50.0 50.0 50.0 50.0 50.0 50.0 50.0 50.0 50.0 50.0 50.0 50.0 50.0 50.0 50.0 50.0 50.0 50.0 50.0 50.0 50.0 50.0 50.0 50.0 50.0 50.0 50.0 50.0 50.0 50.0 50.0 50.0 50.0 50.0 50.0 50.0 50.0 50.0 50.0 50.0 50.0 50.0 50.0 50.0 50.0 50.0 50.0 50.0 50.0 50.0 50.0 50.0 50.0 50.0 50.0 50.0 50.0 50.0 50.0 50.0 50.0 50.0 50.0 50.0 50.0 50.0 50.0 50.0 50.0 50.0 50.0 50.0 50.0 50.0 50.0 50.0 50.0 50.0 50.0 50.0 50.0 50.0 50.0 50.0 50.0 50.0 50.0 50.0 50.0 50.0 50.0 50.0 50.0 50.0 50.0 50.0 50.0 50.0 50.0 50.0 50.0 50.0 50.0 50.0 50.0 50.0 50.0 50.0 50.0 50.0 50.0 50.0 50.0 50.0 50.0 50.0 50.0 50.0 50.0 50.0 50.0 50.0 50.0 50.0 50.0 50.0 50.0 50.0 50.0 50.0 50.0 50.0 50.0 50.0 50.0 50.0 50.0 50.0 50.0 50.0 50.0 50.0 50.0 50.0 50.0 50.0 50.0 50.0 50.0 50.0 50.0 50.0 50.0 50.0 50.0 50.0 50.0 50.0 50.0 50.0 50.0 50.0 50.0 50.0 50.0 50.0 50.0 50.0 50.0 50.0 50.0 50.0 50.0 50.0 50.0 50.0 50.0 50.0 50.0 50.0 50.0 50.0 50.0 50.0 50.0 50.0 50.0 50.0 50.0 50.0 50.0 50.0 50.0 50.0 50.0 50.0 50.0 50.0 50.0 50.0 50.0 50.0 50.0 50.0 50.0 50.0 50.0 50.0 50.0 50.0 50.0 50.0 50.0 50.0 50.0 50.0 50.0 50.0 50.0 50.0 50.0 50.0 50.0 50.0 50.0 50.0 50.0 50.0 50.0 50.0 50.0 50.0 50.0 50.0 50.0 50.0 50.0 50.0 50.0 50.0 50.0 50.0 50.0 50.0 50.0 50.0 50.0 50.0 50.0 50.0 50.0 50.0 50.0 50.0 50.0 50.0 50.0 50.0 50.0 50.0 50.0 50.0 50.0 50.0 50.0 50.0 50.0 50.0 50.0 50.0 50.0 50.0 50.0 50.0 50.0 50.0 50.0 50.0 50.0 50.0 50.0 50.0 50.0 50.0 50.0 50.0 50.0 50.0 50.0 50.0 50.0 50.0 50.0 50.0 50.0 50.0 50.0 50.0 50.0 50.0 50.0 50.0 50.0 50.0 50.0 50.0 50.0 50.0 50.0 50.0 50.0 50.0 50.0 50.0 50.0 50.0 50.0 
# name: reacPower
# type: matrix
# rows: 1
# columns: 359
 -7.556 -5.486 -3.83 -7.453 -5.59 -5.59 -7.453 -5.59 57.143 50.828 -5.59 -5.59 -3.933 54.141 52.07 -5.59 -3.726 -5.59 -5.59 -3.933 -5.59 -5.59 -5.59 -5.59 -5.59 -5.59 -5.59 -5.59 -5.59 -5.59 -5.59 -5.59 -5.59 -5.59 -5.59 -5.59 -5.59 -5.59 -5.59 -5.59 -5.59 -5.59 -5.59 -5.59 -5.59 -5.59 -3.83 -5.59 -5.59 -5.59 -5.59 -5.59 -5.59 -5.59 -5.59 -5.59 -5.59 -5.59 -5.59 -5.59 -5.59 -5.59 -5.59 -5.59 -5.59 -5.59 -5.59 -5.59 -5.59 -5.59 -5.59 -5.59 -5.59 -5.59 -5.59 -5.59 -5.59 -5.59 -5.59 -5.59 -5.59 -5.59 -5.59 -5.59 -5.59 -5.59 -5.279 -5.59 51.139 -7.764 -5.59 -3.83 -5.59 -5.59 -5.486 -5.59 -5.59 -5.59 -5.59 -5.59 -5.59 -5.59 -5.59 -5.59 -5.59 -5.59 -5.59 -5.59 -5.59 -5.383 -5.59 -5.59 -5.59 -5.693 -5.59 -5.59 -5.59 -5.59 -5.59 -5.59 -5.59 -5.59 -5.59 -5.59 -5.59 -6.107 -5.59 -5.59 -5.59 -5.59 -5.59 -5.693 -5.59 -5.59 -5.59 -5.59 -5.59 -5.59 -5.59 -5.59 -5.59 -5.59 -5.59 -5.59 -5.59 -5.59 -5.59 -5.59 -5.59 -5.59 -5.59 -5.59 -5.59 -5.59 -5.59 -5.59 -5.59 -5.59 -5.59 -5.59 -5.59 -5.59 -5.59 -5.59 -6.314 -5.59 -5.59 -5.59 -5.59 -5.59 -6.521 -5.59 -5.59 -5.59 -5.59 -5.59 51.346 -5.59 -5.59 -7.556 -5.59 -5.59 -7.453 -5.486 -5.59 -5.59 -5.59 -5.59 -5.59 -5.59 -5.59 -5.59 -5.59 -5.59 -5.59 -5.486 -5.59 -5.59 -5.59 -5.59 -5.59 -5.59 -5.59 -5.59 -5.59 -5.59 -5.59 -5.59 -5.59 -5.59 -5.59 -5.59 -5.59 -5.59 -5.59 -5.59 -5.59 -5.59 -5.59 -5.59 -5.59 -7.556 -5.486 -5.59 -5.486 -5.486 -5.486 -7.453 -5.486 -5.486 -5.486 -5.486 -5.486 -5.486 -5.486 -5.486 -5.486 -5.486 -5.59 -5.59 -5.486 -5.486 -5.486 -5.486 -5.486 -5.486 -5.486 -5.486 -5.486 -5.486 -5.486 -5.486 -5.59 -5.59 -5.59 -5.59 -5.59 -5.59 -5.59 -5.59 -7.349 -5.59 -5.59 -5.59 -5.59 -5.59 -7.453 -5.59 -5.59 -5.59 -5.59 -5.59 -5.59 -5.59 -5.59 -5.59 -5.59 -5.59 -5.59 -5.59 -5.59 -5.59 -5.59 -5.59 -5.59 -5.59 -5.59 -5.59 -5.59 -5.59 -5.59 -5.59 -5.59 -5.59 -5.59 -5.59 -5.59 -5.59 -5.59 -5.59 -5.59 -5.59 -5.59 -5.59 -5.59 -5.59 -5.59 -5.59 -5.59 -5.59 -5.59 -5.59 -5.59 -5.59 -5.59 -5.59 -5.59 -5.59 -5.59 -5.59 -5.59 -5.59 -5.59 -5.59 -5.59 -5.59 -5.59 -5.59 -5.59 -5.59 -5.59 -5.59 -5.59 -5.59 -5.59 -5.59 -5.59 -5.59 -5.59 -5.59 -5.59 -5.59 -5.59 -5.59 -5.59 -5.59 -5.59 -5.59 -5.59 -5.59 -5.59 -5.59 -5.59 -5.59 -5.59 -5.59 -5.59 -5.59 -5.59 
# name: power
# type: matrix
# rows: 1
# columns: 359
 350.623 0.207 390.064 332.404 0.207 0.207 321.223 0.207 60.973 1193.797 0.207 0.207 317.704 1199.801 1202.803 0.207 319.981 0.207 0.207 54.555 0.207 0.207 0.207 0.207 0.207 0.207 0.207 0.207 0.207 0.207 0.207 0.207 0.207 0.207 0.207 0.207 0.207 0.207 0.207 0.207 0.207 0.207 0.207 0.207 0.207 0.207 77.433 0.207 0.207 0.207 0.207 0.207 0.207 0.207 0.207 0.207 0.207 0.207 0.207 0.207 0.207 0.31 0.207 0.31 0.31 0.207 0.31 0.207 0.207 0.207 0.31 0.207 0.207 0.207 0.207 0.207 0.207 0.207 0.207 0.207 0.207 0.207 0.207 0.207 0.31 0.207 10.869 0.207 1204.045 675.263 0.207 358.594 0.207 0.207 4.658 0.207 0.207 0.207 0.207 0.207 0.207 0.207 0.207 0.207 0.207 0.207 0.207 0.207 0.207 7.349 0.207 0.207 0.207 0.207 0.207 0.207 0.207 0.207 0.207 0.207 0.207 0.207 0.207 0.207 0.207 567.395 0.207 0.207 0.207 0.207 0.207 0.207 0.207 0.207 0.207 0.207 0.207 0.207 0.207 0.207 0.207 0.207 0.207 0.207 0.207 0.207 0.207 0.207 0.207 0.207 0.207 0.207 0.207 0.207 0.207 0.207 0.207 0.207 0.207 0.207 0.207 0.207 0.207 0.207 560.252 0.207 0.207 0.207 0.207 0.207 552.281 0.207 0.207 0.207 0.207 0.207 569.983 0.207 0.414 507.146 0.207 0.207 502.902 0.207 0.207 0.207 0.207 0.207 0.207 0.207 0.207 0.207 0.207 0.207 0.207 0.207 0.207 0.207 0.207 0.207 0.207 0.207 0.207 0.207 0.207 0.207 0.207 0.207 0.207 0.207 0.207 0.207 0.207 0.207 0.207 0.207 0.207 0.207 0.207 0.207 0.207 413.46 0.207 0.207 0.207 0.207 0.207 375.675 0.207 0.207 0.207 0.207 0.207 0.207 0.207 0.207 0.207 0.207 0.207 0.207 0.207 0.207 0.207 0.207 0.207 0.207 0.207 0.207 0.207 0.207 0.207 0.207 0.207 0.207 0.207 0.207 0.207 0.207 0.207 0.207 132.713 0.207 0.207 0.207 0.207 0.207 102.485 0.207 0.207 0.207 0.207 0.207 0.207 0.207 0.207 0.207 0.207 0.207 0.207 0.207 0.207 0.207 0.207 0.207 0.207 0.207 0.207 0.207 0.207 0.207 0.207 0.207 0.207 0.207 0.207 0.207 0.207 0.207 0.207 0.207 0.207 0.207 0.207 0.207 0.207 0.207 0.207 0.207 0.207 0.207 0.207 0.207 0.207 0.207 0.207 0.207 0.207 0.207 0.207 0.207 0.207 0.207 0.207 0.207 0.207 0.207 0.207 0.207 0.207 0.207 0.207 0.207 0.207 0.207 0.414 0.207 0.207 0.207 0.207 0.207 0.207 0.207 0.207 0.207 0.207 0.207 0.207 0.207 0.207 0.207 0.207 0.207 0.207 0.207 0.207 0.207 0.207 0.207 0.207 
