# name: phAngle
# type: matrix
# rows: 1
# columns: 359
 273 273 0 0 273 273 0 273 273 272 272 273 273 273 272 272 272 273 272 272 272 272 272 273 272 273 273 0 272 273 272 272 273 272 273 272 273 272 273 273 272 273 272 272 273 272 272 272 272 273 273 272 272 272 272 272 272 272 272 272 272 273 272 272 272 272 273 272 273 272 272 272 333 272 272 273 272 272 273 272 273 272 272 272 272 272 272 283 272 272 272 272 44 273 0 2 272 272 0 273 272 273 272 272 272 273 272 272 273 272 272 272 272 273 272 272 272 272 273 273 272 273 273 272 272 272 272 273 273 273 272 272 272 272 272 273 272 272 273 272 272 272 272 272 272 272 273 273 273 273 273 272 273 272 272 273 273 273 272 273 272 273 272 273 272 273 273 273 272 272 273 273 273 272 273 272 273 273 272 273 273 272 273 273 272 273 273 273 273 273 272 273 272 272 272 272 273 273 273 272 272 273 273 273 273 273 273 273 272 272 272 273 272 272 273 272 273 272 273 273 272 272 273 272 273 273 272 273 273 273 272 272 272 272 273 273 273 273 273 273 272 273 273 272 272 273 273 273 272 273 273 272 273 273 273 273 273 272 272 273 273 273 273 272 272 272 272 273 273 273 272 272 272 272 272 272 272 272 272 273 273 273 272 272 273 272 272 273 272 272 276 272 273 273 272 272 272 272 273 272 273 272 272 273 273 272 0 272 272 273 272 272 272 273 272 273 273 272 272 273 272 272 273 354 273 272 273 273 273 272 273 273 272 273 273 272 272 272 273 359 273 272 273 272 272 272 273 272 272 273 273 273 272 273 273 273 273 272 273 
# name: freq
# type: matrix
# rows: 1
# columns: 359
 50.0 50.0 50.0 49.9 50.0 50.0 49.9 50.0 50.0 50.0 50.0 50.0 50.0 50.0 50.0 50.0 50.0 50.0 50.0 50.0 50.0 50.0 50.0 50.0 50.0 50.0 50.0 50.0 50.0 50.0 50.0 50.0 50.0 50.0 50.0 50.0 50.0 50.0 50.0 50.0 50.0 50.0 50.0 50.1 50.0 50.0 50.0 50.1 50.0 50.0 50.0 50.0 50.0 50.0 50.0 50.0 50.1 50.0 50.0 50.1 50.0 50.1 50.1 50.1 50.0 50.1 50.0 50.0 50.1 50.1 50.0 50.1 50.0 50.1 50.0 50.1 50.1 50.1 50.0 50.0 50.1 50.0 50.0 50.1 50.1 50.1 50.1 50.0 50.0 50.0 50.0 50.1 50.0 50.0 50.0 50.0 50.0 50.0 50.0 50.0 50.0 50.0 50.0 50.0 50.0 50.0 50.0 50.0 50.0 50.0 50.0 50.0 50.0 50.0 50.0 50.0 50.0 50.0 50.0 50.0 50.0 50.0 50.0 50.0 50.0 50.0 50.0 50.0 50.0 50.0 50.0 50.0 50.0 50.0 50.0 50.0 50.0 50.0 50.0 50.0 50.0 50.0 50.0 50.0 50.0 50.0 50.0 50.0 50.0 50.0 50.0 50.0 50.0 50.0 50.0 50.0 50.0 50.0 50.0 50.0 50.0 50.0 50.0 50.0 50.0 50.0 50.0 50.0 50.0 50.0 50.0 50.0 50.0 50.0 50.0 50.0 50.0 50.0 50.0 50.0 50.0 50.0 50.0 50.0 50.0 50.0 50.0 50.0 50.0 50.0 50.0 50.0 50.0 50.0 50.0 50.0 50.0 50.0 50.0 50.0 50.0 50.0 50.0 50.0 50.0 50.0 50.0 50.0 50.0 50.0 50.0 50.0 50.0 50.0 50.0 50.0 50.0 50.0 50.0 50.1 50.0 50.0 50.0 50.1 50.0 50.0 50.0 50.0 50.0 50.0 50.0 50.0 50.0 50.0 50.0 50.0 50.0 50.0 50.0 50.0 50.0 50.0 50.0 50.0 50.0 50.0 50.0 50.0 50.0 50.0 50.0 50.0 50.0 50.0 50.0 50.0 50.0 50.0 50.0 50.0 50.0 50.0 50.0 50.0 50.0 50.0 50.0 50.0 50.0 50.0 50.0 50.0 50.0 50.0 50.0 49.9 50.0 50.0 49.9 49.9 50.0 49.9 49.9 49.9 50.0 50.0 50.0 50.0 49.9 49.9 50.0 50.0 49.9 49.9 49.9 50.0 50.0 50.0 50.0 50.0 50.0 50.0 50.0 50.0 50.0 50.0 50.0 50.0 50.0 50.0 50.0 50.0 50.0 50.0 50.0 50.0 50.0 50.0 50.0 50.0 50.0 50.0 50.0 50.0 50.0 50.0 50.0 50.0 50.0 50.0 50.0 50.0 50.0 50.0 50.0 50.0 50.0 50.0 50.0 50.0 50.0 50.0 50.0 50.0 50.0 50.0 50.0 50.0 50.0 50.0 50.0 50.0 50.0 50.0 50.0 50.0 50.0 50.0 50.0 
# name: reacPower
# type: matrix
# rows: 1
# columns: 359
 -5.383 -5.383 -5.693 -5.693 -5.383 -5.383 -3.933 -5.383 -5.383 -5.383 -5.383 -5.383 -5.383 -5.383 -5.383 -5.383 -5.383 -5.383 -5.383 -5.383 -5.383 -5.383 -5.383 -5.383 -5.383 -5.383 -5.383 -3.623 -5.383 -5.383 -5.383 -5.383 -5.383 -5.383 -5.383 -5.383 -5.383 -5.383 -5.383 -5.383 -5.383 -5.383 -5.383 -5.383 -5.383 -5.383 -5.383 -5.383 -5.383 -5.383 -5.383 -5.486 -5.486 -5.486 -5.383 -5.486 -5.486 -5.486 -5.486 -5.486 -5.486 -5.486 -5.486 -5.486 -5.486 -5.486 -5.486 -5.486 -5.486 -5.486 -5.486 -5.486 -5.072 -5.486 -5.486 -5.486 -5.486 -5.486 -5.486 -5.486 -5.486 -5.486 -5.486 -5.486 -5.486 -5.486 -5.486 -5.383 -5.486 -5.486 -5.486 -5.486 56.315 -5.486 -4.244 52.588 -5.486 -5.486 -3.83 -5.486 -5.486 -5.486 -5.486 -5.486 -5.486 -5.486 -5.486 -5.486 -5.486 -5.486 -5.486 -5.486 -5.486 -5.486 -5.59 -5.486 -5.59 -5.486 -5.486 -5.486 -5.59 -5.486 -5.486 -5.59 -5.486 -5.59 -5.486 -5.486 -5.486 -5.486 -5.486 -5.486 -5.486 -5.486 -5.486 -5.486 -5.486 -5.486 -5.486 -5.486 -5.486 -5.486 -5.486 -5.486 -5.486 -5.486 -5.486 -5.486 -5.486 -5.486 -5.486 -5.486 -5.486 -5.486 -5.486 -5.486 -5.486 -5.486 -5.486 -5.486 -5.486 -5.486 -5.486 -5.486 -5.486 -5.486 -5.486 -5.486 -5.486 -5.486 -5.486 -5.486 -5.486 -5.486 -5.486 -5.486 -5.486 -5.59 -5.59 -5.59 -5.59 -5.59 -5.59 -5.59 -5.486 -5.486 -5.486 -5.59 -5.486 -5.486 -5.486 -5.59 -5.486 -5.486 -5.486 -5.59 -5.486 -5.486 -5.59 -5.59 -5.59 -5.59 -5.59 -5.59 -5.59 -5.486 -5.486 -5.59 -5.59 -5.59 -5.59 -5.59 -5.59 -5.59 -5.59 -5.59 -5.59 -5.59 -5.59 -5.59 -5.59 -5.59 -5.59 -5.59 -5.59 -5.59 -5.486 -5.486 -5.486 -5.486 -5.486 -5.486 -5.486 -5.486 -5.59 -5.486 -5.486 -5.486 -5.486 -5.59 -5.486 -5.59 -5.59 -5.59 -5.59 -5.59 -5.59 -5.486 -5.59 -5.486 -5.59 -5.486 -5.59 -5.59 -5.59 -5.486 -5.486 -5.59 -5.59 -5.486 -5.486 -5.59 -5.486 -5.486 -5.486 -5.486 -5.486 -5.59 -5.59 -5.486 -5.486 -5.486 -5.486 -5.486 -5.486 -5.486 -5.486 -5.486 -5.486 -5.486 -5.486 -5.486 -5.486 -5.486 -5.486 -5.486 -5.486 -5.486 -5.486 -5.486 -5.486 -5.486 -5.486 -5.486 -5.486 -5.486 -5.59 -5.486 -5.486 -5.486 -5.486 -5.486 -5.486 -5.486 -5.486 -5.486 -6.314 -5.486 -5.486 -5.486 -5.486 -5.486 -5.486 -5.486 -5.486 -5.59 -5.486 -5.486 -5.486 -5.486 -5.486 -5.486 -5.486 -4.14 -5.486 -5.486 -5.486 -5.486 -5.486 -5.486 -5.486 -5.486 -5.486 -5.486 -5.486 -5.486 -5.486 -5.486 -5.486 -7.66 -5.486 -5.486 -5.486 -5.486 -5.486 -5.486 -5.486 -5.486 -5.486 -5.486 -5.486 -5.59 -5.486 -5.486 -5.59 -5.59 -5.59 -5.59 -5.59 
