# name: phAngle
# type: matrix
# rows: 1
# columns: 359
 0 0 0 0 0 0 0 0 0 0 0 0 0 0 0 0 0 0 0 0 0 0 0 0 0 0 0 0 0 0 0 0 0 0 0 0 0 0 10 0 0 0 0 0 0 0 0 0 0 0 0 0 0 0 0 0 0 0 0 0 0 0 0 0 0 0 0 0 0 0 0 0 0 0 0 0 0 0 0 0 0 0 0 0 0 0 0 0 0 0 0 0 0 0 0 0 0 0 0 0 0 0 0 0 0 0 0 0 0 0 0 0 0 0 0 0 0 0 0 0 5 10 0 0 0 0 0 0 0 0 0 0 0 0 0 0 0 0 0 0 0 0 0 0 0 0 0 0 0 0 0 0 0 0 0 0 0 0 0 0 0 0 0 0 0 0 0 0 0 0 0 0 0 0 0 0 0 0 0 0 0 0 0 0 0 0 0 0 0 0 0 0 0 0 0 0 0 0 0 0 0 0 0 0 0 0 0 0 0 0 0 0 0 0 0 0 0 0 0 0 0 0 0 0 0 0 0 7 0 0 0 0 0 0 0 0 0 0 0 0 0 0 0 0 0 0 0 0 0 0 0 0 0 0 0 0 0 0 0 0 0 0 0 0 0 0 0 0 0 0 0 0 0 0 0 0 0 0 0 0 0 0 0 0 0 0 0 0 0 0 0 0 0 0 0 0 0 0 0 0 0 0 0 0 0 0 0 0 0 0 0 0 0 0 0 0 0 0 0 0 0 0 0 0 0 0 0 0 0 0 0 0 0 0 0 0 0 0 0 0 0 0 0 0 0 0 0 0 0 0 0 0 0 0 0 0 0 0 0 
# name: freq
# type: matrix
# rows: 1
# columns: 359
 50.0 50.0 50.0 50.0 50.0 50.0 50.0 50.0 50.0 50.0 50.0 50.0 50.0 50.0 50.0 50.0 50.0 50.0 50.0 50.0 50.0 50.0 50.0 50.0 50.0 50.0 50.0 50.0 50.0 50.0 50.0 50.0 50.0 50.0 50.0 50.0 50.0 50.0 50.0 50.0 50.0 50.0 50.0 50.0 50.0 50.0 50.0 49.9 49.9 50.0 50.0 50.0 50.0 50.0 50.0 50.0 50.0 49.9 49.9 50.0 50.0 50.0 50.0 50.0 50.0 50.0 50.0 50.0 50.0 49.9 50.0 50.0 50.0 50.0 49.9 50.0 49.9 50.0 50.0 50.0 49.9 50.0 49.9 50.0 50.0 50.0 49.9 50.0 50.0 50.0 50.0 50.0 49.9 49.9 49.9 50.0 50.0 49.9 49.9 49.9 49.9 49.9 49.9 49.9 49.9 49.9 49.9 50.0 49.9 49.9 49.9 49.9 49.9 49.9 49.9 50.0 50.0 49.9 49.9 50.0 49.9 50.0 50.0 50.0 50.0 50.0 50.0 50.0 50.0 50.0 50.0 50.0 50.0 50.0 50.0 50.0 50.0 50.0 50.0 50.0 50.0 50.0 50.0 50.0 50.0 50.0 50.0 50.0 50.0 50.0 50.0 50.0 50.0 50.0 50.0 50.0 50.0 50.0 50.0 50.0 50.0 50.0 50.0 50.0 50.0 50.0 50.0 50.0 50.0 50.0 50.0 50.0 50.0 50.0 50.0 50.1 50.0 50.0 50.1 50.1 50.0 50.0 50.0 50.0 50.0 50.0 50.0 50.0 50.0 50.0 50.0 50.0 50.0 50.0 50.0 50.0 50.0 50.0 50.0 50.0 50.0 50.0 50.0 50.0 50.0 50.0 50.0 50.0 50.0 50.0 50.0 50.0 50.0 50.0 50.0 50.0 50.0 50.0 50.0 50.0 50.0 50.0 50.0 50.0 50.0 50.0 50.0 50.0 50.0 50.0 50.0 50.0 50.0 50.0 50.0 50.0 50.0 50.0 50.0 50.0 50.0 50.0 50.0 50.0 50.0 50.0 50.0 50.0 50.0 50.0 50.0 50.0 50.0 50.0 50.0 50.0 50.0 50.0 50.0 50.0 50.0 50.0 50.0 50.0 50.0 50.0 50.0 50.0 50.0 50.0 50.0 50.0 50.0 50.0 50.0 50.0 50.0 50.0 50.0 50.0 50.0 50.0 50.0 50.0 50.0 50.0 50.0 50.0 50.0 50.0 50.0 50.0 50.0 50.0 50.0 50.0 50.0 50.0 50.0 50.0 50.0 50.0 50.0 50.0 50.0 50.0 50.0 50.0 50.0 50.0 50.0 50.0 50.0 50.0 50.0 50.0 50.0 50.0 50.0 50.0 50.0 50.0 50.0 50.0 50.0 50.0 50.0 50.0 50.0 50.0 50.0 50.0 50.0 50.0 50.0 50.0 50.0 50.0 50.0 50.0 50.0 50.0 50.0 50.0 50.0 50.0 50.0 50.0 50.0 50.0 50.0 50.0 50.0 50.0 50.0 50.0 50.0 50.0 50.0 
# name: reacPower
# type: matrix
# rows: 1
# columns: 359
 -0.208 -0.208 -0.208 -0.208 -0.208 -0.208 -0.208 -0.208 -0.208 -0.208 -0.208 -0.208 -0.208 -0.208 -0.208 -0.208 -0.208 -0.208 -0.208 -0.208 -0.208 -0.208 -0.208 -0.208 -0.208 -0.208 -0.208 -0.208 -0.208 -0.208 -0.208 -0.208 -0.208 -0.208 -0.208 -0.208 -0.208 0.104 0.104 0.0 0.0 0.0 0.0 0.0 0.0 0.0 0.0 0.0 0.0 0.0 0.0 0.0 0.0 0.0 0.0 0.0 0.0 0.0 0.0 0.0 0.0 0.0 0.0 0.0 0.0 0.0 0.0 0.0 0.0 0.0 0.0 -0.104 -0.104 -0.208 -0.104 -0.208 -0.104 -0.208 -0.208 -0.208 -0.208 -0.208 -0.208 -0.208 -0.208 -0.208 -0.208 -0.208 -0.208 -0.208 -0.208 -0.208 -0.208 -0.208 -0.208 -0.208 -0.208 -0.208 -0.208 -0.208 -0.208 -0.208 -0.208 -0.208 -0.208 -0.208 -0.208 -0.208 -0.208 -0.208 -0.208 -0.208 -0.208 -0.208 -0.208 -0.208 -0.208 -0.208 -0.208 0.0 0.104 0.104 0.0 0.0 0.0 0.0 0.0 0.0 0.0 0.0 0.0 -0.208 -0.208 -0.208 -0.208 -0.208 -0.208 -0.208 -0.208 -0.208 -0.208 -0.208 -0.208 -0.208 -0.208 -0.208 -0.208 -0.208 -0.208 -0.208 -0.208 -0.208 -0.208 -0.208 -0.208 -0.208 -0.208 -0.208 -0.208 -0.208 -0.104 -0.208 -0.208 -0.208 -0.208 -0.208 -0.208 -0.208 -0.208 -0.208 -0.208 -0.208 -0.208 -0.208 -0.208 -0.208 -0.208 -0.208 -0.208 -0.208 -0.208 -0.208 -0.208 -0.208 -0.208 -0.208 -0.208 -0.208 -0.208 -0.208 -0.208 -0.208 -0.208 -0.208 -0.208 -0.208 -0.208 -0.208 -0.208 -0.208 -0.208 -0.208 -0.208 -0.208 -0.208 -0.208 -0.208 -0.208 -0.208 -0.208 -0.208 0.0 0.0 0.0 0.0 0.0 0.0 0.0 0.0 0.0 0.0 0.0 0.0 0.0 0.0 0.0 0.104 0.104 0.0 0.0 0.0 0.0 0.0 0.0 0.0 0.0 0.0 0.0 0.0 0.0 0.0 0.0 0.0 0.0 0.0 0.0 0.0 0.0 0.0 0.0 0.0 0.0 0.0 0.0 0.0 0.0 0.0 0.0 0.0 0.0 0.0 -0.104 -0.104 -0.104 -0.104 -0.104 -0.208 -0.208 -0.104 -0.208 -0.208 -0.208 -0.208 -0.104 -0.104 -0.104 -0.104 -0.208 -0.208 -0.208 -0.208 -0.208 -0.208 -0.104 -0.208 -0.208 -0.208 -0.208 -0.208 -0.208 -0.208 -0.208 -0.208 -0.208 -0.208 -0.208 -0.104 0.0 0.0 0.0 0.0 0.0 0.0 0.0 0.0 0.0 0.0 0.0 0.0 0.0 0.0 0.0 0.0 0.0 0.0 0.0 0.0 0.0 0.0 0.0 0.0 0.0 0.0 0.0 0.0 0.0 0.0 0.0 0.0 0.0 0.0 0.0 0.0 0.0 0.0 0.0 0.0 0.0 0.0 0.0 0.0 0.0 0.0 0.0 0.0 0.0 0.0 0.0 0.0 0.0 0.0 0.0 0.0 0.0 0.0 0.0 0.0 0.0 0.0 
# name: power
# type: matrix
# rows: 1
# columns: 359
 4.163 4.163 4.163 4.267 4.267 4.267 4.267 4.267 4.267 4.267 4.267 4.267 4.267 4.267 4.267 4.267 4.267 4.267 4.267 4.267 4.267 4.267 4.267 4.267 4.267 4.267 4.267 4.267 4.267 4.267 4.267 4.267 4.267 4.267 4.267 4.267 4.267 2.185 0.832 0.0 0.0 0.0 0.0 0.0 0.0 0.0 0.0 0.0 0.0 0.0 0.0 0.0 0.0 0.0 0.0 0.0 0.0 0.0 0.0 0.0 0.0 0.0 0.0 0.0 0.0 0.0 0.0 0.0 0.0 0.0 0.0 3.955 3.955 4.059 4.059 4.059 4.163 4.163 4.163 4.267 4.163 4.163 4.163 4.163 4.163 4.163 4.163 4.163 4.163 4.267 4.267 4.267 4.267 4.267 4.267 4.267 4.267 4.371 4.267 4.371 4.267 4.267 4.267 4.267 4.267 4.267 4.267 4.267 4.267 4.267 4.267 4.267 4.267 4.267 4.267 4.267 4.267 4.267 4.267 2.914 1.769 0.624 0.0 0.0 0.0 0.0 0.0 0.0 0.0 0.0 0.0 4.059 4.059 4.163 4.163 4.163 4.163 4.163 4.163 4.163 4.267 4.267 4.267 4.267 4.267 4.267 4.267 4.267 4.267 4.267 4.267 4.267 4.267 4.267 4.267 4.267 4.267 4.267 4.267 4.267 4.267 4.267 4.267 4.267 4.267 4.163 4.163 4.163 4.163 4.163 4.163 4.163 4.163 4.163 4.163 4.163 4.163 4.163 4.163 4.163 4.267 4.267 4.267 4.267 4.267 4.267 4.267 4.163 4.267 4.163 4.267 4.163 4.163 4.267 4.267 4.267 4.267 4.267 4.267 4.267 4.267 4.267 4.267 4.267 4.267 4.267 4.267 4.267 4.163 4.163 4.163 0.0 0.0 0.0 0.0 0.0 0.0 0.0 0.0 0.0 0.0 0.0 0.0 0.0 0.0 0.0 2.081 1.04 0.0 0.0 0.0 0.0 0.0 0.0 0.0 0.0 0.0 0.0 0.0 0.0 0.0 0.0 0.0 0.0 0.0 0.0 0.0 0.0 0.0 0.0 0.0 0.0 0.0 0.0 0.0 0.0 0.0 0.0 0.0 0.0 0.0 3.85 3.955 3.955 3.955 4.059 4.059 4.059 4.059 4.059 4.059 4.059 4.059 4.059 4.059 4.059 4.059 4.163 4.059 4.059 4.059 4.059 4.059 4.059 4.059 4.059 4.163 4.163 4.267 4.267 4.267 4.267 4.267 4.163 4.163 4.267 3.226 0.0 0.0 0.0 0.0 0.0 0.0 0.0 0.0 0.0 0.0 0.0 0.0 0.0 0.0 0.0 0.0 0.0 0.0 0.0 0.0 0.0 0.0 0.0 0.0 0.0 0.0 0.0 0.0 0.0 0.0 0.0 0.0 0.0 0.0 0.0 0.0 0.0 0.0 0.0 0.0 0.0 0.0 0.0 0.0 0.0 0.0 0.0 0.0 0.0 0.0 0.0 0.0 0.0 0.0 0.0 0.0 0.0 0.0 0.0 0.0 0.0 0.0 
