# name: phAngle
# type: matrix
# rows: 1
# columns: 361
 333 0 0 0 0 0 0 0 0 0 0 0 0 0 0 0 0 0 0 0 0 0 0 0 0 0 0 0 0 0 0 0 329 332 329 331 330 329 334 327 330 329 0 0 0 315 333 333 333 333 333 333 333 333 333 333 333 333 333 333 333 333 333 333 333 333 333 333 333 333 333 333 333 0 0 0 0 0 0 0 0 0 0 333 333 333 333 333 333 333 333 333 333 333 333 333 333 333 333 333 333 0 0 0 0 0 0 0 0 0 0 0 0 0 0 0 0 0 0 0 0 0 315 333 333 333 333 333 333 333 0 0 0 0 0 0 0 0 0 0 0 0 0 0 0 0 0 0 0 0 0 0 0 0 333 333 333 333 333 333 333 0 0 0 0 0 0 0 0 0 0 0 0 0 0 0 0 0 0 0 0 0 0 0 0 333 333 333 333 333 333 333 0 0 0 0 0 0 0 0 0 0 0 0 0 0 0 0 0 0 0 0 0 0 0 329 333 328 329 330 329 326 329 327 330 0 0 0 0 0 0 0 0 0 333 333 333 333 333 333 333 333 333 333 333 333 333 333 333 333 333 333 333 333 333 333 333 333 333 333 333 333 333 333 333 333 333 0 0 0 0 0 0 0 0 0 0 0 0 0 0 0 0 0 0 0 0 0 333 325 0 0 0 0 0 0 0 0 0 0 0 0 0 0 0 0 0 0 0 330 330 332 328 329 329 328 330 333 333 333 333 333 333 333 333 333 333 333 333 333 333 333 333 333 333 333 333 333 333 333 333 333 333 333 333 333 0 0 0 0 0 0 0 0 0 0 0 0 0 0 0 
# name: freq
# type: matrix
# rows: 1
# columns: 361
 49.9 49.9 49.9 49.9 49.9 49.9 49.9 49.9 49.9 49.9 49.9 49.9 49.9 49.9 49.9 49.9 49.9 49.9 49.9 49.9 49.9 49.9 49.9 49.9 49.9 49.9 49.9 49.9 49.9 49.9 49.9 49.9 49.9 49.9 49.9 49.9 49.9 49.9 49.9 49.9 49.9 49.9 49.9 49.9 49.9 49.9 49.9 49.9 49.9 49.9 49.9 49.9 49.9 49.9 49.9 49.9 49.9 49.9 49.9 49.9 50.0 49.9 49.9 49.9 49.9 49.9 49.9 49.9 49.9 49.9 49.9 49.9 49.9 49.9 49.9 49.9 49.9 50.0 50.0 49.9 49.9 49.9 49.9 49.9 49.9 50.0 49.9 49.9 49.9 49.9 49.9 49.9 50.0 49.9 49.9 50.0 49.9 49.9 49.9 50.0 50.0 50.0 50.0 50.0 50.0 50.0 50.0 50.0 50.0 49.9 50.0 50.0 50.0 50.0 50.0 50.0 50.0 50.0 50.0 50.0 50.0 50.0 50.0 50.0 50.0 50.0 50.0 50.0 50.0 50.0 50.0 50.0 50.0 50.0 50.0 50.0 50.0 50.0 50.0 50.0 50.0 50.0 50.0 50.0 50.0 50.0 50.0 50.0 50.0 50.0 50.0 50.0 50.0 50.0 50.0 50.0 50.0 50.0 50.0 50.0 50.0 50.0 50.0 50.0 50.0 50.0 50.0 50.0 50.0 50.0 50.0 50.0 50.0 50.0 50.0 50.0 50.0 50.0 50.0 50.0 50.0 50.0 50.0 50.0 50.0 50.0 50.0 50.0 50.0 50.0 50.0 50.0 50.0 50.0 50.0 50.0 50.0 50.0 50.0 50.0 50.0 50.0 50.0 50.0 50.0 50.0 50.0 50.0 50.0 50.0 50.0 50.0 50.0 50.0 50.0 50.0 50.0 50.0 50.0 50.0 50.0 50.0 50.0 50.0 50.0 50.0 50.0 50.0 50.0 50.0 50.0 50.0 50.0 50.0 50.0 50.0 50.0 50.0 50.0 50.0 50.0 50.0 50.0 50.0 50.0 50.0 50.0 50.0 50.0 50.0 50.0 50.0 50.0 50.0 50.0 50.0 50.0 50.0 50.0 50.0 50.0 50.0 50.0 50.0 50.0 50.0 50.0 50.0 50.0 50.0 50.0 50.0 50.0 50.0 50.0 50.0 50.0 50.0 50.0 50.0 50.0 50.0 50.0 50.0 50.0 50.0 50.0 50.0 50.0 50.0 50.0 50.0 50.0 50.0 50.0 50.0 50.0 50.0 50.0 50.0 50.0 50.0 50.0 50.0 50.0 50.0 50.0 50.0 50.0 50.0 50.0 50.0 50.0 50.0 50.0 50.0 50.0 50.0 50.0 50.0 50.0 50.0 50.0 50.0 50.0 50.0 50.0 50.0 50.0 50.0 50.0 50.0 50.0 50.0 50.0 50.0 50.0 50.0 50.0 50.0 50.0 50.0 50.0 50.0 50.0 50.0 50.0 50.0 50.0 50.0 50.0 50.0 50.0 50.0 50.0 50.0 50.0 50.0 50.0 50.0 50.0 
# name: reacPower
# type: matrix
# rows: 1
# columns: 361
 -3.623 0.0 0.0 0.0 0.0 0.0 0.0 0.0 0.0 0.0 0.0 0.0 0.0 0.0 0.0 0.0 0.0 0.0 0.0 0.0 0.0 0.0 0.0 0.0 0.0 0.0 0.0 0.0 0.0 0.0 0.0 0.0 -0.414 -0.621 -0.724 -0.724 -0.828 -0.931 -0.828 -1.138 -1.035 -1.138 -1.242 -1.242 -1.449 -2.484 -3.623 -3.623 -3.623 -3.623 -3.623 -3.519 -3.519 -3.519 -3.519 -3.623 -3.623 -3.519 -3.623 -3.623 -3.623 -3.519 -3.623 -3.623 -3.623 -3.519 -3.623 -3.623 -3.623 -3.623 -3.623 -3.519 -3.519 0.0 0.0 0.0 0.0 0.0 0.0 0.0 0.0 0.0 0.0 -3.623 -3.519 -3.623 -3.623 -3.623 -3.623 -3.623 -3.623 -3.623 -3.623 -3.623 -3.623 -3.623 -3.623 -3.623 -3.623 -3.623 -3.623 0.0 0.0 0.0 0.0 0.0 0.0 0.0 0.0 0.0 0.0 0.0 0.0 0.0 0.0 0.0 0.0 0.0 0.0 0.0 0.0 0.0 -2.277 -3.726 -3.726 -3.623 -3.726 -3.726 -3.623 -3.623 0.0 0.0 0.0 0.0 0.0 0.0 0.0 0.0 0.0 0.0 0.0 0.0 0.0 0.0 0.0 0.0 0.0 0.0 0.0 0.0 0.0 0.0 0.0 0.0 -3.726 -3.726 -3.726 -3.623 -3.623 -3.726 -3.726 0.0 0.0 0.0 0.0 0.0 0.0 0.0 0.0 0.0 0.0 0.0 0.0 0.0 0.0 0.0 0.0 0.0 0.0 0.0 0.0 0.0 0.0 0.0 0.0 -3.726 -3.726 -3.726 -3.623 -3.726 -3.726 -3.726 0.0 0.0 0.0 0.0 0.0 0.0 0.0 0.0 0.0 0.0 0.0 0.0 0.0 0.0 0.0 0.0 0.0 0.0 0.0 0.0 0.0 0.0 0.0 -0.517 -0.517 -0.724 -0.828 -1.035 -1.035 -1.242 -1.138 -1.242 -1.138 -1.449 -1.242 -1.345 -1.449 -1.449 -1.656 -1.345 -1.656 -1.656 -3.209 -3.623 -3.623 -3.623 -3.623 -3.623 -3.623 -3.623 -3.623 -3.623 -3.623 -3.623 -3.726 -3.726 -3.726 -3.726 -3.726 -3.726 -3.726 -3.623 -3.623 -3.623 -3.623 -3.726 -3.623 -3.726 -3.623 -3.623 -3.726 -3.623 -3.726 -3.623 -3.623 0.0 0.0 0.0 0.0 0.0 0.0 0.0 0.0 0.0 0.0 0.0 0.0 0.0 0.0 0.0 0.0 0.0 0.0 0.0 0.0 0.0 -3.623 -0.931 0.0 0.0 0.0 0.0 0.0 0.0 0.0 0.0 0.0 0.0 0.0 0.0 0.0 0.0 0.0 0.0 0.0 0.0 0.0 -0.414 -0.621 -0.724 -1.035 -0.931 -1.035 -1.242 -1.138 -3.623 -3.623 -3.623 -3.623 -3.623 -3.623 -3.623 -3.623 -3.623 -3.623 -3.623 -3.623 -3.623 -3.623 -3.623 -3.623 -3.623 -3.623 -3.623 -3.623 -3.623 -3.623 -3.519 -3.623 -3.623 -3.623 -3.623 -3.623 -3.623 0.0 0.0 0.0 0.0 0.0 0.0 0.0 0.0 0.0 0.0 0.0 0.0 0.0 0.0 0.0 
# name: power
# type: matrix
# rows: 1
# columns: 361
 4.865 0.0 0.0 0.0 0.0 0.0 0.0 0.0 0.0 0.0 0.0 0.0 0.0 0.0 0.0 0.0 0.0 0.0 0.0 0.0 0.0 0.0 0.0 0.0 0.0 0.0 0.0 0.0 0.0 0.0 0.0 0.0 0.828 1.138 1.242 1.345 1.552 1.656 1.759 1.759 1.863 1.966 2.07 2.173 2.173 3.312 4.761 4.761 4.761 4.865 4.865 4.865 4.865 4.865 4.865 4.865 4.865 4.865 4.865 4.865 4.865 4.865 4.865 4.865 4.865 4.865 4.865 4.865 4.865 4.865 4.865 4.865 4.865 0.0 0.0 0.0 0.0 0.0 0.0 0.0 0.0 0.0 0.0 4.761 4.761 4.761 4.865 4.865 4.865 4.865 4.865 4.865 4.865 4.865 4.865 4.865 4.761 4.761 4.761 4.761 4.761 0.0 0.0 0.0 0.0 0.0 0.0 0.0 0.0 0.0 0.0 0.0 0.0 0.0 0.0 0.0 0.0 0.0 0.0 0.0 0.0 0.0 3.105 4.865 4.865 4.865 4.761 4.865 4.761 4.761 0.0 0.0 0.0 0.0 0.0 0.0 0.0 0.0 0.0 0.0 0.0 0.0 0.0 0.0 0.0 0.0 0.0 0.0 0.0 0.0 0.0 0.0 0.0 0.0 4.865 4.761 4.865 4.865 4.865 4.865 4.865 0.0 0.0 0.0 0.0 0.0 0.0 0.0 0.0 0.0 0.0 0.0 0.0 0.0 0.0 0.0 0.0 0.0 0.0 0.0 0.0 0.0 0.0 0.0 0.0 4.865 4.865 4.865 4.865 4.865 4.865 4.865 0.0 0.0 0.0 0.0 0.0 0.0 0.0 0.0 0.0 0.0 0.0 0.0 0.0 0.0 0.0 0.0 0.0 0.0 0.0 0.0 0.0 0.0 0.0 0.828 1.035 1.138 1.345 1.759 1.759 1.759 1.966 1.966 1.966 2.07 2.173 2.173 2.277 2.277 2.484 2.38 2.484 2.484 4.14 4.761 4.761 4.761 4.761 4.761 4.865 4.761 4.761 4.761 4.865 4.761 4.761 4.865 4.865 4.865 4.865 4.865 4.865 4.865 4.865 4.865 4.865 4.865 4.761 4.761 4.865 4.761 4.761 4.761 4.761 4.761 4.761 0.0 0.0 0.0 0.0 0.0 0.0 0.0 0.0 0.0 0.0 0.0 0.0 0.0 0.0 0.0 0.0 0.0 0.0 0.0 0.0 0.0 4.865 1.345 0.0 0.0 0.0 0.0 0.0 0.0 0.0 0.0 0.0 0.0 0.0 0.0 0.0 0.0 0.0 0.0 0.0 0.0 0.0 0.724 1.035 1.449 1.656 1.656 1.759 1.966 1.966 4.761 4.761 4.761 4.761 4.761 4.761 4.761 4.761 4.761 4.865 4.761 4.865 4.865 4.865 4.865 4.865 4.865 4.865 4.865 4.865 4.865 4.761 4.865 4.865 4.761 4.761 4.761 4.761 4.761 0.0 0.0 0.0 0.0 0.0 0.0 0.0 0.0 0.0 0.0 0.0 0.0 0.0 0.0 0.0 
