# name: phAngle
# type: matrix
# rows: 1
# columns: 359
 333 333 333 333 333 333 333 333 333 333 315 0 0 0 0 0 0 0 333 333 333 333 333 333 333 333 333 333 0 0 0 0 0 0 0 0 333 333 333 333 333 333 333 333 333 333 0 0 0 0 0 0 0 0 0 333 333 333 333 333 333 333 333 0 0 0 0 0 0 0 0 0 0 0 333 333 333 0 0 0 0 0 0 0 0 0 0 0 0 0 0 0 333 333 333 333 333 333 333 333 333 333 333 333 333 333 333 333 333 333 333 333 333 333 333 0 0 0 0 0 0 0 0 0 0 0 0 0 333 333 333 333 333 333 333 333 0 0 0 0 0 0 0 0 0 0 0 0 0 0 333 333 0 0 0 0 0 0 0 0 0 333 333 333 333 333 333 333 333 333 333 333 333 333 333 333 333 0 0 0 0 0 0 0 0 0 0 0 0 0 0 0 333 333 333 333 333 333 333 0 0 0 0 0 0 0 0 0 0 0 0 0 0 0 0 0 0 0 0 0 333 333 333 333 333 333 333 333 333 333 333 333 333 333 333 333 333 333 333 333 0 0 0 0 0 0 0 0 0 0 0 0 0 0 0 0 0 333 333 333 333 333 333 333 0 0 0 0 0 0 0 0 0 0 0 0 0 0 0 0 0 0 0 333 0 0 0 0 0 0 0 0 0 0 0 0 0 0 0 0 0 333 332 333 333 331 332 333 330 329 332 330 333 333 333 333 333 333 333 333 333 333 333 333 333 333 333 333 333 333 333 333 333 333 333 333 333 333 333 333 333 333 333 0 0 0 0 0 0 0 0 0 0 0 0 0 0 0 0 
# name: freq
# type: matrix
# rows: 1
# columns: 359
 49.9 49.9 50.0 49.9 49.9 50.0 50.0 49.9 50.0 50.0 50.0 49.9 50.0 50.0 50.0 50.0 49.9 49.9 50.0 50.0 50.0 50.0 50.0 50.0 50.0 50.0 50.0 49.9 50.0 50.0 50.0 50.0 50.0 49.9 49.9 50.0 49.9 50.0 50.0 49.9 50.0 50.0 50.0 50.0 49.9 50.0 50.0 50.0 50.0 50.0 50.0 50.0 50.0 50.0 50.0 50.0 50.0 50.0 50.0 50.0 50.0 50.0 49.9 50.0 50.0 50.0 50.0 50.0 50.0 50.0 50.0 50.0 50.0 50.0 50.0 50.0 50.0 50.0 50.0 50.0 50.0 50.0 50.0 50.0 50.0 50.0 50.0 50.0 50.0 50.0 50.0 50.0 50.0 50.0 50.0 50.0 50.0 50.0 50.0 50.0 50.0 50.0 50.0 50.0 50.0 50.0 50.0 50.0 50.0 50.0 50.0 50.0 50.0 50.0 50.0 50.0 50.0 50.0 50.0 50.0 50.0 50.0 50.0 50.0 50.0 50.0 50.0 50.0 50.0 50.0 50.0 50.0 50.0 50.0 50.0 50.0 50.0 50.0 50.0 50.0 50.0 50.0 50.0 50.0 50.0 50.0 50.0 50.0 50.0 50.0 50.0 50.0 50.0 50.0 50.0 50.0 50.0 50.0 50.0 50.0 50.0 50.0 50.0 50.0 50.0 50.0 50.0 50.0 50.0 50.0 50.0 50.0 50.0 50.0 50.0 50.0 50.0 50.0 50.0 50.0 50.0 50.0 50.0 50.0 50.0 50.0 50.0 50.0 50.0 50.0 50.0 50.0 50.0 50.0 50.0 50.0 50.0 50.0 50.0 50.0 50.0 50.0 50.0 50.0 50.0 50.0 50.0 50.0 50.0 50.0 50.0 50.0 50.0 49.9 50.0 50.0 49.9 50.0 50.0 49.9 50.0 50.0 50.0 50.0 50.0 50.0 50.0 50.0 50.0 50.0 50.0 50.0 50.0 50.0 50.0 50.0 50.0 50.0 50.0 50.0 50.0 50.0 50.0 50.0 49.9 49.9 50.0 50.0 50.0 50.0 50.0 50.0 50.0 50.0 50.0 50.0 50.0 50.0 50.0 50.0 50.0 50.0 50.0 50.0 50.0 50.0 50.0 50.0 50.0 50.0 50.0 50.0 50.0 50.0 50.0 50.0 50.0 50.0 50.0 50.0 50.0 50.0 50.0 50.0 50.0 50.0 50.0 50.0 50.0 50.0 50.0 50.0 50.0 50.0 50.0 50.0 50.0 50.0 50.0 50.1 50.0 50.0 50.0 50.0 50.0 50.0 50.0 50.0 50.0 50.0 50.0 50.0 50.0 50.0 50.0 50.0 50.0 50.0 50.0 50.0 50.0 50.0 50.0 50.0 50.0 50.0 50.0 50.0 50.0 50.0 50.0 50.0 50.0 50.0 50.0 50.0 50.0 50.0 50.0 50.0 50.0 50.0 50.0 50.0 50.0 50.0 50.0 50.0 50.0 50.0 50.0 50.0 50.0 50.0 50.0 50.0 50.0 49.9 50.0 
# name: reacPower
# type: matrix
# rows: 1
# columns: 359
 -3.623 -3.623 -3.623 -3.623 -3.623 -3.623 -3.623 -3.623 -3.623 -3.726 -2.898 0.0 0.0 0.0 0.0 0.0 0.0 0.0 -3.726 -3.726 -3.726 -3.726 -3.726 -3.726 -3.726 -3.726 -3.726 -3.726 0.0 0.0 0.0 0.0 0.0 0.0 0.0 0.0 -3.623 -3.623 -3.726 -3.726 -3.726 -3.726 -3.726 -3.623 -3.726 -3.726 0.0 0.0 0.0 0.0 0.0 0.0 0.0 0.0 0.0 -3.726 -3.726 -3.726 -3.726 -3.726 -3.726 -3.726 -3.726 0.0 0.0 0.0 0.0 0.0 0.0 0.0 0.0 0.0 0.0 0.0 -3.726 -3.83 -3.726 0.0 0.0 0.0 0.0 0.0 0.0 0.0 0.0 0.0 0.0 0.0 0.0 0.0 0.0 0.0 -3.726 -3.726 -3.726 -3.726 -3.726 -3.726 -3.726 -3.726 -3.726 -3.726 -3.726 -3.726 -3.726 -3.726 -3.726 -3.726 -3.726 -3.726 -3.726 -3.726 -3.726 -3.726 -3.726 0.0 0.0 0.0 0.0 0.0 0.0 0.0 0.0 0.0 0.0 0.0 0.0 0.0 -3.623 -3.726 -3.726 -3.726 -3.726 -3.726 -3.726 -3.726 0.0 0.0 0.0 0.0 0.0 0.0 0.0 0.0 0.0 0.0 0.0 0.0 0.0 0.0 -3.726 -3.726 0.0 0.0 0.0 0.0 0.0 0.0 0.0 0.0 0.0 -3.726 -3.726 -3.726 -3.726 -3.83 -3.83 -3.83 -3.83 -3.726 -3.83 -3.726 -3.726 -3.83 -3.83 -3.83 -3.726 0.0 0.0 0.0 0.0 0.0 0.0 0.0 0.0 0.0 0.0 0.0 0.0 0.0 0.0 0.0 -3.726 -3.726 -3.726 -3.726 -3.726 -3.726 -3.726 0.0 0.0 0.0 0.0 0.0 0.0 0.0 0.0 0.0 0.0 0.0 0.0 0.0 0.0 0.0 0.0 0.0 0.0 0.0 0.0 0.0 -3.726 -3.726 -3.726 -3.726 -3.726 -3.726 -3.726 -3.726 -3.623 -3.726 -3.726 -3.726 -3.726 -3.726 -3.726 -3.726 -3.726 -3.726 -3.623 -3.623 0.0 0.0 0.0 0.0 0.0 0.0 0.0 0.0 0.0 0.0 0.0 0.0 0.0 0.0 0.0 0.0 0.0 -3.623 -3.623 -3.623 -3.623 -3.623 -3.623 -3.623 0.0 0.0 0.0 0.0 0.0 0.0 0.0 0.0 0.0 0.0 0.0 0.0 0.0 0.0 0.0 0.0 0.0 0.0 0.0 -3.623 0.0 0.0 0.0 0.0 0.0 0.0 0.0 0.0 0.0 0.0 0.0 0.0 0.0 0.0 0.0 0.0 0.0 -0.414 -0.517 -0.414 -0.621 -0.724 -0.724 -0.724 -0.931 -0.931 -0.931 -1.035 -3.416 -3.623 -3.623 -3.623 -3.623 -3.623 -3.623 -3.623 -3.623 -3.623 -3.623 -3.623 -3.726 -3.726 -3.726 -3.623 -3.623 -3.623 -3.623 -3.623 -3.623 -3.623 -3.726 -3.726 -3.623 -3.623 -3.726 -3.726 -3.726 -3.726 -3.726 0.0 0.0 0.0 0.0 0.0 0.0 0.0 0.0 0.0 0.0 0.0 0.0 0.0 0.0 0.0 0.0 
# name: power
# type: matrix
# rows: 1
# columns: 359
 4.968 4.968 4.968 4.968 4.968 4.968 4.968 4.968 4.968 4.968 3.933 0.0 0.0 0.0 0.0 0.0 0.0 0.0 4.968 4.968 4.968 4.968 4.968 4.968 4.968 4.968 4.968 4.968 0.0 0.0 0.0 0.0 0.0 0.0 0.0 0.0 4.968 4.968 4.968 4.968 4.968 4.968 4.968 4.968 4.968 4.968 0.0 0.0 0.0 0.0 0.0 0.0 0.0 0.0 0.0 4.968 4.968 4.968 4.968 4.968 4.968 4.968 4.968 0.0 0.0 0.0 0.0 0.0 0.0 0.0 0.0 0.0 0.0 0.0 4.968 4.968 4.968 0.0 0.0 0.0 0.0 0.0 0.0 0.0 0.0 0.0 0.0 0.0 0.0 0.0 0.0 0.0 4.865 4.865 4.865 4.865 4.865 4.968 4.968 4.968 4.968 4.968 4.968 4.968 4.968 4.968 4.865 4.968 4.865 4.968 4.865 4.865 4.865 4.865 4.865 0.0 0.0 0.0 0.0 0.0 0.0 0.0 0.0 0.0 0.0 0.0 0.0 0.0 4.968 4.865 4.865 4.865 4.865 4.865 4.865 4.865 0.0 0.0 0.0 0.0 0.0 0.0 0.0 0.0 0.0 0.0 0.0 0.0 0.0 0.0 4.968 4.968 0.0 0.0 0.0 0.0 0.0 0.0 0.0 0.0 0.0 4.865 4.865 4.865 4.865 4.865 4.865 4.865 4.865 4.865 4.865 4.865 4.865 4.865 4.865 4.865 4.865 0.0 0.0 0.0 0.0 0.0 0.0 0.0 0.0 0.0 0.0 0.0 0.0 0.0 0.0 0.0 4.865 4.865 4.865 4.865 4.865 4.865 4.865 0.0 0.0 0.0 0.0 0.0 0.0 0.0 0.0 0.0 0.0 0.0 0.0 0.0 0.0 0.0 0.0 0.0 0.0 0.0 0.0 0.0 4.865 4.865 4.865 4.865 4.865 4.865 4.865 4.865 4.865 4.865 4.865 4.865 4.865 4.865 4.865 4.865 4.865 4.865 4.865 4.865 0.0 0.0 0.0 0.0 0.0 0.0 0.0 0.0 0.0 0.0 0.0 0.0 0.0 0.0 0.0 0.0 0.0 4.865 4.865 4.865 4.865 4.865 4.865 4.865 0.0 0.0 0.0 0.0 0.0 0.0 0.0 0.0 0.0 0.0 0.0 0.0 0.0 0.0 0.0 0.0 0.0 0.0 0.0 4.968 0.0 0.0 0.0 0.0 0.0 0.0 0.0 0.0 0.0 0.0 0.0 0.0 0.0 0.0 0.0 0.0 0.0 0.724 1.035 0.931 1.242 1.345 1.449 1.449 1.656 1.656 1.759 1.863 4.554 4.761 4.761 4.865 4.865 4.865 4.865 4.865 4.865 4.865 4.865 4.865 4.865 4.865 4.865 4.865 4.865 4.865 4.865 4.865 4.865 4.865 4.865 4.865 4.865 4.865 4.865 4.865 4.865 4.865 4.865 0.0 0.0 0.0 0.0 0.0 0.0 0.0 0.0 0.0 0.0 0.0 0.0 0.0 0.0 0.0 0.0 
