# name: phAngle
# type: matrix
# rows: 1
# columns: 358
 0 0 0 0 0 0 0 0 0 0 0 0 0 0 0 0 0 0 0 0 0 0 0 0 0 0 0 0 0 0 0 0 0 0 0 0 0 0 0 0 0 0 0 0 0 0 0 0 0 0 0 0 0 0 0 0 0 0 0 0 0 0 0 0 0 0 0 0 0 0 0 0 0 0 0 0 0 0 0 0 0 0 0 0 0 0 0 0 0 0 0 0 0 0 0 0 0 0 0 0 0 0 0 0 0 0 0 0 0 0 0 0 0 0 0 0 0 0 0 0 0 0 0 0 0 0 0 0 0 0 0 0 0 0 0 0 0 0 0 0 0 0 0 0 0 0 0 0 0 0 0 0 0 0 0 0 0 0 0 0 0 0 0 0 0 0 0 0 0 0 0 0 0 0 0 0 0 0 0 0 0 0 0 0 0 0 0 0 0 0 0 0 0 0 0 0 0 0 0 0 0 0 0 0 0 0 0 0 0 0 0 0 0 0 0 0 0 0 0 0 0 0 0 0 0 0 0 0 0 0 0 0 0 0 0 0 0 0 0 0 0 0 0 0 0 0 0 0 0 0 0 0 0 0 0 0 0 0 0 0 0 0 0 0 0 0 0 0 0 0 0 0 0 0 0 0 0 0 0 0 0 0 0 0 0 0 0 0 0 0 0 0 0 0 0 0 0 0 0 0 0 0 0 0 0 0 0 0 0 0 0 0 0 0 0 0 0 0 0 0 0 0 0 0 0 0 0 0 0 0 0 0 0 0 0 0 0 0 0 0 0 0 0 0 0 0 0 0 0 0 0 0 0 0 0 0 0 0 
# name: freq
# type: matrix
# rows: 1
# columns: 358
 49.9 49.9 50.0 49.9 49.9 49.9 49.9 49.9 49.9 49.9 49.9 49.9 49.9 49.9 49.9 49.9 49.9 49.9 49.9 49.9 49.9 49.9 49.9 49.9 49.9 49.9 49.9 49.9 49.9 49.9 49.9 49.9 49.9 49.9 49.9 49.9 49.9 49.9 49.9 49.9 49.9 49.9 49.9 49.9 50.0 49.9 49.9 49.9 49.9 49.9 49.9 49.9 49.9 49.9 49.9 49.9 49.9 49.9 50.0 49.9 49.9 49.9 49.9 49.9 50.0 49.9 49.9 49.9 49.9 49.9 49.9 49.9 49.9 49.9 49.9 49.9 49.9 49.9 49.9 49.9 49.9 50.0 49.9 49.9 49.9 50.0 50.0 49.9 49.9 49.9 49.9 50.0 50.0 50.0 49.9 49.9 50.0 50.0 50.0 50.0 50.0 50.0 50.0 50.0 50.0 50.0 50.0 50.0 50.0 50.0 50.0 50.0 50.0 50.0 50.0 50.0 50.0 50.0 50.0 50.0 50.0 50.0 50.0 50.0 50.0 50.0 50.0 50.0 50.0 50.0 50.0 50.0 50.0 50.0 50.0 50.0 50.0 50.0 50.0 50.0 50.0 50.0 50.0 50.0 50.0 50.0 50.0 50.0 50.0 50.0 50.0 50.0 50.0 50.0 50.0 50.0 50.0 50.0 50.0 50.0 50.0 50.0 50.0 50.0 50.0 50.0 50.0 50.0 50.0 50.0 50.0 50.0 50.0 50.0 49.9 50.0 50.0 50.0 50.0 50.0 50.0 50.0 50.0 50.0 50.0 50.0 50.0 50.0 50.0 50.0 50.0 50.0 50.0 50.0 50.0 50.0 50.0 50.0 50.0 50.0 50.0 50.0 50.0 50.0 50.0 50.0 50.0 50.0 50.0 50.0 50.0 50.0 50.0 50.0 50.0 50.0 50.0 50.0 50.0 50.0 50.0 50.0 50.0 50.0 50.0 50.0 50.0 50.0 50.0 50.0 50.0 50.0 50.0 50.0 50.0 50.0 50.0 50.0 50.0 50.0 50.0 50.0 50.0 50.0 50.0 50.0 50.0 50.0 50.0 50.0 50.0 50.0 50.0 50.0 50.0 50.0 50.0 50.0 50.0 50.0 50.0 50.0 50.0 50.0 50.0 50.0 50.0 50.0 50.0 50.0 50.0 50.0 50.0 50.0 50.0 50.0 50.0 50.0 50.0 50.0 50.0 50.0 50.0 50.0 50.0 50.0 50.0 50.0 50.0 50.0 50.0 50.0 50.0 50.0 50.0 50.0 50.0 50.0 50.0 50.0 50.0 50.0 50.0 50.0 50.0 50.0 50.0 50.0 50.0 50.0 50.0 50.0 50.0 50.0 50.0 50.0 50.0 50.0 50.0 50.0 50.0 50.0 50.0 50.0 50.0 50.0 50.0 50.0 50.0 50.0 50.0 50.0 50.0 50.0 50.0 50.0 50.0 50.0 50.0 50.0 50.0 50.0 50.0 50.0 50.0 50.0 50.0 50.0 50.0 50.0 50.0 50.0 50.0 50.0 50.0 50.0 50.0 50.0 
# name: reacPower
# type: matrix
# rows: 1
# columns: 358
 -0.728 -0.728 -0.728 -0.728 -0.728 -0.728 -0.728 -0.728 -0.728 0.0 0.0 0.0 0.0 0.0 0.0 0.0 0.0 0.0 0.0 0.0 0.0 0.0 0.0 0.0 0.0 0.0 0.0 0.0 0.0 0.0 0.0 0.0 0.0 0.0 0.0 0.0 0.0 0.0 0.0 0.0 0.0 0.0 -0.728 -0.728 -0.728 -0.728 -0.832 -0.728 -0.728 -0.728 -0.728 -0.728 -0.728 -0.728 -0.728 -0.728 -0.728 -0.728 -0.728 -0.728 -0.728 -0.728 -0.728 -0.728 -0.728 -0.728 -0.728 -0.728 -0.728 -0.728 0.0 0.0 0.0 0.0 0.0 0.0 0.0 0.0 0.0 0.0 -0.728 -0.728 -0.728 -0.728 -0.728 -0.728 -0.728 -0.728 -0.728 -0.728 -0.728 -0.728 -0.832 -0.728 -0.728 -0.728 -0.728 -0.728 -0.832 -0.728 -0.728 -0.728 -0.728 -0.728 -0.728 -0.728 -0.728 -0.728 -0.728 -0.728 -0.728 -0.728 -0.728 -0.728 -0.728 -0.728 -0.728 -0.728 -0.728 -0.728 -0.728 -0.728 -0.728 -0.728 -0.728 -0.728 -0.728 -0.728 -0.728 -0.832 -0.728 -0.728 -0.728 -0.728 -0.728 -0.728 -0.728 -0.728 -0.728 -0.728 -0.728 -0.728 -0.728 -0.728 -0.728 -0.728 -0.728 -0.728 -0.728 -0.728 -0.728 -0.728 -0.728 -0.728 -0.728 -0.624 -0.728 -0.832 -0.728 -0.728 -0.728 -0.728 -0.728 -0.728 -0.728 -0.728 -0.728 -0.728 -0.728 -0.728 -0.728 -0.728 -0.728 -0.728 -0.728 -0.728 -0.728 -0.728 -0.728 -0.728 -0.728 -0.728 -0.728 -0.728 -0.728 -0.728 -0.728 -0.728 0.0 0.0 0.0 0.0 0.0 0.0 0.0 0.0 0.0 0.0 0.0 0.0 0.0 0.0 0.0 0.0 0.0 0.0 0.0 0.0 0.0 0.0 0.0 0.0 0.0 0.0 0.0 0.0 0.0 0.0 0.0 0.0 0.0 0.0 0.0 0.0 0.0 0.0 0.0 0.0 0.0 0.0 0.0 -0.728 -0.728 -0.728 -0.728 -0.728 -0.728 -0.728 -0.728 -0.728 -0.728 -0.728 -0.728 -0.728 -0.728 -0.728 -0.728 -0.832 -0.728 -0.728 -0.728 -0.728 -0.728 -0.728 -0.728 -0.728 -0.728 -0.728 -0.728 -0.728 -0.728 -0.728 -0.728 -0.728 -0.728 -0.728 -0.728 -0.728 -0.728 -0.728 -0.728 -0.728 -0.728 -0.728 -0.728 -0.728 -0.728 -0.728 -0.728 -0.728 -0.728 -0.728 -0.728 -0.728 -0.728 -0.728 0.0 0.0 0.0 0.0 0.0 0.0 0.0 0.0 0.0 0.0 0.0 0.0 0.0 0.0 0.0 0.0 0.0 0.0 0.0 0.0 0.0 0.0 0.0 0.0 0.0 0.0 0.0 0.0 -0.728 -0.728 -0.728 -0.728 -0.728 -0.728 -0.728 -0.728 -0.728 -0.728 -0.728 -0.728 -0.728 -0.728 -0.728 -0.728 -0.728 -0.728 -0.728 -0.728 -0.728 -0.728 -0.728 -0.728 -0.728 -0.624 -0.624 -0.624 0.0 0.0 0.0 0.0 0.0 0.0 0.0 0.0 0.0 0.0 0.0 0.0 0.0 0.0 0.0 0.0 
# name: power
# type: matrix
# rows: 1
# columns: 358
 3.434 3.434 3.434 3.434 3.434 3.434 3.434 3.434 3.434 0.0 0.0 0.0 0.0 0.0 0.0 0.0 0.0 0.0 0.0 0.0 0.0 0.0 0.0 0.0 0.0 0.0 0.0 0.0 0.0 0.0 0.0 0.0 0.0 0.0 0.0 0.0 0.0 0.0 0.0 0.0 0.0 0.0 3.434 3.434 3.434 3.434 3.434 3.434 3.434 3.434 3.434 3.434 3.434 3.434 3.434 3.434 3.434 3.434 3.434 3.434 3.434 3.434 3.434 3.434 3.434 3.434 3.434 3.434 3.434 3.434 0.0 0.0 0.0 0.0 0.0 0.0 0.0 0.0 0.0 0.0 3.434 3.434 3.434 3.434 3.434 3.434 3.434 3.434 3.434 3.434 3.434 3.434 3.434 3.434 3.434 3.434 3.434 3.434 3.434 3.434 3.434 3.434 3.434 3.434 3.434 3.434 3.434 3.434 3.434 3.434 3.434 3.434 3.434 3.434 3.434 3.434 3.434 3.434 3.434 3.434 3.434 3.434 3.434 3.434 3.434 3.434 3.434 3.434 3.434 3.434 3.434 3.434 3.434 3.434 3.434 3.434 3.434 3.434 3.434 3.434 3.434 3.434 3.434 3.434 3.434 3.434 3.434 3.434 3.434 3.434 3.434 3.434 3.434 3.434 3.434 3.434 3.434 3.434 3.434 3.434 3.434 3.434 3.434 3.434 3.434 3.434 3.434 3.434 3.434 3.434 3.434 3.434 3.434 3.434 3.33 3.434 3.434 3.434 3.434 3.434 3.434 3.434 3.434 3.434 3.434 3.434 3.434 3.434 0.0 0.0 0.0 0.0 0.0 0.0 0.0 0.0 0.0 0.0 0.0 0.0 0.0 0.0 0.0 0.0 0.0 0.0 0.0 0.0 0.0 0.0 0.0 0.0 0.0 0.0 0.0 0.0 0.0 0.0 0.0 0.0 0.0 0.0 0.0 0.0 0.0 0.0 0.0 0.0 0.0 0.0 0.0 3.434 3.434 3.434 3.434 3.434 3.434 3.434 3.434 3.434 3.434 3.434 3.434 3.434 3.434 3.434 3.434 3.434 3.434 3.434 3.434 3.434 3.434 3.434 3.434 3.434 3.434 3.434 3.434 3.434 3.434 3.434 3.434 3.434 3.434 3.434 3.434 3.434 3.434 3.434 3.434 3.434 3.434 3.434 3.434 3.434 3.434 3.434 3.434 3.434 3.434 3.434 3.434 3.434 3.434 3.434 0.0 0.0 0.0 0.0 0.0 0.0 0.0 0.0 0.0 0.0 0.0 0.0 0.0 0.0 0.0 0.0 0.0 0.0 0.0 0.0 0.0 0.0 0.0 0.0 0.0 0.0 0.0 0.0 3.434 3.538 3.434 3.434 3.434 3.434 3.434 3.434 3.434 3.434 3.434 3.434 3.434 3.434 3.434 3.434 3.434 3.434 3.434 3.33 3.33 3.33 3.33 3.33 3.33 3.226 3.226 3.226 0.0 0.0 0.0 0.0 0.0 0.0 0.0 0.0 0.0 0.0 0.0 0.0 0.0 0.0 0.0 0.0 
