# name: phAngle
# type: matrix
# rows: 1
# columns: 359
 90 90 90 90 90 90 90 90 90 90 90 90 90 90 90 90 90 90 90 90 90 90 90 90 90 90 90 90 90 90 90 90 90 90 90 90 90 90 90 90 45 45 45 45 90 90 90 90 90 90 90 90 90 90 90 90 90 90 90 90 90 90 90 90 90 90 90 90 90 90 90 90 90 90 90 90 90 90 90 90 90 90 90 90 90 90 90 90 90 90 90 90 90 90 90 90 90 90 90 90 90 90 90 90 90 90 90 90 90 90 90 90 90 90 90 90 90 90 90 90 90 90 90 90 90 90 90 90 90 90 90 90 90 90 90 90 90 90 90 90 90 90 90 90 90 90 90 90 90 90 90 90 90 90 90 90 90 90 90 90 90 90 90 90 90 90 90 90 90 90 90 90 90 90 90 45 56 56 56 63 63 63 63 63 63 63 63 63 90 90 90 90 90 90 90 90 90 90 90 90 90 90 90 90 90 90 90 90 90 90 90 90 90 90 90 90 90 90 90 90 90 90 90 90 90 90 90 90 90 90 90 90 90 90 90 90 90 90 90 90 90 90 90 90 90 90 90 90 90 90 90 90 90 90 90 90 90 90 90 90 90 90 90 90 90 90 90 90 90 90 90 90 90 90 90 90 90 90 90 90 90 90 90 90 90 90 90 90 90 90 90 90 90 90 90 90 90 90 90 90 90 90 90 63 63 63 63 63 63 63 63 63 63 76 90 90 90 90 90 90 90 90 90 90 90 90 90 90 90 90 90 90 90 90 90 90 90 90 90 90 90 90 90 90 90 90 90 90 90 90 90 90 90 90 90 90 90 90 90 
# name: freq
# type: matrix
# rows: 1
# columns: 359
 50.0 50.0 50.0 50.0 50.0 50.0 50.0 50.0 50.0 50.0 50.0 50.0 50.0 50.0 50.0 50.0 50.0 50.0 50.0 50.0 50.0 50.0 50.0 50.0 50.0 50.0 50.0 50.0 50.0 50.0 50.0 50.0 50.0 50.0 50.0 50.0 50.0 50.0 50.0 50.0 50.0 50.0 50.0 50.0 50.0 50.0 50.0 50.0 50.0 50.0 50.0 50.0 50.0 50.0 50.0 50.0 50.0 50.0 50.0 50.0 50.0 50.0 50.0 50.0 50.0 50.0 50.0 50.0 50.0 50.0 50.0 50.0 50.0 50.0 50.0 50.0 50.0 50.0 50.0 50.0 50.0 50.0 50.0 50.0 50.0 50.0 50.0 50.0 50.0 50.0 50.0 50.0 50.0 50.0 50.0 49.9 50.0 49.9 49.9 50.0 50.0 50.0 50.0 50.0 49.9 50.0 50.0 50.0 49.9 49.9 49.9 49.9 50.0 49.9 49.9 49.9 50.0 49.9 49.9 49.9 50.0 49.9 49.9 49.9 50.0 49.9 49.9 50.0 49.9 50.0 50.0 50.0 50.0 50.0 50.0 50.0 50.0 50.0 50.0 50.0 50.0 50.0 50.0 50.0 50.0 50.0 50.0 50.0 50.0 50.0 50.0 50.0 50.0 50.0 50.0 50.0 50.0 50.0 50.0 50.0 50.0 50.0 50.0 50.0 50.0 50.0 50.0 50.0 50.0 50.0 50.0 50.0 50.0 50.0 50.0 50.0 50.0 50.0 50.0 50.0 50.0 50.0 50.0 50.0 50.0 50.0 50.0 50.0 50.0 50.0 50.0 50.0 50.0 50.0 50.0 50.0 50.0 50.0 50.0 50.0 50.0 50.0 50.0 50.0 50.0 50.0 50.0 50.0 50.0 50.0 50.0 50.0 50.0 50.0 50.0 50.0 50.0 50.0 50.0 50.0 50.0 50.0 50.0 50.0 50.0 50.0 50.0 50.0 50.0 50.0 50.0 50.0 50.0 50.0 50.0 50.0 50.0 50.0 50.0 50.0 50.0 50.0 50.0 50.0 50.0 50.0 50.0 50.0 50.0 50.0 50.0 50.0 50.0 50.0 50.0 50.0 50.0 50.0 50.0 50.0 50.0 50.0 50.0 50.0 50.0 50.0 50.0 50.0 50.0 50.0 50.0 50.0 50.0 50.0 50.0 50.0 50.0 50.0 50.0 50.0 50.0 50.0 50.0 50.0 50.0 50.0 50.0 49.9 50.0 50.0 50.0 50.0 50.0 50.0 50.0 50.0 50.0 50.0 50.0 50.0 50.0 50.0 50.0 50.0 50.0 50.0 50.0 50.0 50.0 50.0 50.0 50.0 50.0 50.0 50.0 50.0 50.0 50.0 50.0 50.0 50.0 50.0 50.0 50.0 50.0 50.0 50.0 50.0 50.0 50.0 50.0 50.0 50.0 50.0 50.0 50.0 50.0 50.0 50.0 50.0 50.0 50.0 50.0 50.0 50.0 50.0 50.0 50.0 50.0 50.0 50.0 50.0 50.0 50.0 50.0 50.0 50.0 50.0 50.0 
# name: reacPower
# type: matrix
# rows: 1
# columns: 359
 8.846 8.95 8.95 8.95 8.95 9.054 9.054 9.159 9.159 9.054 9.054 9.054 9.054 9.054 9.054 8.95 8.95 8.95 9.159 9.159 9.159 9.159 9.159 9.159 9.159 9.159 9.159 9.159 9.159 9.054 9.159 9.159 9.159 9.159 9.159 9.159 9.263 9.159 9.159 9.159 7.077 7.181 7.493 7.493 9.263 9.367 9.263 9.263 9.159 9.159 9.159 9.159 9.263 9.263 8.222 8.326 8.326 8.222 8.222 8.222 8.222 8.222 8.222 8.222 8.326 8.222 8.222 8.326 8.326 8.326 8.326 8.326 8.326 8.326 8.326 8.326 8.222 8.222 8.326 9.159 9.263 9.263 9.159 9.263 9.367 9.367 9.263 9.367 9.367 9.367 9.367 9.367 9.263 9.367 9.263 9.263 9.263 8.95 8.95 8.95 8.95 8.95 8.95 8.95 8.95 8.95 8.95 8.95 9.054 8.95 8.95 8.95 8.95 8.846 8.95 8.95 8.95 8.95 8.95 8.95 8.95 8.95 8.95 8.95 8.95 8.95 8.95 8.95 8.95 8.95 8.95 8.95 8.95 8.846 8.95 8.95 8.846 8.846 8.95 8.95 8.846 8.95 8.846 8.846 8.95 8.95 8.95 8.95 8.95 8.95 8.846 8.846 8.95 8.846 8.846 8.846 9.054 8.95 9.054 8.95 8.95 8.846 8.95 8.846 8.95 8.95 8.846 8.95 8.846 8.95 8.846 8.846 8.846 8.846 8.846 7.181 7.805 7.91 7.91 7.91 7.91 7.91 8.014 8.014 7.91 7.91 7.91 7.91 8.95 8.014 8.014 8.118 8.014 8.014 8.118 8.014 8.014 8.014 8.014 8.014 8.014 8.014 8.014 8.014 8.014 8.014 8.014 8.95 8.95 8.95 8.95 8.95 8.95 8.95 8.95 8.95 8.95 8.95 8.95 8.846 8.95 8.95 8.95 8.95 8.95 8.846 8.846 8.95 8.95 8.95 8.95 8.95 8.95 8.95 8.95 8.95 8.95 8.95 8.95 8.95 8.95 8.95 8.95 8.95 9.054 8.95 8.95 8.95 8.95 8.95 8.95 8.95 9.054 9.054 9.054 9.054 8.846 8.95 8.95 8.95 9.159 9.159 9.159 9.159 8.846 9.054 9.159 8.95 9.159 9.159 9.159 9.054 9.159 9.263 9.159 9.159 9.159 9.159 9.159 9.263 9.159 9.263 9.263 9.263 9.263 9.263 9.367 9.367 9.263 9.367 9.367 9.367 9.159 9.263 9.159 9.367 9.367 9.367 9.367 9.367 9.367 9.367 9.263 8.014 8.118 8.118 8.118 8.222 8.222 8.222 8.222 8.222 8.222 8.638 9.471 8.43 8.534 8.534 8.534 8.534 8.43 9.471 9.367 9.367 9.367 9.367 9.471 9.367 9.367 9.367 9.367 9.471 9.471 9.471 9.471 9.471 9.367 9.367 9.367 9.367 9.367 9.367 9.367 9.367 9.367 9.367 9.367 9.367 9.471 9.471 9.471 9.471 9.575 9.471 9.471 9.471 9.471 9.471 9.471 
# name: power
# type: matrix
# rows: 1
# columns: 359
 1.561 1.561 1.561 1.561 1.561 1.561 1.561 1.561 1.561 1.561 1.561 1.561 1.561 1.561 1.561 1.561 1.561 1.561 1.561 1.665 1.665 1.561 1.665 1.665 1.561 1.665 1.561 1.561 1.665 1.561 1.561 1.561 1.561 1.665 1.561 1.665 1.665 1.561 1.665 1.665 7.285 7.077 6.557 6.452 1.665 1.665 1.665 1.665 1.665 1.665 1.665 1.561 1.665 1.665 1.457 1.457 1.457 1.457 1.457 1.457 1.457 1.457 1.457 1.457 1.457 1.457 1.457 1.457 1.457 1.457 1.457 1.457 1.457 1.457 1.457 1.457 1.457 1.457 1.457 1.561 1.665 1.665 1.665 1.665 1.665 1.665 1.665 1.665 1.665 1.665 1.665 1.665 1.665 1.665 1.665 1.665 1.665 1.561 1.561 1.561 1.561 1.561 1.561 1.561 1.665 1.561 1.561 1.561 1.561 1.561 1.561 1.561 1.561 1.561 1.561 1.561 1.561 1.561 1.561 1.561 1.561 1.561 1.561 1.561 1.561 1.561 1.561 1.561 1.561 1.561 1.561 1.561 1.561 1.561 1.561 1.561 1.561 1.561 1.561 1.561 1.561 1.561 1.561 1.561 1.561 1.561 1.561 1.561 1.561 1.561 1.561 1.561 1.561 1.561 1.561 1.561 1.561 1.665 1.561 1.561 1.665 1.561 1.561 1.561 1.561 1.561 1.561 1.561 1.561 1.561 1.561 1.561 1.561 1.561 1.561 5.203 4.891 4.683 4.683 4.683 4.683 4.683 4.579 4.475 4.475 4.579 4.579 4.579 1.769 1.457 1.457 1.457 1.457 1.457 1.457 1.457 1.457 1.457 1.457 1.457 1.457 1.457 1.457 1.457 1.457 1.457 1.457 1.561 1.561 1.561 1.561 1.561 1.665 1.561 1.561 1.561 1.561 1.561 1.561 1.561 1.561 1.561 1.561 1.561 1.561 1.561 1.561 1.561 1.561 1.561 1.561 1.561 1.665 1.561 1.561 1.561 1.561 1.665 1.665 1.665 1.665 1.561 1.561 1.665 1.665 1.665 1.561 1.665 1.665 1.561 1.665 1.665 1.665 1.665 1.665 1.665 1.561 1.665 1.561 1.665 1.665 1.665 1.665 1.665 1.561 1.665 1.665 1.665 1.665 1.665 1.665 1.665 1.665 1.665 1.665 1.665 1.665 1.665 1.665 1.665 1.665 1.665 1.665 1.665 1.665 1.665 1.665 1.665 1.665 1.665 1.665 1.665 1.665 1.665 1.665 1.665 1.665 1.665 1.665 1.665 1.665 1.665 1.665 5.203 4.787 4.683 4.683 4.683 4.683 4.683 4.683 4.579 4.579 3.538 1.665 1.561 1.457 1.561 1.561 1.561 1.561 1.665 1.665 1.665 1.665 1.769 1.665 1.665 1.665 1.665 1.665 1.665 1.665 1.665 1.769 1.665 1.665 1.665 1.769 1.665 1.665 1.665 1.665 1.665 1.665 1.665 1.665 1.665 1.665 1.769 1.769 1.769 1.769 1.665 1.769 1.769 1.769 1.769 1.665 
