# name: phAngle
# type: matrix
# rows: 1
# columns: 359
 0 0 0 0 0 0 0 0 0 0 0 0 0 0 0 0 0 0 0 0 0 0 0 0 0 0 0 0 0 0 0 0 0 0 0 0 0 0 0 0 0 0 0 0 0 0 0 0 0 0 0 0 0 0 0 0 0 0 0 0 0 0 0 0 0 0 0 0 0 0 0 0 0 0 0 0 0 0 0 0 0 0 0 0 0 0 0 0 0 0 0 0 0 0 0 0 0 0 0 0 0 0 0 0 0 0 0 0 0 0 0 0 0 0 0 0 0 0 0 0 0 0 0 0 0 0 0 0 0 0 0 0 0 0 0 0 0 0 0 0 0 0 0 0 0 0 0 0 0 0 0 0 0 0 0 0 0 0 0 0 0 0 0 0 0 0 0 0 0 0 0 0 0 0 0 0 0 0 0 0 0 0 0 0 0 0 0 0 0 0 0 0 0 0 0 0 0 0 0 0 0 0 0 0 0 0 0 0 0 0 0 0 0 0 0 0 0 0 0 0 0 0 0 0 0 0 0 0 0 0 0 0 0 0 0 0 0 0 0 0 0 0 0 0 0 0 0 0 0 0 0 0 0 0 0 0 0 0 0 0 0 0 0 0 0 0 0 0 0 0 0 0 0 0 0 0 0 0 0 0 0 0 0 0 0 0 0 0 0 0 0 0 0 0 0 0 0 0 0 0 0 0 0 0 0 0 0 0 0 0 0 0 0 0 0 0 0 0 0 0 0 0 353 0 358 0 2 357 353 353 353 354 355 355 354 3 354 354 354 353 355 1 354 0 355 1 359 354 358 4 356 356 0 359 356 5 356 4 356 
# name: freq
# type: matrix
# rows: 1
# columns: 359
 50.0 50.0 50.0 50.0 50.0 50.0 50.0 50.0 50.0 50.0 50.0 50.0 50.0 50.0 50.0 50.0 50.0 50.0 50.0 50.0 50.0 50.0 50.0 50.0 50.0 50.0 50.0 50.0 50.0 50.0 50.0 50.0 50.0 50.0 50.0 50.0 50.0 50.0 50.0 50.0 50.0 50.0 50.0 50.0 50.0 50.0 50.0 50.0 50.0 50.0 50.0 50.0 50.0 50.0 50.0 50.0 50.0 50.0 50.0 50.0 50.0 50.0 50.0 50.0 50.0 50.0 50.0 50.0 50.0 50.0 50.0 50.0 50.0 50.0 50.0 50.0 50.0 50.0 50.0 50.0 50.0 50.0 50.0 50.0 50.0 50.0 50.0 50.0 50.0 50.0 50.0 50.0 50.0 50.0 50.0 50.0 50.0 50.0 50.0 50.0 50.0 50.0 50.0 50.0 50.0 50.0 50.0 50.0 50.0 50.0 50.0 50.0 50.0 50.0 50.0 50.0 50.0 50.0 50.0 50.0 50.0 50.0 50.0 50.0 50.0 50.0 50.0 50.0 50.0 50.0 50.0 50.0 50.0 50.0 50.0 50.0 50.0 50.0 50.0 50.0 50.0 50.0 50.0 50.0 50.0 50.0 50.0 50.0 50.0 50.0 50.0 50.0 50.0 50.0 50.0 50.0 50.0 50.0 50.0 50.0 50.0 50.0 50.0 50.0 50.0 50.0 50.0 50.0 50.0 50.0 50.0 50.0 50.0 50.0 50.0 50.0 50.0 50.0 50.0 50.0 50.0 50.0 50.0 50.0 50.0 50.0 50.0 50.0 50.0 50.0 50.0 50.0 50.0 50.0 50.0 50.0 50.0 50.0 50.0 50.0 50.0 50.0 50.0 50.0 50.0 50.0 50.0 50.0 50.0 50.0 50.0 50.0 50.0 50.0 50.0 50.0 50.0 50.0 50.0 50.0 50.0 50.0 50.0 50.0 50.0 50.0 50.0 50.0 50.0 50.0 50.0 50.0 50.0 50.0 50.0 50.0 50.0 50.0 50.0 50.0 50.0 50.0 50.0 50.0 50.0 50.0 50.0 50.0 50.0 50.0 50.0 50.0 50.0 50.0 50.0 50.0 50.0 50.0 50.0 50.0 50.0 50.0 50.0 50.0 50.0 50.0 50.0 50.0 50.0 50.0 50.0 50.0 50.0 50.0 50.0 50.0 50.0 50.0 50.0 50.0 50.0 50.0 50.0 50.0 50.0 50.0 50.0 50.0 50.0 50.0 50.0 50.0 50.0 50.0 50.0 50.0 50.0 50.0 50.0 50.0 50.0 50.0 50.0 50.0 50.0 50.0 50.0 50.0 50.0 50.0 50.0 50.0 50.0 50.0 50.0 50.0 50.0 50.0 50.0 50.0 50.0 50.0 50.0 50.0 50.0 50.0 50.0 50.0 50.0 50.0 50.0 50.0 50.0 50.0 50.0 50.0 50.0 50.0 50.0 50.0 50.0 50.0 50.0 50.0 50.0 50.0 50.0 50.0 50.0 50.0 50.0 50.0 50.0 50.0 50.0 50.0 50.0 50.0 50.0 
# name: reacPower
# type: matrix
# rows: 1
# columns: 359
 0.0 0.0 0.0 0.0 0.0 0.0 0.0 0.0 0.0 0.0 0.0 0.0 0.0 0.0 0.0 0.0 0.0 0.0 0.0 0.0 0.0 0.0 0.0 0.0 0.0 0.0 0.0 0.0 0.0 0.0 0.0 0.0 0.0 0.0 0.0 0.0 0.0 0.0 0.0 0.0 0.0 0.0 0.0 0.0 0.0 0.0 0.0 0.0 0.0 0.0 0.0 0.0 0.0 0.0 0.0 0.0 0.0 0.0 0.0 0.0 0.0 0.0 0.0 0.0 0.0 0.0 0.0 0.0 0.0 0.0 0.0 0.0 0.0 0.0 0.0 0.0 0.0 0.0 0.0 -0.728 -0.728 -0.728 -0.728 -0.416 -0.728 -0.416 -0.728 -0.728 -0.624 -0.416 -0.52 -0.624 -0.624 -0.52 -0.624 -0.416 -0.624 -0.728 -0.624 -0.416 -0.728 -0.416 -0.52 -0.728 -0.728 -0.416 -0.728 -0.52 -0.624 -0.52 -0.416 -0.728 -0.52 -0.728 -0.416 -0.728 -0.416 -0.832 -0.52 -0.624 -0.624 -0.52 -0.832 -0.728 -0.52 -0.52 -0.728 -0.52 -0.624 -0.52 -0.728 -0.52 -0.728 -0.416 -0.832 -0.52 -0.624 -0.624 -0.416 -0.728 -0.52 -0.832 -0.832 -0.728 -0.728 -0.728 -0.728 -0.52 -0.416 -0.52 -0.624 -0.832 -0.52 -0.52 -0.728 -0.728 -0.52 -0.832 -0.832 -0.728 -0.728 -0.624 -0.624 -0.832 -0.832 -0.832 -0.832 -0.832 -0.728 -0.728 -0.624 -0.416 -0.52 -0.52 -0.416 -0.416 -0.832 -0.624 -0.52 -0.52 -0.728 -0.728 -0.416 -0.416 -0.416 -0.416 -0.52 -0.624 -0.624 -0.832 -0.832 -0.624 -0.52 -0.624 -0.624 -0.416 -0.416 -0.52 -0.52 -0.416 -0.52 -0.416 -0.416 -0.624 -0.624 -0.52 -0.416 -0.52 -0.52 -0.52 -0.52 -0.312 -0.416 -0.416 -0.416 -0.416 -0.416 -0.416 -0.416 -0.416 0.0 0.0 0.0 0.0 0.0 0.0 0.0 0.0 0.0 0.0 0.0 0.0 0.0 0.0 0.0 0.0 0.0 0.0 0.0 0.0 0.0 0.0 0.0 0.0 0.0 0.0 0.0 0.0 0.0 0.0 0.0 0.0 0.0 0.0 0.0 0.0 0.0 0.0 0.0 0.0 0.0 0.0 0.0 0.0 0.0 0.0 0.0 0.0 0.0 0.0 0.0 0.0 0.0 0.0 0.0 -0.312 -0.416 -0.624 -0.416 -0.52 -0.416 -0.416 -0.416 -0.416 -0.312 -0.416 -0.312 -0.312 -0.416 -0.208 -0.312 -0.416 -0.312 -0.104 -0.312 -0.312 -0.104 -0.312 -0.104 -0.416 -0.104 -0.312 -0.208 -0.104 0.0 -0.104 -0.416 -0.104 0.0 -0.312 -0.104 0.0 -0.312 -0.104 -0.208 0.0 0.0 -0.312 0.0 0.0 -0.208 -0.208 -0.208 -0.208 0.0 0.0 0.0 0.0 -0.208 -0.208 -0.208 -0.104 -0.104 -0.104 -0.104 0.0 -0.104 -0.104 -0.104 -0.104 -0.104 0.0 -0.104 0.0 -0.104 0.0 0.0 -0.104 0.0 0.104 -0.104 -0.104 0.0 0.0 -0.104 0.104 -0.104 0.104 0.0 
# name: power
# type: matrix
# rows: 1
# columns: 359
 0.0 0.0 0.0 0.0 0.0 0.0 0.0 0.0 0.0 0.0 0.0 0.0 0.0 0.0 0.0 0.0 0.0 0.0 0.0 0.0 0.0 0.0 0.0 0.0 0.0 0.0 0.0 0.0 0.0 0.0 0.0 0.0 0.0 0.0 0.0 0.0 0.0 0.0 0.0 0.0 0.0 0.0 0.0 0.0 0.0 0.0 0.0 0.0 0.0 0.0 0.0 0.0 0.0 0.0 0.0 0.0 0.0 0.0 0.0 0.0 0.0 0.0 0.0 0.0 0.0 0.0 0.0 0.0 0.0 0.0 0.0 0.0 0.0 0.0 0.0 0.0 0.0 0.0 0.0 4.891 4.891 4.891 4.891 4.891 4.891 4.891 4.891 4.891 4.891 4.891 4.891 4.891 4.891 4.891 4.787 4.891 4.891 4.891 4.891 4.891 4.891 4.891 4.891 4.891 4.891 4.891 4.891 4.891 4.891 4.891 4.787 4.891 4.891 4.891 4.891 4.891 4.995 4.995 4.995 4.995 4.995 4.995 4.995 4.995 4.995 4.995 4.995 4.995 4.995 4.995 4.995 4.995 4.995 4.995 4.995 4.995 4.995 4.995 4.995 4.995 4.995 4.995 4.995 4.995 4.995 4.995 4.995 4.995 4.995 4.995 4.995 4.995 4.995 4.995 4.995 4.995 4.995 4.995 4.995 4.995 4.995 4.995 4.995 4.995 4.995 4.995 4.995 4.995 4.995 4.995 4.995 4.995 4.995 4.995 4.995 4.995 4.995 4.995 4.995 4.995 4.995 4.995 4.995 4.995 4.995 4.995 4.995 4.995 4.995 4.995 4.995 4.995 4.891 4.891 4.787 4.683 4.683 4.683 4.579 4.579 4.475 4.475 4.475 4.475 4.475 4.371 4.371 4.371 4.163 4.163 4.163 4.059 4.059 3.955 3.955 3.955 3.85 3.746 3.746 3.746 0.0 0.0 0.0 0.0 0.0 0.0 0.0 0.0 0.0 0.0 0.0 0.0 0.0 0.0 0.0 0.0 0.0 0.0 0.0 0.0 0.0 0.0 0.0 0.0 0.0 0.0 0.0 0.0 0.0 0.0 0.0 0.0 0.0 0.0 0.0 0.0 0.0 0.0 0.0 0.0 0.0 0.0 0.0 0.0 0.0 0.0 0.0 0.0 0.0 0.0 0.0 0.0 0.0 0.0 0.0 3.33 4.163 4.267 4.267 4.059 3.85 3.746 3.642 3.434 3.434 3.33 3.33 3.226 3.122 3.122 3.122 3.018 3.018 2.914 2.914 2.914 2.81 2.81 2.706 2.706 2.706 2.601 2.601 2.601 2.497 2.497 2.393 2.393 2.393 2.393 2.393 2.289 2.289 2.289 2.185 2.185 2.185 2.081 2.081 1.977 1.977 1.977 1.977 1.977 1.873 1.873 1.873 1.873 1.769 1.769 1.769 1.769 1.665 1.665 1.665 1.665 1.665 1.665 1.665 1.665 1.665 1.665 1.561 1.561 1.561 1.561 1.561 1.561 1.561 1.457 1.457 1.457 1.353 1.353 1.353 1.353 1.353 1.353 1.353 
