# name: phAngle
# type: matrix
# rows: 1
# columns: 359
 357 5 5 358 4 359 1 359 6 3 359 0 2 0 359 1 3 8 8 1 1 0 0 0 2 6 8 2 1 0 1 2 1 1 2 4 2 2 1 2 8 3 2 2 3 9 4 2 3 9 4 3 2 4 2 8 3 4 5 9 3 2 3 3 4 7 2 3 7 3 4 4 10 5 3 3 3 7 5 4 3 3 3 3 6 9 7 4 3 3 9 3 3 4 3 8 8 4 5 9 5 7 8 5 4 5 0 0 0 0 0 0 0 0 0 0 0 0 0 0 0 0 0 0 0 0 0 0 0 0 0 0 0 0 0 0 0 0 0 0 0 0 0 0 0 0 0 0 5 0 0 0 0 0 0 0 0 0 0 0 0 0 0 0 0 0 0 0 0 357 2 355 357 2 355 4 357 357 2 3 3 5 0 358 2 0 359 6 0 359 4 5 0 3 3 0 1 5 8 4 0 0 0 0 0 0 0 0 0 0 0 0 0 0 0 0 0 0 0 0 0 0 0 0 0 0 0 0 0 0 0 0 0 0 0 0 0 0 0 0 0 0 0 0 0 0 0 0 0 0 0 0 0 0 0 0 0 0 0 0 0 0 0 0 0 0 0 0 0 0 0 0 0 0 0 0 0 0 0 0 0 0 0 0 0 0 0 0 0 0 0 0 0 0 0 0 0 0 0 0 0 0 0 0 0 0 0 0 0 0 0 0 0 0 0 0 0 0 356 0 0 0 0 0 0 0 0 0 0 0 0 0 0 0 0 0 0 0 0 0 0 0 0 0 0 0 0 0 0 0 0 0 0 0 0 0 0 0 0 
# name: freq
# type: matrix
# rows: 1
# columns: 359
 50.0 50.0 50.0 50.0 50.0 50.0 50.0 50.0 50.0 50.0 50.0 50.0 50.0 50.0 50.0 50.0 50.0 50.0 50.0 50.0 50.0 50.0 50.0 50.0 50.0 50.0 50.0 50.0 50.0 50.0 50.0 50.0 50.0 50.0 50.0 50.0 50.0 50.0 50.0 50.0 50.0 50.0 50.0 50.0 50.0 50.0 50.0 50.0 50.0 50.0 50.0 50.0 50.0 50.0 50.0 50.0 50.0 50.0 50.0 50.0 50.0 50.0 50.0 50.0 50.0 50.0 50.0 50.0 50.0 50.0 50.0 50.0 50.0 50.0 50.0 50.0 50.0 50.0 50.0 50.0 50.0 50.0 50.0 50.0 50.0 50.0 50.0 50.0 50.0 50.0 50.0 50.0 50.0 50.0 50.0 50.0 50.0 50.0 50.0 50.0 50.0 50.0 50.0 50.0 50.0 50.0 50.0 50.0 50.0 50.0 50.0 50.0 50.0 50.0 50.0 50.0 50.0 50.0 50.0 50.0 50.0 50.0 50.0 50.0 50.0 50.0 50.0 50.0 50.0 50.0 50.0 50.0 50.0 50.0 50.0 50.0 50.0 50.0 50.0 50.0 50.0 50.0 50.0 50.0 50.0 50.0 50.0 50.0 50.0 50.0 50.0 50.0 50.0 50.0 50.0 50.0 50.0 50.0 50.0 50.0 50.0 50.0 50.0 50.0 50.0 50.0 50.0 50.0 50.0 50.0 50.0 50.0 50.0 50.0 50.0 50.0 50.0 50.0 50.0 50.0 50.0 50.0 50.0 50.0 50.0 50.0 50.0 50.0 50.0 50.0 50.0 50.0 50.0 50.0 50.0 50.0 50.0 50.0 50.0 50.0 50.0 50.0 50.0 50.0 50.0 50.0 50.0 50.0 50.0 50.0 50.0 50.0 50.0 50.0 50.0 50.0 50.0 50.0 50.0 50.0 50.0 50.0 50.0 50.0 50.0 50.0 50.0 50.0 50.0 50.0 50.0 50.0 50.0 50.0 50.0 50.0 50.0 50.0 50.0 50.0 50.0 50.0 50.0 50.0 50.0 50.0 50.0 50.0 50.0 50.0 50.0 50.0 50.0 50.0 50.0 50.0 50.0 50.0 50.0 50.0 50.0 50.0 50.0 50.0 50.0 50.0 50.0 50.0 50.0 50.0 50.0 50.0 50.0 50.0 50.0 50.0 50.0 50.0 50.0 50.0 50.0 50.0 50.0 50.0 50.0 50.0 50.0 50.0 50.0 50.0 50.0 50.0 50.0 50.0 50.0 50.0 50.0 50.0 50.0 50.0 50.0 50.0 50.0 50.0 50.0 50.0 50.0 50.0 50.0 50.0 50.0 50.0 50.0 50.0 50.0 50.0 50.0 50.0 50.0 50.0 50.0 50.0 50.0 50.0 50.0 50.0 50.0 50.0 50.0 50.0 50.0 50.0 50.0 50.0 50.0 50.0 50.0 50.0 50.0 50.0 50.0 50.0 50.0 50.0 50.0 50.0 50.0 50.0 50.0 50.0 50.0 50.0 50.0 50.0 50.0 50.0 50.0 50.0 50.0 
# name: reacPower
# type: matrix
# rows: 1
# columns: 359
 0.0 0.104 0.104 0.0 0.0 0.0 0.0 0.0 0.104 0.0 0.0 0.0 0.0 0.0 0.0 0.0 0.0 0.104 0.104 0.0 0.0 0.0 0.0 0.0 0.0 0.0 0.104 0.0 0.0 0.0 0.0 0.0 0.0 0.0 0.0 0.0 0.0 0.0 0.0 0.0 0.104 0.0 0.0 0.0 0.0 0.104 0.0 0.0 0.0 0.104 0.0 0.0 0.0 0.0 0.0 0.104 0.0 0.0 0.0 0.104 0.0 0.0 0.0 0.0 0.0 0.104 0.0 0.0 0.0 0.0 0.0 0.0 0.104 0.0 0.0 0.0 0.0 0.104 0.0 0.0 0.0 0.0 0.0 0.0 0.0 0.104 0.0 0.0 0.0 0.0 0.104 0.0 0.0 0.0 0.0 0.104 0.104 0.0 0.0 0.104 0.0 0.0 0.0 0.0 0.0 0.0 0.0 0.0 0.0 0.0 0.0 0.0 0.0 0.0 0.0 0.0 0.0 0.0 0.0 0.0 0.0 0.0 0.0 0.0 0.0 0.0 0.0 0.0 0.0 0.0 0.0 0.0 0.0 0.0 0.0 0.0 0.0 0.0 0.0 0.0 0.0 0.0 0.0 0.0 0.0 0.0 0.0 0.0 0.0 -0.208 -0.312 -0.312 -0.312 -0.208 -0.416 -0.104 -0.312 -0.208 -0.104 0.0 -0.312 0.0 0.0 -0.312 0.0 -0.208 0.0 -0.104 -0.208 0.0 0.0 -0.104 0.0 0.0 -0.104 0.104 -0.104 0.0 0.0 0.0 0.0 0.104 0.0 0.0 0.0 0.0 0.0 0.104 0.0 0.0 0.0 0.0 0.0 0.0 0.104 0.0 0.0 0.0 0.0 0.104 0.0 0.0 0.0 0.0 0.0 0.0 0.0 0.0 0.0 0.0 0.0 0.0 0.0 0.0 0.0 0.0 0.0 0.0 0.0 0.0 0.0 0.0 0.0 0.0 0.0 0.0 0.0 0.0 0.0 0.0 0.0 0.0 0.0 0.0 0.0 0.0 0.0 0.0 0.0 0.0 0.0 0.0 0.0 0.0 0.0 0.0 0.0 0.0 0.0 0.0 0.0 0.0 0.0 0.0 0.0 0.0 0.0 0.0 0.0 0.0 0.0 0.0 0.0 0.0 0.0 0.0 0.0 0.0 0.0 0.0 0.0 0.0 0.0 0.0 0.0 0.0 0.0 0.0 0.0 0.0 0.0 0.0 0.0 0.0 0.0 0.0 0.0 0.0 0.0 0.0 0.0 0.0 0.0 0.0 0.0 0.0 0.0 0.0 0.0 0.0 0.0 0.0 0.0 0.0 0.0 0.0 0.0 0.0 0.0 0.0 0.0 0.0 0.0 0.0 0.0 0.0 0.0 0.0 -0.104 -0.312 -0.624 -0.52 -0.416 -0.312 -0.312 -0.52 -0.52 -0.312 -0.312 -0.312 -0.416 -0.52 -0.52 -0.312 -0.52 -0.52 -0.416 -0.624 -0.416 -0.312 -0.312 -0.312 -0.312 -0.312 -0.312 -0.624 -0.624 -0.52 -0.416 -0.312 -0.416 -0.52 -0.416 -0.416 -0.312 -0.416 -0.312 -0.312 -0.312 
# name: power
# type: matrix
# rows: 1
# columns: 359
 1.248 1.248 1.144 1.248 1.248 1.144 1.144 1.144 1.144 1.144 1.04 1.04 1.04 1.04 1.04 1.04 1.04 1.04 1.04 1.04 1.04 0.936 0.936 0.936 0.936 0.936 0.936 0.936 0.936 0.936 0.936 0.832 0.936 0.936 0.936 0.936 0.832 0.832 0.832 0.832 0.832 0.832 0.832 0.832 0.832 0.832 0.832 0.832 0.832 0.832 0.728 0.832 0.832 0.832 0.832 0.832 0.832 0.832 0.728 0.832 0.832 0.832 0.832 0.832 0.832 0.832 0.832 0.832 0.832 0.832 0.832 0.728 0.728 0.832 0.832 0.832 0.832 0.728 0.832 0.832 0.832 0.728 0.832 0.832 0.728 0.728 0.728 0.728 0.728 0.728 0.728 0.728 0.728 0.728 0.728 0.728 0.728 0.728 0.728 0.728 0.728 0.728 0.728 0.728 0.728 0.728 0.0 0.0 0.0 0.0 0.0 0.0 0.0 0.0 0.0 0.0 0.0 0.0 0.0 0.0 0.0 0.0 0.0 0.0 0.0 0.0 0.0 0.0 0.0 0.0 0.0 0.0 0.0 0.0 0.0 0.0 0.0 0.0 0.0 0.0 0.0 0.0 0.0 0.0 0.0 0.0 0.0 0.0 0.832 3.33 3.746 3.642 3.434 3.226 3.018 2.914 2.914 2.706 2.601 2.497 2.497 2.497 2.289 2.289 2.185 2.081 2.081 1.977 1.977 1.977 1.873 1.873 1.769 1.769 1.769 1.665 1.665 1.561 1.561 1.665 1.561 1.561 1.457 1.457 1.457 1.457 1.353 1.353 1.248 1.248 1.248 1.248 1.248 1.144 1.144 1.144 1.144 1.144 1.04 1.04 0.0 0.0 0.0 0.0 0.0 0.0 0.0 0.0 0.0 0.0 0.0 0.0 0.0 0.0 0.0 0.0 0.0 0.0 0.0 0.0 0.0 0.0 0.0 0.0 0.0 0.0 0.0 0.0 0.0 0.0 0.0 0.0 0.0 0.0 0.0 0.0 0.0 0.0 0.0 0.0 0.0 0.0 0.0 0.0 0.0 0.0 0.0 0.0 0.0 0.0 0.0 0.0 0.0 0.0 0.0 0.0 0.0 0.0 0.0 0.0 0.0 0.0 0.0 0.0 0.0 0.0 0.0 0.0 0.0 0.0 0.0 0.0 0.0 0.0 0.0 0.0 0.0 0.0 0.0 0.0 0.0 0.0 0.0 0.0 0.0 0.0 0.0 0.0 0.0 0.0 0.0 0.0 0.0 0.0 0.0 0.0 0.0 0.0 0.0 0.0 0.0 0.0 0.0 0.0 0.0 0.0 0.0 0.0 0.0 0.0 0.0 0.0 0.0 0.0 0.0 0.0 0.0 0.0 1.769 4.579 4.579 4.683 4.683 4.579 4.683 4.683 4.683 4.683 4.683 4.683 4.683 4.683 4.683 4.683 4.683 4.683 4.683 4.683 4.683 4.683 4.683 4.683 4.683 4.683 4.683 4.683 4.683 4.579 4.579 4.475 4.475 4.475 4.267 4.267 4.267 4.163 4.163 3.955 3.955 
