# name: phAngle
# type: matrix
# rows: 1
# columns: 360
 0 0 0 0 0 0 0 0 0 0 0 0 0 0 0 0 0 0 0 0 0 0 0 0 0 0 0 0 0 0 0 0 0 0 0 0 0 0 0 0 0 0 0 0 0 0 0 0 0 0 0 0 0 0 0 0 0 0 0 0 0 0 0 0 0 0 0 0 0 0 0 0 0 0 0 0 0 0 0 0 0 0 0 0 0 0 0 0 0 0 0 0 0 0 0 0 0 0 0 0 0 0 0 0 0 0 0 0 0 0 0 0 0 0 0 0 0 0 0 0 0 0 0 0 0 0 0 0 0 0 0 0 0 0 0 0 0 0 0 0 0 0 0 0 0 0 0 0 0 0 0 0 0 0 0 0 0 0 0 0 0 0 0 0 0 0 0 0 0 0 0 0 0 0 0 0 0 0 0 0 0 0 0 0 0 0 0 0 0 0 0 0 0 0 0 0 0 0 0 0 0 0 0 0 0 0 0 0 0 0 0 0 0 0 0 0 0 0 0 0 0 0 0 0 0 0 0 0 0 0 0 0 0 0 0 0 0 0 0 0 0 0 0 0 0 0 0 0 0 0 0 0 0 0 0 0 0 0 0 0 0 0 0 0 0 0 0 0 0 0 0 0 0 0 0 0 0 0 0 0 0 0 0 0 0 0 0 0 0 0 0 0 0 0 0 0 0 0 0 0 0 0 0 0 4 10 0 0 0 0 0 0 0 0 0 0 0 0 0 0 0 0 0 0 0 0 0 0 0 0 0 0 0 0 0 0 0 0 0 0 0 0 0 0 0 0 0 0 0 0 0 0 0 0 0 0 0 0 0 0 
# name: freq
# type: matrix
# rows: 1
# columns: 360
 50.0 50.0 50.0 50.0 50.0 50.0 50.0 50.0 50.0 50.0 50.0 50.0 50.0 50.0 50.0 50.0 50.0 50.0 50.0 50.0 50.0 50.0 50.0 50.0 50.0 50.0 50.0 50.0 50.0 50.0 50.0 50.0 50.0 50.0 50.0 50.0 50.0 50.0 50.0 50.0 50.0 50.0 50.0 50.0 50.0 50.0 50.0 50.0 50.0 50.0 50.0 50.0 50.0 50.0 50.0 50.0 50.0 50.0 50.0 50.0 50.0 50.0 50.0 50.0 50.0 50.0 50.0 50.0 50.0 50.0 50.0 50.0 50.0 50.0 50.0 50.0 50.0 50.0 50.0 50.0 50.0 50.0 50.0 50.0 50.0 50.0 50.0 50.0 50.0 50.0 50.0 50.0 50.0 50.0 50.0 50.0 50.0 50.0 50.0 50.0 50.0 50.0 50.0 50.0 50.0 50.0 50.0 50.0 50.0 50.0 50.0 50.0 50.0 50.0 50.0 50.0 50.0 50.0 50.0 50.0 50.0 50.0 50.0 50.0 50.0 50.0 50.0 50.0 50.0 50.0 50.0 50.0 50.0 50.0 50.0 50.0 50.0 50.0 50.0 50.0 50.0 50.0 50.0 50.0 50.0 50.0 50.0 50.0 50.0 50.0 50.0 50.0 50.0 50.0 50.0 50.0 50.0 50.0 50.0 50.0 50.0 50.1 50.0 50.0 50.0 50.0 50.0 50.1 50.0 50.0 50.1 50.0 50.1 50.0 50.1 50.1 50.1 50.1 50.0 50.1 50.0 50.0 50.1 50.1 50.1 50.0 50.1 50.1 50.0 50.1 50.0 50.0 50.0 50.0 50.1 50.0 50.0 50.0 50.1 50.1 50.0 50.0 50.0 50.1 50.0 50.0 50.0 50.0 50.0 50.0 50.0 50.0 50.0 50.0 50.0 50.0 50.0 50.0 50.0 50.0 50.0 50.0 50.0 50.0 50.0 50.0 50.0 50.0 50.0 50.0 50.0 50.0 50.0 50.0 50.0 50.0 50.0 50.0 50.0 50.0 50.0 50.0 50.0 50.0 50.0 50.0 50.0 50.0 50.0 50.0 50.0 50.0 50.0 50.0 50.0 50.0 50.0 50.0 50.0 50.0 50.0 50.0 50.0 50.0 50.0 50.0 50.0 50.0 50.0 50.0 50.0 50.0 50.0 50.0 50.0 50.0 50.0 50.0 50.0 50.0 50.0 50.0 50.0 50.0 50.0 50.0 50.0 50.0 50.0 50.0 50.0 50.0 50.0 50.0 50.0 50.0 50.0 50.0 50.0 50.0 50.0 50.0 49.9 50.0 50.0 50.0 50.0 50.0 50.0 50.0 50.0 50.0 50.0 50.0 50.0 50.0 50.0 50.0 50.0 50.0 50.0 50.0 50.0 50.0 50.0 50.0 50.0 50.0 50.0 50.0 50.0 50.0 50.0 50.0 50.0 50.0 50.0 50.0 50.0 50.0 50.0 50.0 50.0 50.0 50.0 50.0 50.0 50.0 50.0 50.0 50.0 50.0 50.0 50.0 50.0 50.0 50.0 50.0 50.0 50.0 
# name: reacPower
# type: matrix
# rows: 1
# columns: 360
 0.0 0.0 0.0 0.0 0.0 0.0 0.0 0.0 0.0 0.0 0.0 0.0 0.0 0.0 0.0 0.0 0.0 0.0 0.0 0.0 0.0 0.0 0.0 0.0 0.0 0.0 0.0 0.0 0.0 0.0 0.0 0.0 0.0 0.0 0.0 0.0 0.0 0.0 0.0 0.0 0.0 0.0 0.0 0.0 0.0 0.0 0.0 0.0 0.0 0.0 0.0 0.0 0.0 0.0 0.0 0.0 0.0 0.0 0.0 0.0 0.0 0.0 0.0 0.0 0.0 0.0 0.0 0.0 0.0 0.0 0.0 0.0 0.0 0.0 0.0 0.0 0.0 0.0 0.0 0.0 0.0 0.0 0.0 0.0 0.0 0.0 0.0 0.0 0.0 0.0 0.0 0.0 0.0 0.0 0.0 0.0 0.0 0.0 0.0 0.0 0.0 0.0 0.0 0.0 0.0 0.0 0.0 0.0 0.0 0.0 0.0 0.0 0.0 0.0 0.0 0.0 0.0 0.0 -0.208 0.0 0.104 0.0 0.0 0.0 0.0 0.0 0.0 0.0 0.0 0.0 0.0 0.0 0.0 0.0 0.0 0.0 0.0 0.0 0.0 0.0 0.0 0.0 0.0 0.0 0.0 0.0 0.0 0.0 0.0 0.0 0.0 0.0 0.0 0.0 0.0 0.0 0.0 0.0 0.0 0.0 0.0 0.0 0.0 0.0 0.0 0.0 0.0 0.0 0.0 0.0 -0.208 -0.208 -0.208 -0.208 -0.208 -0.208 -0.208 -0.208 -0.208 -0.208 -0.208 -0.208 -0.208 -0.208 -0.208 -0.208 -0.208 -0.208 -0.208 -0.208 -0.208 -0.208 -0.208 -0.208 -0.208 -0.208 -0.208 -0.208 -0.208 -0.208 -0.208 -0.208 -0.208 -0.208 -0.208 -0.208 -0.208 -0.208 -0.208 -0.208 -0.208 -0.312 -0.208 -0.208 -0.208 -0.208 -0.208 -0.208 -0.208 -0.208 -0.208 -0.208 -0.208 -0.208 -0.208 -0.208 -0.208 -0.208 -0.208 -0.208 -0.208 -0.208 -0.208 -0.208 -0.208 -0.208 -0.208 -0.208 -0.208 -0.208 -0.208 -0.208 -0.208 -0.208 -0.208 -0.208 -0.208 -0.208 -0.208 -0.208 -0.208 -0.208 -0.208 -0.208 -0.208 -0.208 -0.208 -0.208 -0.208 -0.312 -0.208 -0.208 -0.208 -0.208 -0.208 -0.208 -0.208 -0.208 -0.208 -0.208 -0.208 -0.208 -0.208 -0.208 -0.208 -0.208 -0.208 -0.208 -0.208 -0.312 -0.208 -0.312 -0.312 -0.208 -0.208 -0.312 -0.208 -0.312 -0.312 -0.312 -0.208 -0.208 -0.208 -0.208 -0.208 -0.208 -0.312 -0.208 -0.312 -0.312 -0.208 -0.208 -0.208 0.0 0.104 0.104 0.0 0.0 0.0 0.0 0.0 0.0 0.0 0.0 0.0 0.0 0.0 0.0 0.0 0.0 0.0 0.0 0.0 0.0 0.0 0.0 0.0 0.0 0.0 0.0 0.0 0.0 0.0 0.0 0.0 0.0 0.0 0.0 0.0 0.0 0.0 0.0 0.0 0.0 0.0 0.0 0.0 0.0 0.0 0.0 0.0 0.0 0.0 -0.208 -0.208 -0.208 -0.208 -0.208 -0.208 -0.208 
# name: power
# type: matrix
# rows: 1
# columns: 360
 0.0 0.0 0.0 0.0 0.0 0.0 0.0 0.0 0.0 0.0 0.0 0.0 0.0 0.0 0.0 0.0 0.0 0.0 0.0 0.0 0.0 0.0 0.0 0.0 0.0 0.0 0.0 0.0 0.0 0.0 0.0 0.0 0.0 0.0 0.0 0.0 0.0 0.0 0.0 0.0 0.0 0.0 0.0 0.0 0.0 0.0 0.0 0.0 0.0 0.0 0.0 0.0 0.0 0.0 0.0 0.0 0.0 0.0 0.0 0.0 0.0 0.0 0.0 0.0 0.0 0.0 0.0 0.0 0.0 0.0 0.0 0.0 0.0 0.0 0.0 0.0 0.0 0.0 0.0 0.0 0.0 0.0 0.0 0.0 0.0 0.0 0.0 0.0 0.0 0.0 0.0 0.0 0.0 0.0 0.0 0.0 0.0 0.0 0.0 0.0 0.0 0.0 0.0 0.0 0.0 0.0 0.0 0.0 0.0 0.0 0.0 0.0 0.0 0.0 0.0 0.0 0.0 0.0 4.371 2.706 1.977 2.81 2.81 3.018 3.122 3.122 3.122 3.122 3.018 3.122 3.122 3.018 3.018 3.018 3.122 2.914 3.018 2.914 3.122 3.018 3.018 3.018 2.914 2.914 3.018 3.018 3.018 2.914 2.914 3.018 2.81 3.018 3.018 3.018 2.914 3.018 3.018 2.81 2.914 2.914 3.018 2.914 2.914 3.018 2.914 3.018 2.914 3.018 2.914 3.018 4.059 4.163 4.163 4.163 4.163 4.267 4.267 4.267 4.267 4.267 4.267 4.267 4.267 4.267 4.267 4.267 4.267 4.267 4.267 4.267 4.267 4.267 4.267 4.267 4.267 4.267 4.267 4.267 4.267 4.267 4.267 4.267 4.267 4.267 4.267 4.267 4.267 4.163 4.267 4.163 4.267 4.267 4.267 4.267 4.267 4.267 4.267 4.267 4.267 4.267 4.267 4.267 4.267 4.371 4.267 4.371 4.267 4.371 4.267 4.267 4.267 4.267 4.267 4.267 4.267 4.267 4.267 4.267 4.371 4.371 4.371 4.371 4.371 4.371 4.371 4.371 4.371 4.371 4.371 4.371 4.371 4.371 4.371 4.371 4.371 4.371 4.371 4.371 4.371 4.371 4.371 4.371 4.371 4.371 4.267 4.371 4.267 4.267 4.267 4.267 4.267 4.267 4.267 4.267 4.267 4.267 4.267 4.267 4.267 4.267 4.267 4.267 4.267 4.267 4.267 4.371 4.371 4.371 4.371 4.371 4.371 4.371 4.371 4.371 4.371 4.371 4.371 4.371 4.371 4.371 4.371 4.371 4.371 2.914 1.769 0.624 0.0 0.0 0.0 0.0 0.0 0.0 0.0 0.0 0.0 0.0 0.0 0.0 0.0 0.0 0.0 0.0 0.0 0.0 0.0 0.0 0.0 0.0 0.0 0.0 0.0 0.0 0.0 0.0 0.0 0.0 0.0 0.0 0.0 0.0 0.0 0.0 0.0 0.0 0.0 0.0 0.0 0.0 0.0 0.0 0.0 0.0 0.0 4.059 4.163 4.163 4.163 4.059 4.059 4.163 
