# name: phAngle
# type: matrix
# rows: 1
# columns: 359
 0 0 0 0 0 0 0 0 0 0 0 0 0 0 0 0 0 0 0 0 0 0 0 0 0 0 0 0 0 0 0 0 0 0 0 0 0 0 0 0 0 0 0 0 0 0 0 0 0 0 0 0 0 0 0 0 0 0 0 0 0 0 0 0 0 0 0 0 0 0 0 0 0 0 0 0 0 0 0 0 0 0 0 0 0 0 0 0 0 0 0 0 0 0 0 0 0 0 0 0 0 0 0 0 0 0 0 0 0 0 0 0 0 0 0 0 0 0 0 0 0 0 0 0 0 0 0 0 0 0 0 0 0 0 0 0 0 0 0 0 0 0 0 0 0 0 0 0 0 0 0 0 0 0 0 0 0 0 0 0 0 0 0 0 0 0 0 0 0 0 0 0 0 0 0 0 0 0 0 0 0 0 0 0 0 0 0 0 0 0 0 0 0 0 0 353 2 0 0 0 0 0 0 0 0 0 0 0 0 0 0 0 0 0 0 0 0 0 1 0 0 0 0 0 0 0 0 0 0 0 0 0 0 0 0 0 0 0 0 0 0 0 0 0 0 0 0 0 0 0 0 0 0 0 0 0 0 0 0 0 0 0 0 0 0 0 0 0 0 0 0 0 0 0 0 0 0 0 0 0 0 0 0 0 0 0 0 0 0 0 0 0 0 0 0 0 0 0 0 0 0 0 0 0 0 0 0 0 0 0 0 0 0 0 0 0 0 0 0 0 0 0 0 0 0 0 0 0 0 0 0 0 0 0 0 0 0 0 0 0 0 0 0 0 0 0 0 0 0 0 0 0 0 0 0 0 0 0 0 
# name: freq
# type: matrix
# rows: 1
# columns: 359
 50.0 50.0 50.0 50.0 50.0 50.0 50.0 50.0 50.0 50.0 50.0 50.0 50.0 50.0 50.0 50.0 50.0 50.0 50.0 50.0 50.0 50.0 50.0 50.0 50.0 50.0 50.0 50.0 50.0 50.0 50.0 50.0 50.0 50.0 50.0 50.0 50.0 50.0 50.0 50.0 50.0 50.0 50.0 50.0 50.0 50.0 50.0 50.0 50.0 50.0 50.0 50.0 50.0 50.0 50.0 50.0 50.0 50.0 50.0 50.0 50.0 50.0 50.0 50.0 50.0 50.0 50.0 50.0 50.0 50.0 50.0 50.0 50.0 50.0 50.0 50.0 50.0 50.0 50.0 50.0 50.0 50.0 50.0 50.0 50.0 50.0 50.0 50.0 50.0 50.0 50.0 50.0 50.0 50.0 50.0 50.0 50.0 50.0 50.0 50.0 50.0 50.0 50.0 50.0 50.0 50.0 50.0 50.0 50.0 50.0 50.0 50.0 50.0 50.0 50.0 50.0 50.0 50.0 50.0 50.0 50.0 50.0 50.0 50.0 50.0 50.0 50.0 50.0 50.0 50.0 50.0 50.0 50.0 50.0 50.0 50.0 50.0 50.0 50.0 50.0 50.0 50.0 50.0 50.0 50.0 50.0 50.0 50.0 50.0 50.0 50.0 50.0 50.0 50.0 50.0 50.0 50.0 50.0 50.0 50.0 50.0 50.0 50.0 50.0 50.0 50.0 50.0 50.0 50.0 50.0 50.0 50.0 50.0 50.0 50.0 50.0 50.0 50.0 50.0 50.0 50.0 50.0 50.0 50.0 50.0 50.0 50.0 50.0 50.0 50.0 50.0 50.0 50.0 50.0 50.0 50.0 50.0 50.0 50.0 50.0 50.0 50.0 50.0 50.0 50.0 50.0 50.0 50.0 50.0 50.0 50.0 50.0 50.0 50.0 50.0 50.0 50.0 50.0 50.0 50.0 50.0 50.0 50.0 50.0 50.0 50.0 50.0 50.0 50.0 50.0 50.0 50.0 50.0 50.0 50.0 50.0 50.0 50.0 50.0 50.0 50.0 50.0 50.0 50.0 50.0 50.0 50.0 50.0 50.0 50.0 50.0 50.0 50.0 50.0 50.0 50.0 50.0 50.0 50.0 50.0 50.0 50.0 50.0 50.0 50.0 50.0 50.0 50.0 50.0 50.0 50.0 50.0 50.0 50.0 50.0 50.0 50.0 50.0 50.0 50.0 50.0 50.0 50.0 50.0 50.0 50.0 50.0 50.0 50.0 50.0 50.0 50.0 50.0 50.0 50.0 50.0 50.0 50.0 50.0 50.0 50.0 50.0 50.0 50.0 50.0 50.0 50.0 50.0 50.0 50.0 50.0 50.0 50.0 50.0 50.0 50.0 50.0 50.0 50.0 50.0 50.0 50.0 50.0 50.0 50.0 50.0 50.0 50.0 50.0 50.0 49.9 50.0 50.0 50.0 50.0 50.0 50.0 50.0 50.0 50.0 50.0 50.0 50.0 50.0 50.0 50.0 50.0 50.0 50.0 50.0 50.0 50.0 50.0 50.0 50.0 50.0 50.0 50.0 50.0 
# name: reacPower
# type: matrix
# rows: 1
# columns: 359
 -0.728 -0.728 -0.728 -0.728 -0.728 -0.728 -0.728 -0.728 -0.728 -0.728 -0.728 -0.728 -0.728 -0.728 -0.728 -0.728 -0.728 -0.728 -0.728 -0.728 -0.728 -0.728 -0.728 -0.728 -0.728 -0.728 -0.728 -0.728 -0.728 -0.728 -0.728 -0.728 -0.728 -0.728 -0.728 -0.728 -0.728 -0.728 -0.728 -0.728 -0.728 -0.728 -0.728 -0.728 -0.728 -0.728 -0.728 -0.728 -0.728 -0.728 -0.728 -0.728 -0.728 -0.728 -0.728 -0.728 -0.728 -0.728 -0.728 -0.728 -0.728 -0.728 -0.728 -0.728 -0.728 -0.728 -0.728 -0.728 -0.728 -0.728 -0.728 -0.728 -0.728 -0.728 -0.728 -0.728 -0.728 -0.728 -0.728 -0.728 -0.728 -0.728 0.0 0.0 0.0 0.0 0.0 0.0 0.0 0.0 0.0 -0.728 -0.728 -0.728 -0.728 -0.728 -0.728 -0.728 -0.728 -0.728 0.0 0.0 0.0 0.0 0.0 0.0 0.0 0.0 -0.728 -0.728 -0.728 -0.728 -0.728 -0.728 0.0 0.0 0.0 0.0 0.0 0.0 0.0 -0.728 -0.728 -0.728 -0.728 -0.312 0.0 0.0 0.0 0.0 -0.728 -0.728 -0.728 -0.728 0.0 0.0 0.0 0.0 -0.728 -0.728 -0.52 0.0 0.0 0.0 -0.728 -0.728 0.0 0.0 0.0 -0.728 -0.728 0.0 0.0 -0.728 -0.728 -0.728 -0.728 -0.728 0.0 0.0 0.0 0.0 -0.728 -0.728 -0.728 -0.728 -0.728 0.0 -0.728 0.0 0.0 -0.728 0.0 -0.728 -0.52 0.0 -0.728 0.0 0.0 -0.728 0.0 0.0 -0.728 0.0 -0.728 0.0 0.0 -0.728 0.0 0.0 -0.728 0.0 0.0 -0.728 0.0 -0.208 0.0 0.0 -0.728 0.0 0.0 -0.728 0.0 0.0 -0.312 0.0 0.0 0.0 0.0 0.0 0.0 -0.728 0.0 0.0 -0.728 0.0 0.0 0.0 0.0 0.0 0.0 -0.728 0.0 0.0 0.0 -0.52 0.0 0.0 -0.728 0.0 0.0 0.0 -0.728 0.0 0.0 0.0 -0.832 0.0 0.0 0.0 0.0 0.0 0.0 0.0 0.0 0.0 0.0 0.0 0.0 0.0 0.0 0.0 0.0 0.0 0.0 0.0 -0.728 -0.728 -0.728 -0.728 -0.728 -0.728 -0.728 0.0 0.0 -0.728 0.0 0.0 -0.728 0.0 0.0 -0.728 0.0 0.0 -0.728 0.0 0.0 0.0 -0.728 0.0 0.0 -0.728 0.0 0.0 0.0 -0.728 0.0 0.0 0.0 -0.728 0.0 0.0 0.0 -0.728 0.0 0.0 0.0 -0.832 0.0 0.0 0.0 -0.52 0.0 0.0 0.0 0.0 -0.832 0.0 0.0 0.0 0.0 -0.832 0.0 0.0 0.0 0.0 -0.728 0.0 0.0 0.0 0.0 -0.728 0.0 0.0 0.0 0.0 -0.728 0.0 0.0 0.0 0.0 0.0 -0.728 -0.728 -0.832 0.0 0.0 0.0 0.0 -0.728 0.0 0.0 0.0 0.0 -0.728 0.0 0.0 0.0 0.0 0.0 -0.728 0.0 0.0 0.0 0.0 0.0 -0.832 0.0 0.0 
# name: power
# type: matrix
# rows: 1
# columns: 359
 5.724 5.724 5.724 5.724 5.724 5.724 5.724 5.724 5.724 5.724 5.724 5.724 5.724 5.724 5.724 5.724 5.724 5.724 5.724 5.724 5.724 5.724 5.724 5.724 5.724 5.724 5.724 5.724 5.724 5.724 5.724 5.724 5.724 5.724 5.724 5.724 5.724 5.724 5.724 5.724 5.724 5.724 5.724 5.724 5.724 5.724 5.724 5.724 5.724 5.724 5.724 5.724 5.724 5.724 5.724 5.724 5.724 5.724 5.724 5.828 5.724 5.724 5.828 5.724 5.724 5.724 5.724 5.724 5.724 5.724 5.724 5.724 5.724 5.828 5.724 5.724 5.724 5.724 5.828 5.828 5.828 5.724 0.0 0.0 0.0 0.0 0.0 0.0 0.0 0.0 0.0 5.724 5.724 5.724 5.724 5.724 5.724 5.828 5.828 5.828 0.0 0.0 0.0 0.0 0.0 0.0 0.0 0.0 5.724 5.724 5.724 5.724 5.828 5.828 0.0 0.0 0.0 0.0 0.0 0.0 0.0 5.724 5.724 5.724 5.724 2.81 0.0 0.0 0.0 0.0 5.724 5.724 5.828 5.828 0.0 0.0 0.0 0.0 5.724 5.828 4.163 0.0 0.0 0.0 5.724 5.724 0.0 0.0 0.0 5.724 5.828 0.0 0.0 5.724 5.724 5.724 5.724 5.724 0.0 0.0 0.0 0.0 5.724 5.724 5.724 5.724 5.724 0.0 5.724 2.601 0.0 5.828 0.0 5.724 4.475 0.0 5.724 0.0 0.0 5.828 0.0 0.0 5.724 0.0 5.828 0.0 0.0 5.724 0.0 0.0 5.724 0.0 0.0 5.724 0.0 1.769 0.208 0.0 5.724 0.0 0.0 5.724 0.0 0.0 3.018 0.0 0.0 0.208 0.0 0.0 0.0 5.828 0.0 0.0 5.724 0.0 0.0 0.0 0.312 0.0 0.0 5.724 0.0 0.0 0.0 3.955 0.0 0.0 5.724 0.0 0.0 0.0 5.724 0.0 0.0 0.0 5.724 0.0 0.0 0.0 0.0 0.0 0.0 0.0 0.0 0.0 0.0 0.0 0.0 0.0 0.0 0.0 0.0 0.0 0.0 0.0 5.724 5.724 5.724 5.724 5.724 5.724 5.724 0.0 0.0 5.724 0.0 0.0 5.724 0.0 0.0 5.724 0.0 0.0 5.724 0.0 0.0 0.0 5.724 0.0 0.0 5.724 0.0 0.0 0.0 5.724 0.0 0.0 0.0 5.724 0.0 0.0 0.0 5.724 0.0 0.0 0.0 5.724 0.0 0.0 0.0 4.475 0.0 0.0 0.0 0.0 5.724 0.0 0.0 0.0 0.0 5.724 0.0 0.0 0.0 0.0 5.828 0.0 0.0 0.0 0.0 5.724 0.0 0.0 0.0 0.0 5.724 0.0 0.0 0.0 0.0 0.0 1.665 5.724 5.724 0.0 0.0 0.0 0.0 5.724 0.0 0.0 0.0 0.0 5.724 0.0 0.0 0.0 0.0 0.0 5.724 0.0 0.0 0.0 0.0 0.0 5.724 0.0 0.0 
