# name: phAngle
# type: matrix
# rows: 1
# columns: 360
 0 0 0 0 0 0 0 0 0 0 0 0 0 350 0 0 0 0 351 0 0 0 349 0 0 0 0 0 0 0 0 0 0 0 0 0 0 0 0 0 0 0 0 0 0 0 0 0 0 0 0 0 0 0 0 0 0 0 0 0 0 0 0 0 0 0 0 0 0 0 0 0 0 0 0 0 0 0 0 0 0 0 0 0 0 0 0 0 0 0 0 0 0 0 0 0 0 0 0 0 0 0 0 0 0 0 0 0 0 0 0 0 0 0 0 0 0 0 0 0 0 0 0 0 0 0 0 0 0 0 0 0 0 0 0 0 0 0 0 0 0 0 0 0 0 0 0 0 0 0 0 0 0 0 0 0 0 0 0 0 0 0 0 0 0 0 0 0 0 0 0 0 0 0 0 0 0 0 0 0 0 0 0 0 0 0 0 0 0 0 0 0 0 0 0 0 0 0 0 0 0 0 0 0 0 0 0 0 0 0 0 0 0 0 0 0 0 0 0 0 0 0 0 0 0 0 0 0 0 0 0 0 0 0 0 0 0 0 0 0 0 0 0 0 0 0 0 0 0 0 0 0 0 0 0 0 0 0 0 0 0 0 0 0 0 0 0 0 0 0 0 0 0 0 0 0 0 0 0 0 0 0 0 0 0 0 0 0 0 0 0 0 0 0 0 0 0 0 0 0 0 0 0 0 0 0 0 0 0 0 0 0 0 0 0 0 0 0 0 0 0 0 0 0 0 0 0 0 0 0 0 0 0 0 0 0 0 0 0 0 0 0 0 0 0 0 0 0 0 0 0 0 0 0 0 0 0 0 0 0 
# name: freq
# type: matrix
# rows: 1
# columns: 360
 49.9 50.0 49.9 49.9 49.9 49.9 50.0 50.0 49.9 50.0 50.0 50.0 50.0 50.0 50.0 50.0 49.9 49.9 50.0 50.0 50.0 49.9 49.9 50.0 50.0 50.0 50.0 50.0 49.9 49.9 49.9 50.0 49.9 50.0 49.9 50.0 50.0 49.9 50.0 50.0 50.0 50.0 49.9 49.9 49.9 50.0 50.0 50.0 50.0 50.0 50.0 50.0 50.0 50.0 50.0 50.0 50.0 50.0 50.0 50.0 50.0 50.0 50.0 50.0 50.0 50.0 50.0 50.0 50.0 50.0 50.0 50.0 50.0 50.0 50.0 50.0 50.0 50.0 50.0 50.0 50.0 50.0 50.0 50.0 50.0 50.0 50.0 50.0 50.0 50.0 50.0 50.0 50.0 50.0 50.0 50.0 50.0 50.0 50.0 50.0 50.0 50.0 50.0 50.0 50.0 50.0 50.0 50.0 50.0 50.0 50.0 50.0 50.0 50.0 50.0 50.0 50.0 50.0 50.0 50.0 50.0 50.0 50.0 50.0 50.0 50.0 50.0 50.0 50.0 50.0 50.0 50.0 50.0 50.0 50.0 50.0 50.0 50.0 50.0 50.0 50.0 50.0 50.0 50.0 50.0 50.0 50.0 50.0 50.0 50.0 50.0 50.0 50.0 50.0 50.0 50.0 50.0 50.0 50.0 50.0 50.0 50.0 50.0 50.0 50.0 50.0 50.0 50.0 50.0 50.0 50.0 50.0 50.0 50.0 50.0 50.0 50.0 50.0 50.0 50.0 50.0 50.0 50.0 50.0 50.0 50.0 50.0 50.0 50.0 50.0 50.0 50.0 50.0 50.0 50.0 50.0 50.0 50.0 50.0 50.0 50.0 50.0 50.0 50.0 50.0 50.0 50.0 50.0 50.0 50.0 50.0 50.0 50.0 50.0 50.0 50.0 49.9 50.0 50.0 50.0 50.0 50.0 50.0 50.0 50.0 50.0 49.9 49.9 50.0 50.0 50.0 50.0 50.0 50.0 50.0 50.0 50.0 50.0 50.0 50.0 50.0 50.0 50.0 50.0 50.0 50.0 50.0 50.0 50.0 50.0 50.0 50.0 50.0 50.0 50.0 50.0 50.0 50.0 50.0 50.0 50.0 50.0 50.0 50.0 50.0 50.0 50.0 50.0 50.0 50.0 50.0 50.0 50.0 50.0 50.0 50.0 50.0 50.0 50.0 50.0 50.0 50.0 50.0 50.0 50.0 50.0 50.0 50.0 50.0 50.0 50.0 50.0 50.0 50.0 50.0 50.0 50.0 50.0 50.0 50.0 50.1 50.0 50.0 50.0 50.0 50.0 50.0 50.0 50.0 50.0 50.0 50.0 50.0 50.0 50.0 50.0 50.0 50.0 50.1 50.0 50.1 50.0 50.0 50.0 50.0 50.0 50.0 50.0 50.0 50.0 50.0 50.0 50.0 50.0 50.0 50.0 50.0 50.0 50.0 50.0 50.0 50.0 50.0 50.0 50.0 50.0 50.0 50.0 50.0 50.0 50.0 50.0 50.0 50.0 50.0 50.0 50.0 50.0 50.0 50.0 
# name: reacPower
# type: matrix
# rows: 1
# columns: 360
 -0.728 -0.416 0.0 -0.728 0.0 0.0 -0.728 -0.416 0.0 0.0 -0.728 -0.728 -0.728 -0.208 0.0 0.0 0.0 0.0 -0.104 -0.728 -0.728 -0.728 -0.312 0.0 -0.728 -0.728 0.0 -0.728 0.0 -0.728 -0.624 -0.624 -0.624 -0.624 -0.624 -0.624 -0.728 -0.728 -0.728 -0.728 -0.728 -0.728 -0.728 -0.728 -0.728 -0.728 -0.728 -0.728 -0.728 -0.728 -0.728 -0.728 -0.728 -0.728 -0.728 -0.728 -0.728 -0.624 -0.624 -0.624 -0.624 -0.624 -0.728 -0.624 -0.624 -0.728 -0.624 -0.624 -0.624 -0.624 -0.624 -0.624 -0.728 -0.624 -0.624 -0.728 -0.52 -0.624 -0.52 -0.52 -0.52 -0.624 -0.624 -0.624 -0.52 -0.624 -0.624 -0.624 -0.624 -0.624 -0.624 -0.624 -0.624 -0.728 -0.728 -0.624 -0.624 -0.728 -0.728 -0.624 -0.728 -0.624 -0.624 -0.624 -0.624 -0.624 -0.624 -0.624 -0.728 -0.728 -0.624 -0.624 -0.624 -0.624 -0.624 -0.624 -0.624 -0.624 -0.624 -0.624 -0.624 -0.624 -0.624 -0.624 -0.624 -0.624 -0.624 -0.624 -0.728 -0.624 -0.624 -0.624 -0.624 -0.624 -0.624 -0.624 -0.624 -0.624 -0.624 -0.624 -0.624 -0.624 -0.624 -0.624 -0.624 -0.624 -0.624 -0.624 -0.624 -0.624 -0.624 -0.624 0.0 -0.208 -0.312 -0.312 -0.52 -0.624 -0.624 -0.624 -0.624 -0.624 -0.624 -0.624 -0.624 -0.624 -0.624 -0.624 -0.624 -0.624 -0.624 -0.624 -0.624 -0.624 -0.624 -0.624 -0.624 -0.624 -0.624 -0.624 -0.624 -0.624 -0.624 -0.624 -0.728 -0.728 -0.728 -0.728 -0.728 -0.728 -0.624 -0.624 -0.624 -0.624 -0.624 -0.624 -0.624 -0.624 -0.624 -0.624 -0.624 -0.624 -0.624 -0.624 0.0 0.0 0.0 0.0 0.0 0.0 0.0 0.0 0.0 0.0 0.0 0.0 0.0 0.0 0.0 0.0 -0.624 -0.728 -0.624 -0.728 -0.624 -0.624 -0.728 -0.624 -0.624 -0.624 -0.624 -0.728 -0.728 -0.624 -0.728 -0.728 -0.624 -0.728 -0.728 -0.728 -0.728 -0.728 -0.728 -0.728 -0.728 -0.728 -0.728 -0.624 -0.728 -0.624 -0.624 -0.624 -0.728 -0.728 -0.728 -0.728 -0.728 -0.728 -0.728 -0.728 -0.728 -0.624 -0.728 -0.624 -0.728 -0.728 -0.624 -0.728 -0.728 -0.624 -0.728 -0.728 -0.728 -0.728 -0.728 -0.728 -0.728 -0.728 -0.728 -0.624 -0.728 -0.728 -0.728 0.0 0.0 0.0 0.0 0.0 0.0 0.0 0.0 0.0 0.0 0.0 0.0 0.0 0.0 0.0 0.0 0.0 0.0 0.0 0.0 0.0 0.0 0.0 0.0 0.0 0.0 0.0 0.0 0.0 0.0 -0.52 -0.728 -0.728 -0.728 -0.728 -0.728 -0.728 -0.728 -0.728 -0.728 -0.728 -0.728 -0.728 -0.728 -0.832 -0.728 -0.728 -0.728 -0.728 -0.728 -0.728 -0.728 -0.624 -0.728 -0.728 -0.728 -0.728 -0.728 -0.728 -0.624 -0.728 -0.728 -0.624 -0.728 -0.728 -0.624 -0.624 -0.728 -0.728 -0.624 -0.728 -0.728 -0.728 -0.728 -0.728 -0.728 -0.728 
# name: power
# type: matrix
# rows: 1
# columns: 360
 3.642 3.538 0.0 3.434 3.226 0.0 3.018 3.538 0.0 0.0 3.538 3.538 3.434 1.353 0.0 0.0 0.0 0.0 1.144 3.434 3.538 3.538 1.873 0.0 3.434 3.538 0.0 3.538 0.0 3.538 3.434 3.434 3.434 3.434 3.434 3.434 3.538 3.538 3.538 3.538 3.538 3.538 3.538 3.538 3.538 3.538 3.538 3.538 3.538 3.538 3.538 3.538 3.538 3.538 3.538 3.538 3.538 3.538 3.538 3.538 3.538 3.538 3.538 3.538 3.538 3.538 3.538 3.538 3.434 3.434 3.538 3.434 3.538 3.434 3.434 3.434 3.018 3.226 3.226 3.226 3.226 3.226 3.226 3.226 3.226 3.226 3.33 3.33 3.434 3.434 3.434 3.434 3.434 3.434 3.434 3.434 3.434 3.434 3.434 3.434 3.434 3.434 3.434 3.434 3.434 3.434 3.434 3.434 3.434 3.434 3.434 3.434 3.434 3.434 3.434 3.434 3.434 3.434 3.434 3.434 3.434 3.434 3.434 3.434 3.434 3.434 3.434 3.434 3.434 3.434 3.434 3.434 3.434 3.434 3.434 3.434 3.434 3.434 3.434 3.434 3.434 3.434 3.434 3.434 3.434 3.434 3.434 3.434 3.434 3.434 3.434 3.434 0.0 1.977 2.185 2.393 2.914 3.122 3.226 3.226 3.226 3.33 3.33 3.33 3.434 3.434 3.434 3.434 3.434 3.434 3.434 3.434 3.434 3.434 3.434 3.434 3.434 3.434 3.434 3.434 3.434 3.434 3.434 3.434 3.434 3.434 3.434 3.434 3.434 3.434 3.434 3.434 3.434 3.434 3.434 3.434 3.434 3.434 3.434 3.434 3.434 3.434 3.434 3.434 0.0 0.0 0.0 0.0 0.0 0.0 0.0 0.0 0.0 0.0 0.0 0.0 0.0 0.0 0.0 0.0 3.434 3.434 3.434 3.434 3.434 3.434 3.434 3.434 3.434 3.434 3.434 3.434 3.434 3.434 3.434 3.434 3.434 3.434 3.434 3.434 3.434 3.434 3.434 3.434 3.434 3.434 3.434 3.434 3.434 3.434 3.434 3.434 3.434 3.434 3.434 3.434 3.434 3.434 3.434 3.434 3.434 3.434 3.434 3.434 3.434 3.434 3.434 3.434 3.434 3.434 3.434 3.434 3.434 3.434 3.434 3.434 3.434 3.434 3.434 3.434 3.434 3.434 3.434 2.706 0.0 0.0 0.0 0.0 0.0 0.0 0.0 0.0 0.0 0.0 0.0 0.0 0.0 0.0 0.0 0.0 0.0 0.0 0.0 0.0 0.0 0.0 0.0 0.0 0.0 0.0 0.0 0.0 0.0 2.81 3.434 3.434 3.434 3.434 3.434 3.434 3.434 3.434 3.434 3.434 3.434 3.434 3.434 3.434 3.434 3.434 3.434 3.434 3.434 3.434 3.434 3.434 3.434 3.434 3.434 3.434 3.434 3.434 3.434 3.434 3.434 3.434 3.434 3.434 3.434 3.434 3.434 3.434 3.434 3.434 3.434 3.434 3.434 3.434 3.434 3.434 
