# name: phAngle
# type: matrix
# rows: 1
# columns: 359
 90 90 90 90 90 90 90 90 90 90 90 90 90 90 90 90 90 90 90 90 90 90 90 90 90 90 90 90 90 90 90 90 90 90 90 90 90 90 90 90 90 90 90 90 90 90 90 90 90 90 90 90 90 90 90 90 90 90 90 90 90 90 90 90 90 90 90 90 90 90 90 90 90 90 90 90 90 90 90 90 90 90 90 90 90 90 90 90 90 90 90 90 90 90 90 90 90 90 90 90 90 90 90 90 90 90 90 90 90 90 90 90 90 90 90 90 90 90 90 90 90 90 90 90 90 90 90 90 90 90 90 90 90 90 90 90 90 90 90 90 90 90 90 90 90 90 90 90 90 90 90 90 90 90 90 27 27 27 27 27 27 27 27 27 27 27 27 27 27 27 27 19 19 19 19 19 19 19 27 27 19 19 19 19 19 19 19 19 19 19 19 19 19 19 19 19 19 19 19 19 19 19 90 90 90 90 90 90 90 90 90 90 90 90 90 90 90 90 90 90 90 90 90 90 90 90 90 90 90 90 90 90 90 90 90 90 90 90 90 90 90 90 90 90 90 90 90 90 90 90 90 90 90 90 90 90 90 90 90 90 90 90 90 90 90 90 19 19 19 19 19 19 19 19 19 19 19 19 19 19 19 19 19 19 19 19 19 19 19 19 19 19 19 19 19 19 19 19 19 19 19 19 19 19 19 19 19 19 19 19 19 19 19 19 19 19 19 19 19 19 19 19 19 19 90 90 90 90 90 90 90 90 90 90 90 90 90 90 90 90 90 90 90 90 90 90 90 90 90 90 90 90 90 90 90 90 90 90 90 
# name: freq
# type: matrix
# rows: 1
# columns: 359
 50.0 50.0 50.0 50.0 50.0 50.0 50.0 50.0 50.0 50.0 50.0 50.0 50.0 50.0 50.0 50.0 50.0 50.0 50.0 50.0 50.0 50.0 50.0 50.0 50.0 50.0 50.0 50.0 50.0 50.0 50.0 50.0 50.0 50.0 50.0 50.0 50.0 50.0 50.0 50.0 50.0 50.0 50.0 50.0 50.0 50.0 50.0 50.0 50.0 50.0 50.0 50.0 50.0 50.0 50.0 50.0 50.0 50.0 50.0 50.0 50.0 50.0 50.0 50.0 50.0 50.0 50.0 50.0 50.0 50.0 50.0 50.0 50.0 50.0 50.0 50.0 50.0 50.0 50.0 50.0 50.0 50.0 50.0 50.0 50.0 50.0 50.0 50.0 50.0 50.0 50.0 50.0 50.0 50.0 50.0 50.0 50.0 50.0 50.0 50.1 50.0 50.0 50.0 50.0 50.0 50.0 50.0 50.0 50.0 50.0 50.0 50.0 50.0 50.0 50.0 50.0 50.0 50.0 50.0 50.0 50.0 50.0 50.0 50.0 50.0 50.0 50.0 50.0 50.0 50.0 50.0 50.0 50.0 50.0 50.0 50.0 50.0 50.0 50.0 50.0 50.0 50.0 50.0 50.0 50.0 50.0 50.0 50.0 50.0 50.0 50.0 50.0 50.0 50.0 50.0 50.0 50.0 50.0 50.0 50.0 50.0 50.0 50.0 50.0 50.0 50.0 50.0 50.0 50.0 50.0 50.0 50.0 50.0 50.0 50.0 50.0 50.0 50.0 50.0 50.0 50.0 50.0 50.0 50.0 50.0 50.0 50.0 50.0 50.0 50.0 50.0 50.0 50.0 50.0 50.0 50.0 50.0 50.0 50.0 50.0 50.0 50.0 50.0 50.0 50.0 50.0 50.0 50.0 50.0 50.0 50.0 50.0 50.0 50.0 50.0 50.0 50.0 50.0 50.0 50.0 50.0 50.0 50.0 50.0 50.0 50.0 50.0 50.0 50.0 50.0 50.0 50.0 50.0 50.0 50.0 50.0 50.0 50.0 50.0 50.0 50.0 50.0 50.0 50.0 50.0 50.0 50.0 50.0 50.0 50.0 50.0 50.0 50.0 50.0 50.0 50.0 50.0 50.0 50.0 50.0 50.0 50.0 50.0 50.0 50.0 50.0 50.0 50.0 50.0 50.0 50.0 50.0 50.0 50.0 50.0 50.0 50.0 50.0 50.0 50.0 50.0 50.0 50.0 50.0 50.0 50.0 50.0 50.0 50.0 50.0 50.0 50.0 50.0 50.0 50.0 50.0 50.0 50.0 50.0 50.0 50.0 50.0 50.0 50.0 50.0 50.0 50.0 50.0 50.0 50.0 50.0 50.0 50.0 50.0 50.0 50.0 50.0 50.0 50.0 50.0 50.0 50.0 50.0 50.0 50.0 50.0 50.0 50.0 50.0 50.0 50.0 50.0 50.0 50.0 50.0 50.0 50.0 50.0 50.0 50.0 50.0 50.0 50.0 50.0 50.0 50.0 50.0 50.0 50.0 50.0 50.0 50.0 50.0 50.0 50.0 50.0 50.0 50.0 50.0 
# name: reacPower
# type: matrix
# rows: 1
# columns: 359
 3.519 3.519 3.519 3.519 3.519 3.519 3.519 3.519 3.519 3.519 3.519 3.519 3.519 3.519 3.519 3.519 3.519 3.519 3.519 3.416 3.416 3.416 3.416 3.416 3.416 3.312 3.312 3.416 3.416 3.416 3.416 3.519 3.519 3.519 3.519 3.416 3.519 3.519 3.519 3.519 3.519 3.519 3.519 3.519 3.519 3.416 3.416 3.416 3.416 3.416 3.416 3.416 3.416 3.416 3.416 3.416 3.416 3.416 3.416 3.519 3.416 3.416 3.416 3.519 3.519 3.623 3.519 3.519 3.519 3.519 3.519 3.519 3.519 3.519 3.519 3.519 3.519 3.519 3.519 3.519 3.416 3.416 3.416 3.519 3.519 3.519 3.519 3.519 3.519 3.519 3.519 3.416 3.519 3.416 3.416 3.519 3.519 3.623 3.519 3.519 3.519 3.519 3.519 3.519 3.623 3.519 3.519 3.623 3.623 3.519 3.623 3.623 3.312 3.209 3.312 3.209 3.312 3.312 3.312 3.312 3.312 3.312 3.312 3.312 3.312 3.312 3.312 3.312 3.312 3.312 3.312 3.312 3.312 3.312 3.312 3.312 3.312 3.312 3.312 3.312 3.312 3.312 3.312 3.312 3.312 3.312 3.209 3.209 3.209 3.312 3.209 3.209 3.209 3.209 3.209 2.38 2.38 2.38 2.38 2.38 2.38 2.484 2.484 2.484 2.484 2.38 2.38 2.38 2.38 2.38 2.38 2.38 2.38 2.484 2.484 2.484 2.484 2.484 2.38 2.38 2.38 2.38 2.38 2.38 2.38 2.38 2.38 2.38 2.38 2.38 2.38 2.38 2.38 2.38 2.38 2.38 2.38 2.38 2.38 2.38 2.38 2.38 3.416 3.209 3.312 3.209 3.312 3.312 3.312 3.312 3.416 3.312 3.312 3.312 3.312 3.312 3.105 3.209 3.209 3.209 3.209 3.209 3.209 3.312 3.312 3.312 3.312 3.209 3.312 3.209 3.312 3.209 3.209 3.312 3.209 3.209 3.209 3.209 3.209 3.312 3.312 3.312 3.416 3.312 3.312 3.416 3.416 3.312 3.312 3.312 3.312 3.312 3.312 3.312 3.312 3.312 3.312 3.416 3.416 3.416 3.416 3.416 3.416 3.519 3.519 3.519 2.588 2.484 2.588 2.588 2.588 2.588 2.588 2.484 2.484 2.484 2.484 2.484 2.484 2.484 2.484 2.484 2.484 2.38 2.38 2.484 2.484 2.38 2.484 2.484 2.484 2.484 2.484 2.484 2.484 2.484 2.484 2.484 2.484 2.484 2.588 2.484 2.484 2.484 2.484 2.484 2.484 2.484 2.484 2.484 2.484 2.484 2.38 2.484 2.484 2.484 2.484 2.38 2.38 2.484 2.484 2.38 2.38 2.38 3.519 3.416 3.519 3.623 3.519 3.519 3.623 3.519 3.519 3.519 3.519 3.519 3.519 3.519 3.623 3.519 3.519 3.623 3.519 3.519 3.519 3.519 3.519 3.519 3.519 3.519 3.519 3.519 3.623 3.519 3.519 3.519 3.519 3.519 3.623 
# name: power
# type: matrix
# rows: 1
# columns: 359
 1.035 1.035 1.035 1.035 1.035 1.035 1.035 1.035 1.035 1.035 1.035 1.035 1.035 1.035 1.035 1.035 1.035 1.035 1.035 1.035 1.035 1.035 1.035 1.035 1.035 1.035 1.035 1.035 1.035 1.035 1.035 1.035 1.035 1.035 1.035 1.035 1.035 1.035 1.035 1.035 1.035 1.035 1.035 1.035 1.035 1.035 1.035 1.035 1.035 1.035 1.035 1.035 1.035 1.035 1.035 1.035 1.035 1.035 1.035 1.035 1.035 1.035 1.035 1.035 1.035 1.035 1.035 1.035 1.035 1.035 1.035 1.035 1.035 1.035 1.035 1.035 1.035 1.035 1.035 1.035 1.035 1.035 1.035 1.035 1.035 1.035 1.035 1.035 1.035 1.035 1.035 1.035 1.035 1.035 1.035 1.035 1.035 1.035 1.035 1.035 1.035 1.035 1.035 1.035 1.138 1.035 1.035 1.138 1.035 1.035 1.138 1.035 1.035 1.035 1.035 1.035 1.035 1.035 1.035 1.035 1.035 1.035 1.035 1.035 1.035 1.035 1.035 1.035 1.035 1.035 1.035 1.035 1.035 1.035 1.035 1.035 1.035 1.035 1.035 1.035 1.035 1.035 1.035 1.035 1.035 1.035 1.035 1.035 1.035 1.035 1.035 1.035 1.035 1.035 1.035 5.9 5.9 5.9 5.9 5.9 6.004 6.004 6.004 6.004 6.004 6.004 6.004 6.107 6.107 6.107 6.107 6.211 6.211 6.211 6.211 6.211 6.211 6.211 6.107 6.107 6.211 6.211 6.107 6.211 6.211 6.211 6.211 6.211 6.314 6.314 6.418 6.314 6.314 6.418 6.314 6.418 6.314 6.418 6.418 6.314 6.314 6.418 1.035 1.035 1.035 1.035 1.035 1.035 1.035 1.035 1.035 1.035 1.035 1.035 1.035 1.035 1.035 1.035 1.035 1.035 1.035 1.035 1.035 1.035 1.035 1.035 1.035 1.035 1.035 1.035 1.035 1.035 1.035 1.035 1.035 1.035 1.035 1.035 1.035 1.035 1.035 1.035 1.035 1.035 1.035 1.035 1.035 1.035 1.035 1.035 1.035 1.035 1.035 1.035 1.035 1.035 1.035 1.035 1.035 1.035 1.035 1.035 1.035 1.035 1.035 1.035 6.211 6.211 6.211 6.211 6.211 6.314 6.314 6.314 6.314 6.418 6.418 6.418 6.521 6.521 6.418 6.418 6.418 6.314 6.314 6.418 6.314 6.314 6.314 6.314 6.418 6.418 6.418 6.418 6.521 6.418 6.521 6.521 6.418 6.418 6.418 6.418 6.418 6.521 6.521 6.521 6.521 6.521 6.521 6.521 6.521 6.521 6.521 6.521 6.521 6.418 6.418 6.521 6.521 6.521 6.521 6.418 6.418 6.418 1.035 1.035 1.035 1.035 1.035 1.035 1.035 1.035 1.035 1.035 1.035 1.035 1.035 1.035 1.138 1.035 1.035 1.035 1.035 1.035 1.035 1.035 1.035 1.035 1.035 1.035 1.035 1.035 1.035 1.035 1.035 1.035 1.035 1.035 1.035 
