# name: phAngle
# type: matrix
# rows: 1
# columns: 359
 0 0 0 0 0 0 0 0 0 0 0 0 0 0 0 0 0 0 0 0 0 0 0 0 0 0 0 0 0 0 0 0 0 0 0 0 0 0 0 0 0 0 0 0 0 0 0 0 0 0 0 0 0 0 0 0 0 0 0 0 0 0 0 0 0 0 0 0 0 0 0 0 0 0 0 0 0 0 0 0 0 0 0 0 0 0 0 0 0 0 0 0 0 0 0 353 0 0 0 0 0 0 0 0 0 0 0 0 0 359 358 0 0 0 0 0 1 356 0 359 357 0 358 0 357 0 359 0 359 359 1 0 359 357 0 357 359 357 358 359 358 357 359 356 357 358 358 357 358 357 356 355 358 0 359 357 358 359 359 357 357 358 359 359 359 0 359 358 358 357 357 357 0 358 357 357 357 358 358 0 358 357 0 0 358 357 356 358 358 359 357 359 0 359 358 357 358 357 359 359 358 357 358 356 356 359 356 357 359 356 358 358 359 356 358 356 357 358 357 358 357 359 1 359 357 357 359 0 0 0 0 0 0 0 0 0 0 0 0 0 0 0 0 0 0 0 0 0 0 0 0 0 0 0 0 353 353 354 353 354 355 354 354 355 353 355 354 355 354 355 354 355 354 354 355 355 355 355 355 354 356 355 356 355 356 354 356 354 356 356 356 357 356 355 354 355 357 355 355 356 356 355 356 355 355 356 355 354 356 355 354 355 355 355 356 356 356 356 355 355 356 0 0 0 0 0 0 0 0 0 0 0 0 0 0 0 0 0 0 359 359 358 358 359 0 357 355 357 356 357 356 357 359 357 356 357 358 357 357 
# name: freq
# type: matrix
# rows: 1
# columns: 359
 50.0 50.0 50.0 50.0 50.0 50.0 50.0 50.0 50.0 50.0 50.0 50.0 50.0 50.0 50.0 50.0 50.0 50.0 50.0 50.0 50.0 50.0 50.0 50.0 50.0 50.0 50.0 50.0 50.0 50.0 50.0 50.0 50.0 50.0 50.0 50.0 50.0 50.0 50.0 50.0 50.0 50.0 50.0 50.0 50.0 50.0 50.0 50.0 50.0 50.0 50.0 50.0 50.0 50.0 50.0 50.0 50.0 50.0 50.0 50.0 50.0 50.0 50.0 50.0 50.0 50.0 50.0 50.0 50.0 50.0 50.0 50.0 50.0 50.0 50.0 50.0 50.0 50.0 50.0 50.0 50.0 50.0 50.0 50.0 50.0 50.0 50.0 50.0 50.0 50.0 50.0 50.0 50.0 50.0 50.0 50.0 50.0 50.0 50.0 50.0 50.0 50.0 50.0 50.0 50.0 50.0 50.0 50.0 50.0 50.0 50.0 50.0 50.0 50.0 50.0 50.0 50.0 50.0 50.0 50.0 50.0 50.0 50.0 50.0 50.0 50.0 50.0 50.0 50.0 50.0 50.0 50.0 50.0 50.0 50.0 50.0 50.0 50.0 50.0 50.0 50.0 50.0 50.0 50.0 50.0 50.0 50.0 50.0 50.0 50.0 50.0 50.0 50.0 50.0 50.0 50.0 50.0 50.0 50.0 50.0 50.0 50.0 50.0 50.0 50.0 50.0 50.0 50.0 50.0 50.0 50.0 50.0 50.0 50.0 50.0 50.0 50.0 50.0 50.0 50.0 50.0 50.0 50.0 50.0 50.0 50.0 50.0 50.0 50.0 50.0 50.0 50.0 50.0 50.0 50.0 50.0 50.0 50.0 50.0 50.0 50.0 50.0 50.0 50.0 50.0 50.0 50.0 50.0 50.0 50.0 50.0 50.0 50.0 50.0 50.0 50.0 50.0 50.0 50.0 50.0 50.0 50.0 50.0 50.0 50.0 50.0 50.0 50.0 50.0 50.0 50.0 50.0 50.0 50.0 50.0 50.0 50.0 50.0 50.0 50.0 50.0 50.0 50.0 50.0 50.0 50.0 50.0 50.0 50.0 50.0 50.0 50.0 50.0 50.0 50.0 50.0 50.0 50.0 50.0 50.0 50.0 50.0 50.0 50.0 50.0 50.0 50.0 50.0 50.0 50.0 50.0 50.0 50.0 50.0 50.0 50.0 50.0 50.0 50.0 50.0 50.0 50.0 50.0 50.0 50.0 50.0 50.0 50.0 50.0 50.0 50.0 50.0 50.0 50.0 50.0 50.0 50.0 50.0 50.0 50.0 50.0 50.0 50.0 50.0 49.9 50.0 49.9 50.0 49.9 49.9 49.9 50.0 49.9 50.0 49.9 49.9 49.9 49.9 49.9 49.9 50.0 50.0 50.0 50.0 50.0 50.0 50.0 50.0 50.0 50.0 50.0 50.0 50.0 50.0 50.0 50.0 50.0 50.0 50.0 50.0 50.0 50.0 50.0 50.0 50.0 50.0 50.0 50.0 50.0 50.0 50.0 50.0 50.0 50.0 50.0 50.0 50.0 50.0 50.0 
# name: reacPower
# type: matrix
# rows: 1
# columns: 359
 0.0 0.0 -0.832 0.0 0.0 0.0 0.0 0.0 -0.832 0.0 0.0 0.0 0.0 0.0 0.0 -0.208 0.0 0.0 0.0 0.0 0.0 -0.728 0.0 0.0 0.0 0.0 0.0 0.0 -0.832 0.0 0.0 0.0 0.0 0.0 0.0 -0.832 0.0 0.0 0.0 0.0 0.0 0.0 -0.208 0.0 0.0 0.0 0.0 0.0 0.0 0.0 0.0 0.0 0.0 0.0 0.0 0.0 -0.208 0.0 0.0 0.0 0.0 0.0 -0.728 0.0 0.0 0.0 0.0 0.0 0.0 -0.832 0.0 0.0 0.0 0.0 0.0 0.0 -0.832 0.0 0.0 0.0 0.0 0.0 0.0 0.0 0.0 0.0 0.0 0.0 0.0 -0.832 0.0 0.0 0.0 0.0 0.0 -0.104 0.0 0.0 0.0 0.0 0.0 0.0 -0.832 0.0 0.0 0.0 0.0 0.0 0.0 0.0 0.0 0.0 0.0 0.0 0.0 0.0 0.0 0.0 0.0 0.0 0.0 0.0 0.0 0.0 0.0 0.0 0.0 0.0 0.0 0.0 0.0 0.0 0.0 0.0 0.0 0.0 0.0 0.0 0.0 0.0 0.0 0.0 0.0 0.0 0.0 0.0 0.0 0.0 0.0 0.0 0.0 0.0 0.0 0.0 0.0 0.0 0.0 0.0 0.0 0.0 0.0 0.0 0.0 0.0 0.0 0.0 0.0 0.0 0.0 0.0 0.0 0.0 0.0 0.0 0.0 0.0 0.0 0.0 0.0 0.0 0.0 0.0 0.0 0.0 0.0 0.0 0.0 0.0 0.0 0.0 0.0 0.0 0.0 0.0 0.0 0.0 0.0 0.0 0.0 0.0 0.0 0.0 0.0 0.0 0.0 0.0 0.0 0.0 0.0 0.0 0.0 0.0 0.0 0.0 0.0 0.0 0.0 0.0 0.0 0.0 0.0 0.0 0.0 0.0 0.0 0.0 0.0 0.0 0.0 0.0 0.0 0.0 0.0 0.0 0.0 0.0 0.0 0.0 0.0 0.0 0.0 0.0 0.0 0.0 0.0 0.0 0.0 0.0 0.0 -0.728 -0.832 -0.832 -0.416 -0.312 -0.208 -0.208 -0.104 -0.104 -0.104 -0.104 -0.104 -0.104 -0.104 -0.104 -0.104 0.0 -0.104 -0.104 -0.104 0.0 -0.104 0.0 -0.104 -0.104 0.0 -0.104 0.0 0.0 -0.104 -0.104 0.0 0.0 0.0 -0.104 0.0 -0.104 0.0 -0.104 0.0 0.0 0.0 0.0 0.0 0.0 0.0 -0.104 0.0 0.0 0.0 0.0 0.0 0.0 0.0 0.0 0.0 0.0 0.0 -0.104 0.0 0.0 0.0 0.0 0.0 0.0 0.0 0.0 0.0 0.0 0.0 0.0 0.0 -0.208 -0.832 -0.728 -0.832 -0.832 -0.832 -0.728 -0.832 -0.728 -0.832 -0.728 -0.728 -0.832 -0.832 0.0 0.0 0.0 0.0 0.0 0.0 0.0 0.0 0.0 0.0 0.0 0.0 0.0 0.0 0.0 0.0 0.0 0.0 0.0 0.0 0.0 0.0 0.0 0.0 
# name: power
# type: matrix
# rows: 1
# columns: 359
 0.0 0.0 5.724 0.0 0.0 0.0 0.0 0.0 5.724 0.0 0.0 0.0 0.0 0.0 0.0 5.724 0.0 0.0 0.0 0.0 0.0 3.226 0.0 0.0 0.0 0.0 0.0 0.0 5.724 0.0 0.0 0.0 0.0 0.0 0.0 5.724 0.0 0.0 0.0 0.0 0.0 0.0 2.289 0.0 0.0 0.0 0.0 0.0 0.0 0.312 0.0 0.0 0.0 0.0 0.0 0.0 2.185 0.0 0.0 0.0 0.0 0.0 5.724 0.0 0.0 0.0 0.0 0.0 0.0 5.62 0.0 0.0 0.0 0.0 0.0 0.0 5.724 0.0 0.0 0.0 0.0 0.0 0.0 0.0 0.0 0.0 0.0 0.0 0.0 5.724 0.0 0.0 0.0 0.0 0.0 1.561 0.0 0.0 0.0 0.0 0.0 0.0 5.724 0.0 0.0 0.0 0.0 0.0 0.0 0.312 0.416 0.312 0.312 0.416 0.312 0.416 0.312 0.52 0.312 0.52 0.52 0.312 0.52 0.416 0.52 0.416 0.52 0.312 0.52 0.52 0.416 0.312 0.52 0.624 0.312 0.624 0.416 0.728 0.52 0.52 0.52 0.52 0.416 0.624 0.728 0.416 0.312 0.52 0.624 0.416 0.52 0.728 0.52 0.416 0.416 0.52 0.52 0.52 0.52 0.52 0.624 0.52 0.312 0.52 0.52 0.312 0.52 0.52 0.52 0.624 0.624 0.52 0.312 0.416 0.52 0.52 0.52 0.52 0.416 0.52 0.52 0.624 0.52 0.52 0.624 0.624 0.416 0.416 0.624 0.52 0.52 0.624 0.52 0.52 0.312 0.624 0.624 0.416 0.728 0.624 0.52 0.52 0.52 0.624 0.416 0.624 0.312 0.52 0.52 0.52 0.416 0.52 0.52 0.624 0.52 0.52 0.52 0.416 0.52 0.416 0.52 0.52 0.312 0.52 0.624 0.624 0.52 0.0 0.0 0.0 0.0 0.0 0.0 0.0 0.0 0.0 0.0 0.0 0.0 0.0 0.0 0.0 0.0 0.0 0.0 0.0 0.0 0.0 0.0 5.724 5.724 5.724 3.33 2.601 2.081 1.769 1.457 1.457 1.457 1.561 1.248 1.457 1.457 1.248 1.457 1.144 1.144 1.144 1.248 1.04 1.248 1.144 1.248 1.248 1.04 1.248 0.936 1.144 1.144 1.248 0.936 1.04 0.936 1.04 0.832 0.936 0.936 1.04 0.936 0.832 0.936 0.832 0.832 0.832 1.04 1.04 0.728 1.04 0.936 0.936 0.936 0.832 0.832 0.936 0.936 0.832 0.832 0.936 0.936 0.832 0.936 0.832 0.936 0.936 0.728 0.936 0.728 0.832 0.936 0.832 0.728 2.289 5.724 5.724 5.724 5.724 5.724 5.724 5.724 5.724 5.724 5.724 5.724 5.724 5.724 0.0 0.0 0.0 0.0 0.416 0.416 0.52 0.52 0.52 0.416 0.624 0.728 0.624 0.728 0.624 0.52 0.624 0.52 0.52 0.728 0.624 0.624 0.728 0.624 
