# name: phAngle
# type: matrix
# rows: 1
# columns: 354
 0 0 0 0 0 0 0 0 0 0 0 0 0 0 0 0 0 0 0 0 0 0 0 0 0 0 0 0 0 0 0 0 0 0 0 0 0 0 0 0 0 0 0 0 0 0 0 0 0 0 0 0 0 0 0 0 0 0 0 0 0 0 0 0 0 0 0 0 0 0 0 0 0 0 0 0 0 0 0 0 0 0 0 0 0 0 0 0 0 0 0 0 0 0 0 0 0 0 0 0 0 0 0 0 0 0 0 0 0 0 0 0 0 0 0 0 0 0 0 0 0 0 0 0 0 0 0 0 0 0 0 0 0 0 0 0 0 0 0 0 0 0 0 0 0 0 0 0 0 0 0 0 0 0 0 0 0 0 0 0 0 0 0 0 0 0 0 0 0 0 0 0 0 0 0 0 0 0 0 0 0 0 0 0 0 0 0 0 0 0 0 0 0 0 0 0 0 0 0 0 0 0 0 0 0 0 0 0 0 0 0 0 0 0 0 0 0 0 0 0 0 0 0 0 0 0 0 0 0 0 0 0 0 0 0 0 0 0 0 0 0 0 0 0 0 0 0 0 0 0 0 0 0 0 0 0 0 0 0 0 0 0 0 0 0 0 0 0 0 0 0 0 0 0 0 0 0 0 0 0 0 0 0 0 0 0 0 0 0 0 0 0 0 0 0 0 0 0 0 0 0 0 0 0 0 0 0 0 0 0 0 0 0 0 0 0 0 0 0 0 0 0 0 0 0 0 0 0 0 0 0 0 0 0 0 0 0 0 0 0 0 0 0 0 0 0 0 0 0 0 0 0 0 0 
# name: freq
# type: matrix
# rows: 1
# columns: 354
 50.0 50.0 50.0 50.0 50.0 50.0 50.0 50.0 50.0 50.0 50.0 50.0 50.0 50.0 50.0 50.0 50.0 50.0 50.0 50.0 50.0 50.0 50.0 50.0 50.0 50.0 50.0 50.0 50.0 50.0 50.0 50.0 50.0 50.0 50.0 49.9 50.0 50.0 50.0 50.0 50.0 50.0 50.0 50.0 50.0 50.0 50.0 50.0 50.0 50.0 50.0 50.0 50.0 50.0 50.0 50.0 50.0 50.0 50.0 50.0 50.0 50.0 50.0 50.0 50.0 50.0 50.0 50.0 50.0 50.0 50.0 50.0 50.0 50.0 50.0 50.0 50.0 50.0 50.0 50.0 50.0 50.0 50.0 50.0 50.0 50.0 50.0 50.0 50.0 50.0 50.0 50.0 50.0 50.0 50.0 50.0 50.0 50.0 50.0 50.0 50.0 50.0 50.0 50.0 50.0 50.0 50.0 50.0 50.0 50.0 50.0 50.0 50.0 50.0 50.0 50.0 50.0 50.0 50.0 50.0 50.0 50.0 50.0 50.0 50.0 50.0 50.0 50.0 50.0 50.0 50.0 50.0 50.0 50.0 50.0 50.0 50.0 50.0 50.0 50.0 50.0 50.0 50.0 50.0 50.0 50.0 50.0 50.0 50.0 50.0 50.0 50.0 50.0 50.0 50.0 50.0 50.0 50.0 50.0 50.0 50.0 50.0 50.0 50.0 50.0 50.0 50.0 50.0 50.0 50.0 50.0 50.0 50.0 50.0 50.0 50.0 50.0 50.0 50.0 50.0 50.0 50.0 50.0 50.0 50.0 50.0 50.0 50.0 50.0 50.0 50.0 50.0 50.0 50.0 50.0 50.0 50.0 50.0 50.0 50.0 50.0 50.0 50.0 50.0 50.0 50.0 50.0 50.0 50.0 50.0 50.0 50.0 50.0 50.0 50.0 50.0 50.0 50.0 50.0 50.0 50.0 50.0 50.0 50.0 50.0 50.0 50.0 50.0 50.0 50.0 50.0 50.0 50.0 50.0 50.0 50.0 50.0 50.0 50.0 50.0 50.0 50.0 50.0 50.0 50.0 50.0 50.0 50.0 50.0 50.0 50.0 50.0 50.0 50.0 50.0 50.0 50.0 50.0 50.0 50.0 50.0 50.0 50.0 50.0 50.0 50.0 50.0 50.0 50.0 50.0 50.0 50.0 50.0 50.0 50.0 50.0 50.0 50.0 50.0 50.0 50.0 50.0 50.0 50.0 50.0 50.0 50.0 50.0 50.0 50.0 50.0 50.0 50.0 50.0 50.0 50.0 50.0 50.0 50.0 50.0 50.0 50.0 50.0 50.0 50.0 50.0 50.0 50.0 50.0 50.0 50.0 50.0 50.0 50.0 50.0 50.0 50.0 50.0 50.0 50.0 50.0 50.0 50.0 50.0 50.0 50.0 50.0 50.0 50.0 50.0 50.0 50.0 50.0 50.0 50.0 50.0 50.0 50.0 50.0 50.0 50.0 50.0 50.0 50.0 50.0 50.0 50.0 50.0 50.0 50.0 50.0 50.0 50.0 50.0 
# name: reacPower
# type: matrix
# rows: 1
# columns: 354
 -0.414 -0.414 -0.414 -0.414 -0.414 -0.414 -0.414 -0.414 -0.414 -0.414 -0.414 -0.414 -0.414 -0.414 -0.414 -0.414 -0.414 -0.414 -0.414 -0.414 -0.414 -0.414 -0.414 -0.414 -0.414 -0.414 -0.517 -0.414 -0.517 -0.517 -0.414 -0.414 -0.517 -0.414 -0.517 -0.414 -0.414 -0.517 -0.517 -0.517 -0.414 -0.414 -0.414 -0.414 -0.414 -0.414 -0.414 -0.414 -0.414 -0.414 -0.414 -0.414 -0.414 -0.414 -0.414 -0.414 -0.414 -0.414 -0.414 -0.414 -0.414 -0.414 -0.414 -0.414 -0.414 -0.414 -0.414 -0.414 -0.414 -0.414 -0.414 -0.414 -0.414 -0.414 -0.414 -0.414 -0.414 -0.414 -0.414 -0.414 -0.414 -0.414 -0.414 -0.414 -0.414 -0.414 -0.414 -0.414 -0.414 -0.414 -0.414 -0.517 -0.517 -0.517 -0.517 -0.517 -0.517 -0.517 -0.517 -0.517 -0.517 -0.517 -0.517 -0.517 -0.517 -0.517 -0.517 -0.517 -0.517 -0.517 -0.517 -0.517 -0.517 -0.517 -0.517 -0.517 -0.517 -0.517 -0.517 -0.517 -0.517 -0.517 -0.517 -0.517 -0.517 -0.517 -0.517 -0.621 -0.621 -0.517 -0.517 -0.517 -0.517 -0.621 -0.517 -0.621 -0.517 -0.621 -0.517 -0.517 -0.517 -0.517 -0.517 -0.517 -0.517 -0.621 -0.517 -0.517 -0.517 -0.517 -0.517 -0.517 -0.517 -0.517 -0.517 -0.517 -0.621 -0.517 -0.517 -0.517 -0.621 -0.621 -0.517 -0.517 -0.517 -0.621 -0.517 -0.517 -0.517 -0.517 -0.517 -0.517 -0.517 -0.517 -0.517 -0.517 -0.517 -0.517 -0.517 0.0 0.0 0.0 0.0 0.0 0.0 0.0 0.0 0.0 0.0 0.0 0.0 0.0 0.0 0.0 0.0 -0.517 -0.517 -0.517 -0.517 -0.517 -0.517 -0.517 -0.517 -0.517 -0.517 -0.517 0.0 0.0 0.0 0.0 0.0 0.0 0.0 0.0 0.0 0.0 0.0 -0.517 -0.517 -0.517 -0.517 -0.517 -0.517 -0.517 -0.517 -0.517 -0.517 -0.517 -0.517 -0.517 -0.517 -0.517 -0.517 -0.517 -0.517 -0.517 -0.517 -0.517 -0.517 -0.517 -0.517 -0.517 -0.517 -0.517 -0.517 -0.517 -0.517 -0.517 -0.414 -0.517 -0.517 -0.517 -0.517 -0.517 -0.517 -0.517 -0.517 -0.517 -0.517 -0.517 -0.517 -0.517 -0.517 -0.517 -0.517 -0.517 -0.517 -0.517 -0.517 -0.517 -0.517 -0.517 -0.517 -0.621 -0.517 -0.517 -0.517 -0.517 -0.517 -0.517 -0.517 -0.517 -0.517 -0.517 -0.517 -0.517 -0.517 -0.517 -0.517 -0.517 -0.517 -0.517 -0.517 -0.517 -0.517 -0.517 -0.517 -0.517 -0.517 -0.517 -0.517 -0.517 -0.517 -0.517 -0.517 -0.517 -0.517 -0.517 -0.517 -0.517 0.0 0.0 0.0 0.0 0.0 0.0 0.0 0.0 0.0 0.0 0.0 0.0 0.0 0.0 0.0 0.0 0.0 0.0 0.0 0.0 0.0 0.0 0.0 0.0 0.0 0.0 0.0 0.0 0.0 0.0 0.0 0.0 0.0 0.0 0.0 0.0 0.0 0.0 0.0 0.0 0.0 0.0 0.0 0.0 
# name: power
# type: matrix
# rows: 1
# columns: 354
 5.693 5.693 5.797 5.693 5.693 5.797 5.797 5.797 5.797 5.693 5.797 5.693 5.693 5.693 5.797 5.693 5.797 5.797 5.797 5.797 5.797 5.797 5.797 5.797 5.797 5.797 5.797 5.797 5.797 5.797 5.797 5.797 5.797 5.797 5.797 5.797 5.797 5.797 5.797 5.797 5.797 5.797 5.797 5.797 5.797 5.797 5.797 5.797 5.797 5.797 5.797 5.797 5.797 5.797 5.797 5.797 5.797 5.797 5.797 5.797 5.797 5.797 5.797 5.797 5.797 5.797 5.797 5.797 5.797 5.797 5.9 5.797 5.797 5.797 5.797 5.9 5.9 5.9 5.9 5.9 5.9 5.9 5.9 5.9 5.9 5.9 5.9 5.9 5.9 5.9 5.9 5.9 5.9 5.9 5.9 5.9 5.9 5.9 5.9 5.9 5.9 5.9 5.9 5.9 5.9 5.9 5.9 5.9 5.9 5.9 5.9 5.9 5.9 5.9 5.9 5.9 5.9 6.107 6.107 6.107 6.107 6.107 6.107 6.107 6.107 6.107 6.107 6.107 6.107 6.107 6.107 6.107 6.107 6.107 6.107 6.107 6.107 6.107 6.107 6.107 6.107 6.211 6.107 6.211 6.211 6.211 6.107 6.211 6.211 6.211 6.211 6.211 6.211 6.211 6.211 6.211 6.211 6.211 6.211 6.211 6.211 6.211 6.211 6.211 6.211 6.211 6.211 6.211 6.211 6.211 6.211 6.211 6.211 6.211 6.211 6.211 6.211 6.211 6.211 0.0 0.0 0.0 0.0 0.0 0.0 0.0 0.0 0.0 0.0 0.0 0.0 0.0 0.0 0.0 0.0 6.107 6.004 6.107 6.107 6.107 6.107 6.107 6.107 6.107 6.107 6.107 0.0 0.0 0.0 0.0 0.0 0.0 0.0 0.0 0.0 0.0 0.0 6.107 6.004 6.004 6.004 6.004 6.004 6.004 6.004 6.004 6.004 6.004 6.107 6.004 6.004 6.004 6.004 6.004 6.004 6.004 6.107 6.107 6.107 6.107 6.107 6.107 6.107 6.107 6.107 6.107 6.107 6.107 6.107 6.107 6.107 6.107 6.107 6.107 6.107 6.107 6.107 6.107 6.107 6.107 6.107 6.107 6.107 6.107 6.107 6.107 6.107 6.107 6.107 6.107 6.107 6.107 6.107 6.107 6.107 6.107 6.107 6.107 6.107 6.107 6.107 6.107 6.107 6.107 6.107 6.107 6.107 6.107 6.107 6.107 6.107 6.107 6.107 6.107 6.107 6.107 6.107 6.107 6.107 6.107 6.107 6.107 6.107 6.107 6.107 6.107 6.107 6.107 6.107 6.211 0.0 0.0 0.0 0.0 0.0 0.0 0.0 0.0 0.0 0.0 0.0 0.0 0.0 0.0 0.0 0.0 0.0 0.0 0.0 0.0 0.0 0.0 0.0 0.0 0.0 0.0 0.0 0.0 0.0 0.0 0.0 0.0 0.0 0.0 0.0 0.0 0.0 0.0 0.0 0.0 0.0 0.0 0.0 0.0 
