# name: phAngle
# type: matrix
# rows: 1
# columns: 359
 90 90 90 90 90 90 90 90 90 90 90 90 90 90 90 90 90 90 90 90 90 90 90 90 90 90 90 90 90 90 90 90 90 90 90 90 90 90 90 90 90 90 90 90 90 90 90 90 90 90 90 90 90 90 90 90 90 90 90 90 90 90 90 90 90 90 45 45 45 53 53 53 53 53 53 53 53 45 45 45 45 45 90 90 90 90 90 90 90 90 90 90 90 90 90 90 90 90 90 90 90 90 90 90 90 90 90 90 90 90 90 90 90 90 90 90 90 90 90 90 90 90 90 90 90 90 90 90 90 90 90 90 90 90 90 90 90 90 90 90 90 90 90 90 90 90 90 90 90 90 90 90 90 90 90 90 90 90 90 90 90 45 45 45 45 45 45 45 45 45 45 45 45 45 45 45 45 45 45 45 45 45 45 45 45 45 45 90 90 90 90 90 90 90 90 90 90 90 90 90 90 90 90 90 90 90 90 90 90 90 90 90 90 90 90 90 90 90 90 90 90 90 90 90 90 90 90 90 90 90 90 90 90 90 90 90 90 90 90 90 90 90 90 90 90 90 90 90 90 90 90 90 90 90 90 90 90 90 90 90 90 90 90 90 90 90 90 90 90 90 90 90 90 63 56 56 56 56 56 63 63 63 63 90 90 90 90 90 90 90 90 90 90 90 90 90 90 90 90 90 90 90 45 90 90 90 90 90 90 90 90 90 90 90 90 90 90 90 90 90 90 90 90 90 90 90 90 90 90 90 90 90 90 90 90 90 90 90 90 90 90 90 90 90 90 90 90 90 90 90 90 90 90 90 90 90 90 90 90 
# name: freq
# type: matrix
# rows: 1
# columns: 359
 50.0 50.0 50.0 50.0 50.0 50.0 50.0 50.0 50.0 50.0 50.0 50.0 50.0 50.0 50.0 50.0 50.0 50.0 50.0 50.0 50.0 50.0 50.0 50.0 50.0 50.0 50.0 50.0 50.0 50.0 50.0 50.0 50.0 50.0 50.0 50.0 50.0 50.0 50.0 50.0 50.0 50.0 50.0 50.0 50.0 50.0 50.0 50.0 50.0 50.0 50.0 50.0 50.0 50.0 50.0 50.0 50.0 50.0 50.0 50.0 50.0 50.0 50.0 50.0 50.0 50.0 50.0 50.0 50.0 50.0 50.0 50.0 50.0 50.0 50.0 50.0 50.0 50.0 50.0 50.0 50.0 50.0 50.0 50.0 50.0 50.0 50.0 50.0 50.0 50.0 50.0 50.0 49.9 50.0 49.9 49.9 49.9 49.9 49.9 49.9 49.9 49.9 49.9 49.9 49.9 49.9 49.9 49.9 49.9 49.9 49.9 49.9 49.9 50.0 49.9 49.9 49.9 49.9 49.9 49.9 49.9 49.9 50.0 49.9 49.9 50.0 50.0 50.0 49.9 50.0 50.0 50.0 50.0 50.0 50.0 50.0 50.0 50.0 49.9 50.0 50.0 50.0 50.0 50.0 50.0 50.0 50.0 50.0 50.0 50.0 50.0 50.0 50.0 50.0 50.0 50.0 50.0 49.9 50.0 50.0 50.0 50.0 50.0 50.0 50.0 50.0 50.0 50.0 50.0 50.0 50.0 50.0 50.0 50.0 50.0 50.0 50.0 49.9 50.0 50.0 50.0 50.0 50.0 49.9 50.0 50.0 50.0 50.0 50.0 50.0 50.0 50.0 50.0 50.0 50.0 50.0 50.0 50.0 50.0 50.0 50.0 50.0 50.0 50.0 50.0 50.0 50.0 50.0 50.0 50.0 50.0 50.0 50.0 50.0 50.0 50.0 50.0 50.0 50.0 50.0 50.0 50.0 50.0 50.0 50.0 50.0 50.0 50.0 50.0 50.0 50.0 50.0 50.0 50.0 50.0 50.0 50.0 50.0 50.0 50.0 50.0 50.0 50.0 50.0 50.0 50.0 50.0 50.0 50.0 50.0 50.0 50.0 50.0 50.0 50.0 50.0 50.0 50.0 50.0 50.0 50.0 50.0 50.0 50.0 50.0 50.0 50.0 50.0 50.0 50.0 50.0 50.0 50.0 50.0 50.0 50.0 50.0 50.0 50.0 50.0 50.0 49.9 49.9 49.9 49.9 50.0 50.0 50.0 50.0 50.0 50.0 50.0 50.0 50.0 50.0 50.0 50.0 50.0 50.0 50.0 50.0 50.0 50.0 50.0 50.0 50.0 50.0 50.0 50.0 50.0 50.0 50.0 50.0 50.0 50.0 50.0 50.0 50.0 50.0 50.0 50.0 50.0 50.0 50.0 50.0 50.0 50.0 50.0 50.0 50.0 50.0 50.0 50.0 50.0 50.0 50.0 50.0 50.0 50.0 50.0 50.0 50.0 50.0 50.0 50.0 50.0 50.0 50.0 50.0 50.0 50.0 50.0 50.0 50.0 50.0 50.0 50.0 50.0 50.0 
# name: reacPower
# type: matrix
# rows: 1
# columns: 359
 9.367 9.471 9.575 9.575 9.575 9.575 9.575 9.575 9.575 9.575 9.679 9.575 9.575 9.575 9.575 9.575 9.575 9.575 9.575 9.575 9.575 9.575 9.575 9.679 9.679 9.679 9.679 9.679 9.679 9.679 9.679 9.679 9.679 9.679 9.679 9.783 9.679 9.679 9.783 9.783 9.783 9.783 9.783 9.783 9.783 9.783 9.783 9.783 9.679 9.783 9.679 9.783 9.783 9.783 9.679 9.679 9.679 9.679 9.679 9.679 9.679 9.783 9.679 9.887 9.783 9.887 7.493 7.701 7.91 7.91 8.014 8.014 8.014 7.91 8.014 8.014 8.014 7.181 7.181 7.181 7.181 7.077 8.95 8.95 8.95 8.846 8.95 8.846 8.846 8.846 8.846 8.846 8.846 8.846 8.846 8.742 8.742 8.742 8.742 8.638 8.638 8.638 8.742 8.742 8.742 9.679 9.679 9.679 9.783 9.783 9.783 9.887 9.887 9.887 9.887 9.887 9.991 9.991 9.991 9.991 9.991 9.991 9.991 9.991 9.887 9.887 9.887 9.887 9.887 9.783 9.679 9.783 9.159 9.575 9.575 9.783 9.575 9.679 9.679 9.679 9.783 9.783 9.575 9.679 9.783 9.783 9.783 9.783 9.783 9.783 9.783 9.783 9.783 9.679 9.679 9.679 9.679 9.679 9.575 9.679 9.679 7.285 7.493 7.805 6.973 7.077 6.973 6.973 6.973 6.973 6.973 6.973 6.973 6.557 6.869 7.077 7.077 7.077 7.077 6.973 7.077 7.077 7.077 6.973 7.077 7.077 7.077 8.846 9.783 9.783 9.783 9.783 9.783 9.679 9.783 9.783 9.783 9.783 9.783 9.783 9.679 9.679 9.679 9.783 9.679 9.679 9.679 9.679 9.679 9.679 9.679 9.679 9.679 9.679 9.679 9.679 9.679 9.679 9.679 9.679 9.783 9.783 9.783 9.783 9.783 9.783 9.783 9.887 9.783 9.887 9.887 9.887 9.887 9.783 9.783 9.783 9.783 9.783 9.783 9.887 9.887 9.887 9.887 9.783 9.783 9.783 9.783 9.783 9.783 9.783 9.679 9.679 9.679 9.679 9.679 9.679 9.263 9.367 9.263 9.367 9.367 9.367 9.367 9.367 9.367 9.263 9.367 9.367 9.367 9.367 9.367 9.367 9.263 8.222 7.493 7.493 7.493 7.493 7.597 8.326 8.43 8.326 8.326 9.471 9.471 9.471 9.471 9.471 9.367 9.367 9.471 9.471 9.471 9.471 9.471 9.471 9.471 9.471 9.471 9.471 9.471 9.471 7.181 9.471 9.471 9.471 9.471 9.471 9.471 9.471 9.367 9.471 9.471 9.471 9.471 9.471 9.471 9.471 9.471 9.471 9.471 9.471 9.471 9.471 9.471 9.471 9.471 9.471 9.575 9.471 9.471 9.471 9.471 9.471 9.471 9.471 9.471 9.471 9.471 9.471 9.471 9.471 9.471 9.471 9.471 9.471 9.575 9.471 9.471 9.575 9.575 9.575 9.575 9.575 9.575 9.575 9.575 9.575 9.471 
# name: power
# type: matrix
# rows: 1
# columns: 359
 1.665 1.665 1.769 1.769 1.769 1.769 1.769 1.769 1.769 1.769 1.769 1.769 1.769 1.769 1.769 1.769 1.769 1.769 1.769 1.769 1.769 1.769 1.769 1.769 1.769 1.769 1.769 1.769 1.769 1.769 1.769 1.769 1.769 1.769 1.769 1.769 1.769 1.769 1.769 1.769 1.769 1.769 1.769 1.769 1.769 1.769 1.769 1.769 1.769 1.769 1.769 1.769 1.769 1.769 1.769 1.769 1.769 1.769 1.769 1.769 1.769 1.769 1.769 1.769 1.769 1.769 7.285 6.869 6.661 6.557 6.452 6.452 6.348 6.452 6.348 6.348 6.452 6.244 6.244 6.244 6.244 6.348 1.665 1.665 1.561 1.665 1.665 1.665 1.665 1.561 1.561 1.665 1.665 1.561 1.561 1.561 1.561 1.561 1.561 1.561 1.561 1.561 1.561 1.561 1.561 1.769 1.769 1.769 1.769 1.769 1.769 1.769 1.769 1.873 1.769 1.873 1.873 1.873 1.873 1.769 1.873 1.873 1.769 1.873 1.873 1.873 1.769 1.769 1.769 1.769 1.769 1.769 1.665 1.769 1.769 1.769 1.769 1.769 1.769 1.769 1.769 1.769 1.769 1.769 1.769 1.769 1.769 1.769 1.769 1.769 1.769 1.769 1.769 1.769 1.769 1.769 1.769 1.769 1.769 1.769 1.769 7.285 6.869 6.557 6.244 6.244 6.14 6.14 6.244 6.14 6.14 6.14 6.244 6.036 6.036 6.036 6.036 6.036 6.036 6.036 6.036 6.036 6.036 6.036 6.14 6.14 6.14 1.561 1.769 1.769 1.769 1.769 1.769 1.769 1.769 1.769 1.769 1.769 1.769 1.769 1.769 1.769 1.769 1.769 1.769 1.769 1.769 1.769 1.769 1.769 1.769 1.769 1.769 1.769 1.769 1.769 1.769 1.769 1.769 1.769 1.769 1.769 1.769 1.769 1.769 1.769 1.769 1.769 1.769 1.769 1.873 1.769 1.873 1.769 1.769 1.769 1.769 1.769 1.769 1.769 1.873 1.873 1.769 1.769 1.769 1.769 1.769 1.769 1.769 1.769 1.769 1.769 1.769 1.769 1.769 1.769 1.665 1.665 1.665 1.769 1.769 1.769 1.769 1.665 1.769 1.665 1.769 1.665 1.665 1.665 1.769 1.665 1.665 4.683 4.371 4.267 4.267 4.371 4.371 4.579 4.475 4.683 4.579 1.769 1.769 1.769 1.769 1.769 1.665 1.769 1.769 1.769 1.769 1.769 1.769 1.769 1.769 1.769 1.769 1.769 1.769 1.769 7.181 1.769 1.769 1.769 1.769 1.769 1.769 1.665 1.769 1.769 1.769 1.769 1.769 1.769 1.769 1.769 1.769 1.769 1.769 1.769 1.769 1.769 1.769 1.769 1.769 1.769 1.769 1.769 1.769 1.769 1.769 1.769 1.769 1.769 1.769 1.769 1.769 1.769 1.769 1.769 1.769 1.769 1.769 1.769 1.769 1.769 1.769 1.769 1.769 1.769 1.769 1.769 1.769 1.769 1.769 1.769 1.769 
