# name: phAngle
# type: matrix
# rows: 1
# columns: 359
 0 0 0 0 0 0 0 0 0 0 0 0 0 0 0 0 0 0 0 0 0 0 0 0 0 0 0 0 0 0 0 0 0 0 0 0 0 0 0 0 0 0 0 0 0 0 0 0 0 0 0 0 0 0 0 0 0 0 0 0 0 0 0 0 0 0 0 0 0 0 0 0 0 0 0 0 0 0 0 0 0 0 0 0 0 0 0 0 0 0 0 0 0 0 0 0 0 0 0 0 0 0 0 0 0 0 0 0 0 0 0 0 0 0 0 0 0 0 0 0 0 0 0 0 0 0 0 0 0 0 0 0 0 0 0 0 0 0 0 0 0 0 0 0 0 0 0 0 0 0 0 0 0 0 0 0 0 0 0 0 0 0 0 0 0 0 0 0 0 0 0 0 0 0 0 0 0 0 0 0 0 0 0 0 0 0 0 0 0 0 0 0 0 0 0 0 0 0 0 0 0 0 0 0 0 0 0 0 0 0 0 0 0 0 0 0 0 0 0 0 0 0 0 0 0 0 0 0 0 0 0 0 0 0 0 0 0 0 0 0 0 0 0 0 0 0 0 0 0 0 0 0 0 0 0 0 0 0 0 0 0 0 0 0 0 0 0 0 0 0 0 0 0 0 0 0 0 0 0 0 0 0 0 0 0 0 0 0 0 0 0 0 0 0 0 0 0 0 0 0 0 0 0 0 0 0 0 0 0 0 0 0 0 0 0 0 0 0 0 0 0 0 0 0 0 0 0 0 0 0 0 0 0 0 0 0 0 0 0 0 0 0 0 0 0 0 0 0 0 0 0 0 0 0 0 0 0 0 0 
# name: freq
# type: matrix
# rows: 1
# columns: 359
 50.0 50.0 50.0 50.0 50.0 50.0 50.0 50.0 50.0 50.0 50.0 50.0 50.0 50.0 50.0 50.0 50.0 50.0 50.0 50.0 50.0 50.0 50.0 50.0 50.0 50.0 50.0 50.0 50.0 50.0 50.0 50.0 50.0 50.0 50.0 50.0 50.0 50.0 50.0 50.0 50.0 50.0 50.0 50.0 50.0 50.0 50.0 50.0 50.0 50.0 50.0 50.0 50.0 50.0 50.0 50.0 50.0 50.0 50.0 50.0 50.0 50.0 50.0 50.0 50.0 50.0 50.0 50.0 50.0 50.0 50.0 50.0 50.0 50.0 49.9 50.0 50.0 49.9 50.0 50.0 50.0 50.0 50.0 50.0 50.0 50.0 50.0 50.0 50.0 50.0 50.0 50.0 50.0 50.0 50.0 50.0 50.0 50.0 49.9 50.0 50.0 50.0 49.9 50.0 50.0 50.0 50.0 49.9 50.0 50.0 50.0 50.0 50.0 50.0 50.0 50.0 50.0 50.0 50.0 50.0 50.0 50.0 50.0 50.0 50.0 50.0 50.0 50.0 50.0 50.0 50.0 50.0 50.0 50.0 50.0 50.0 50.0 50.0 50.0 50.0 50.0 50.0 50.0 50.0 49.9 50.0 50.0 50.0 50.0 50.0 50.0 50.0 50.0 50.0 50.0 50.0 50.0 50.0 50.0 50.0 50.0 50.0 50.0 50.0 50.0 50.0 50.0 50.0 50.0 50.0 50.0 50.0 50.0 50.0 49.9 49.9 49.9 50.0 49.9 49.9 49.9 50.0 50.0 50.0 50.0 50.0 50.0 50.0 50.0 50.0 50.0 50.0 50.0 50.0 50.0 50.0 50.0 50.0 50.0 50.0 50.0 50.0 50.0 50.0 50.0 50.0 50.0 50.0 50.0 50.0 50.0 50.0 50.0 50.0 50.0 50.0 50.0 50.0 50.0 50.0 50.0 50.0 50.0 50.0 50.0 50.0 50.0 50.0 50.0 50.0 50.0 50.0 50.0 50.0 50.0 50.0 50.0 50.0 50.0 50.0 50.0 50.0 50.0 50.0 50.0 50.0 50.0 50.0 50.0 50.0 50.0 50.0 50.0 50.0 50.0 50.0 50.0 50.0 50.0 50.0 50.0 50.0 50.0 50.0 50.0 50.0 50.0 50.0 50.0 50.0 50.0 50.0 50.0 50.0 50.0 50.0 50.0 50.0 50.0 50.0 50.0 50.0 50.0 50.0 50.0 50.0 50.0 50.0 50.0 50.0 50.0 50.0 50.0 50.0 50.0 50.0 50.0 50.0 50.0 50.0 50.0 50.0 50.0 50.0 50.0 50.0 50.0 50.0 50.0 50.0 50.0 50.0 50.1 50.1 50.0 50.0 50.0 50.0 50.0 50.0 50.0 50.1 50.0 50.0 50.0 50.0 50.0 50.0 50.0 50.0 50.0 50.0 50.0 50.0 50.0 50.0 50.0 50.0 50.0 50.0 50.0 50.0 50.0 50.0 50.0 50.0 50.0 50.0 50.0 50.0 50.0 50.0 50.0 50.0 50.0 50.0 50.0 50.0 50.0 
# name: reacPower
# type: matrix
# rows: 1
# columns: 359
 0.0 0.0 0.0 0.0 0.0 0.0 0.0 0.0 -0.832 -0.832 -0.832 -0.832 -0.936 -0.728 -0.832 -0.728 -0.728 -0.728 -0.624 -0.728 -0.728 -0.728 -0.728 -0.624 -0.624 -0.728 -0.728 -0.624 -0.728 -0.416 -0.416 -0.416 -0.416 -0.416 -0.312 -0.416 -0.52 -0.52 -0.416 -0.52 -0.416 -0.416 -0.416 -0.416 -0.416 -0.416 -0.416 -0.416 -0.416 -0.416 -0.416 -0.416 -0.52 -0.416 -0.416 -0.416 -0.416 -0.52 -0.52 -0.416 -0.52 -0.416 -0.416 -0.416 -0.416 -0.416 -0.416 -0.416 -0.416 -0.416 -0.312 -0.416 -0.416 -0.416 -0.416 -0.416 -0.416 -0.416 -0.416 -0.416 -0.416 -0.416 -0.416 -0.416 -0.52 -0.416 -0.416 -0.416 -0.416 -0.416 -0.416 -0.416 -0.416 -0.416 -0.416 -0.416 -0.416 -0.416 -0.416 -0.416 -0.416 -0.416 -0.416 -0.416 -0.416 -0.416 -0.416 -0.416 -0.416 -0.416 -0.416 -0.416 -0.416 -0.416 -0.416 -0.416 -0.416 -0.416 -0.416 -0.416 -0.416 -0.416 -0.416 -0.416 -0.416 -0.416 -0.416 -0.416 -0.416 -0.52 -0.416 -0.416 -0.416 -0.416 -0.416 -0.416 -0.416 -0.416 -0.416 -0.416 -0.416 -0.416 -0.416 -0.416 -0.416 -0.52 -0.416 -0.416 -0.416 -0.416 -0.416 -0.416 -0.416 -0.416 -0.416 -0.416 -0.416 -0.416 -0.416 -0.416 -0.416 -0.416 -0.416 -0.416 -0.312 -0.312 -0.312 -0.312 -0.416 -0.312 -0.312 -0.312 -0.312 -0.416 -0.416 -0.416 -0.312 -0.312 -0.312 -0.312 -0.312 -0.416 -0.416 -0.312 -0.312 -0.312 -0.312 -0.312 -0.312 -0.312 -0.312 -0.312 -0.312 -0.312 -0.312 -0.312 -0.312 -0.312 -0.312 -0.312 -0.312 -0.312 -0.312 -0.312 -0.312 -0.312 -0.312 -0.312 -0.312 -0.312 -0.312 -0.312 -0.416 -0.312 -0.416 -0.416 -0.312 -0.312 -0.312 -0.312 -0.312 -0.312 -0.312 -0.312 -0.312 -0.312 -0.312 -0.312 -0.416 -0.312 -0.312 -0.312 -0.312 -0.312 -0.312 -0.416 -0.312 -0.312 -0.312 -0.312 -0.312 -0.312 -0.312 -0.312 -0.312 -0.208 -0.312 -0.312 -0.208 -0.312 -0.312 -0.312 -0.312 -0.312 -0.312 -0.312 -0.312 -0.312 -0.312 -0.312 -0.312 -0.312 -0.312 -0.312 -0.312 -0.312 -0.312 -0.312 -0.312 -0.312 -0.312 -0.312 -0.312 -0.312 -0.312 -0.312 -0.312 -0.312 -0.312 -0.312 -0.312 -0.416 -0.312 -0.312 -0.312 -0.312 -0.312 -0.312 -0.312 -0.312 -0.312 -0.312 -0.312 -0.312 -0.312 -0.312 -0.312 -0.312 -0.312 -0.312 -0.312 -0.416 -0.312 -0.312 -0.312 -0.312 -0.312 -0.312 -0.312 -0.312 -0.312 -0.312 -0.312 -0.312 -0.312 -0.312 -0.312 -0.312 -0.312 -0.312 -0.312 -0.312 -0.312 -0.312 -0.312 -0.312 -0.312 -0.312 -0.312 -0.312 -0.312 -0.312 -0.312 -0.312 -0.312 -0.312 -0.312 -0.312 -0.312 -0.312 -0.312 -0.312 -0.312 -0.312 -0.312 -0.312 -0.312 -0.312 -0.312 -0.312 -0.312 -0.312 -0.312 -0.312 -0.312 -0.312 -0.312 -0.312 -0.312 
# name: power
# type: matrix
# rows: 1
# columns: 359
 0.0 0.0 0.0 0.0 0.0 0.0 0.0 0.0 5.724 5.62 5.516 5.412 5.62 5.203 5.308 5.308 5.308 5.203 5.099 5.099 5.099 5.099 5.099 4.995 4.995 4.995 4.995 4.995 4.995 3.955 3.955 3.955 3.955 3.955 3.955 3.955 3.955 3.955 3.955 3.955 3.955 3.955 3.955 3.955 3.955 3.955 3.955 3.955 3.955 3.955 3.955 3.955 3.955 3.955 3.955 3.955 3.955 3.955 3.955 3.955 3.955 3.955 3.955 3.955 3.955 3.955 3.955 3.955 3.85 3.955 3.955 3.85 3.85 3.85 3.85 3.85 3.85 3.85 3.85 3.85 3.85 3.85 3.85 3.85 3.85 3.85 3.85 3.85 3.85 3.85 3.85 3.85 3.85 3.85 3.85 3.85 3.85 3.85 3.85 3.85 3.85 3.85 3.85 3.85 3.85 3.85 3.85 3.746 3.85 3.85 3.85 3.746 3.746 3.746 3.746 3.746 3.746 3.746 3.746 3.746 3.746 3.746 3.746 3.746 3.746 3.746 3.746 3.746 3.746 3.746 3.746 3.746 3.746 3.746 3.746 3.746 3.746 3.746 3.746 3.746 3.746 3.746 3.642 3.746 3.746 3.746 3.746 3.746 3.746 3.746 3.746 3.642 3.642 3.642 3.642 3.746 3.642 3.642 3.642 3.642 3.642 3.642 3.642 3.642 3.642 3.642 3.642 3.642 3.642 3.642 3.642 3.642 3.642 3.642 3.642 3.642 3.642 3.642 3.642 3.642 3.642 3.642 3.642 3.642 3.642 3.642 3.642 3.642 3.642 3.642 3.642 3.642 3.642 3.642 3.642 3.642 3.538 3.642 3.642 3.642 3.538 3.642 3.538 3.538 3.538 3.538 3.538 3.538 3.538 3.538 3.538 3.538 3.538 3.538 3.538 3.538 3.538 3.538 3.538 3.538 3.538 3.538 3.538 3.538 3.538 3.538 3.538 3.538 3.538 3.538 3.538 3.538 3.538 3.538 3.538 3.538 3.538 3.538 3.538 3.538 3.538 3.538 3.538 3.538 3.538 3.538 3.538 3.538 3.538 3.538 3.538 3.538 3.538 3.538 3.434 3.538 3.538 3.538 3.538 3.538 3.538 3.538 3.538 3.434 3.538 3.434 3.434 3.434 3.538 3.434 3.434 3.434 3.434 3.434 3.434 3.434 3.434 3.434 3.434 3.434 3.434 3.434 3.434 3.434 3.434 3.434 3.434 3.434 3.434 3.434 3.434 3.434 3.434 3.434 3.434 3.434 3.434 3.434 3.434 3.434 3.434 3.434 3.434 3.434 3.434 3.434 3.434 3.434 3.434 3.434 3.434 3.434 3.434 3.434 3.434 3.434 3.434 3.434 3.434 3.434 3.434 3.434 3.434 3.434 3.434 3.434 3.434 3.434 3.434 3.434 3.434 3.434 3.434 3.434 3.434 3.434 3.434 3.434 3.434 3.434 3.434 3.434 3.434 3.434 3.434 3.434 3.434 3.434 3.434 3.434 3.434 3.434 3.434 3.434 3.434 3.434 3.434 3.33 3.33 
