# name: phAngle
# type: matrix
# rows: 1
# columns: 358
 0 0 0 0 0 0 0 0 10 358 0 0 0 0 0 0 0 0 0 0 0 0 0 0 0 0 0 0 0 0 0 0 0 0 0 0 0 0 0 0 0 0 0 0 0 0 0 0 0 0 0 0 0 0 0 0 0 0 0 0 0 0 0 0 0 9 0 0 0 0 0 0 0 0 0 0 0 0 0 0 0 0 0 0 0 0 0 0 0 0 0 0 0 0 0 0 0 0 0 0 0 0 0 0 0 0 0 0 0 0 0 0 0 0 0 0 0 0 0 0 0 0 0 0 0 0 0 0 0 0 0 0 0 0 0 0 0 0 0 0 0 0 0 0 0 0 0 0 0 0 0 0 0 0 0 0 0 0 0 0 0 0 0 0 0 0 0 0 0 0 0 0 0 0 0 3 3 2 3 3 3 3 3 3 3 3 3 3 3 3 2 3 3 3 3 3 3 4 3 3 3 4 4 4 4 4 4 4 4 4 4 5 4 4 4 3 4 5 4 5 5 5 5 4 5 5 5 5 5 5 4 4 6 6 5 5 5 6 5 6 0 0 5 5 5 5 6 6 6 5 6 6 6 7 7 6 6 6 6 7 6 7 7 7 7 7 6 6 7 5 6 6 6 5 6 7 6 6 6 7 7 7 7 7 8 7 6 6 7 7 8 8 7 7 6 7 8 7 7 7 7 8 7 7 7 8 7 8 7 7 8 8 8 8 7 8 8 8 8 8 8 7 8 9 8 8 8 7 8 8 8 8 7 8 9 9 8 8 8 8 9 8 8 8 8 9 8 8 8 9 7 9 8 8 8 9 8 10 
# name: freq
# type: matrix
# rows: 1
# columns: 358
 50.0 50.0 50.0 50.0 50.0 50.0 50.0 50.0 50.0 50.0 50.0 50.0 50.0 50.0 50.0 50.0 50.0 50.0 50.0 50.0 50.0 50.0 50.0 50.0 50.0 50.0 50.0 50.0 50.0 50.0 50.0 50.0 50.0 50.0 50.0 50.0 50.0 50.0 50.0 50.0 50.0 50.0 50.0 50.0 50.0 50.0 50.0 50.0 50.0 50.0 50.0 50.0 50.0 50.0 50.0 50.0 50.0 50.0 50.0 50.0 50.0 50.0 50.0 50.0 50.0 50.0 50.0 50.0 50.0 50.0 50.0 50.0 50.0 50.0 50.0 50.0 50.0 50.0 50.0 50.0 50.0 50.0 50.0 50.0 50.0 50.0 50.0 50.0 50.0 50.0 50.0 50.0 50.0 50.0 50.0 50.0 50.0 50.0 50.0 50.0 50.0 50.0 50.0 50.0 50.0 50.0 50.0 50.0 50.0 50.0 50.0 50.0 50.0 50.0 50.0 50.0 50.0 50.0 50.0 50.0 50.0 50.0 50.0 50.0 50.0 50.0 50.0 50.0 50.0 50.0 50.0 50.0 50.0 50.0 50.0 50.0 50.0 50.0 50.0 50.0 50.0 50.0 50.0 50.0 50.0 50.0 50.0 50.0 50.0 50.0 50.0 50.0 50.0 50.0 50.0 50.0 50.0 50.0 50.0 50.0 50.0 50.0 50.0 50.0 50.0 50.0 50.0 50.0 50.0 50.0 50.0 50.0 50.0 50.0 50.0 50.0 50.0 50.0 50.0 50.0 50.0 50.0 50.0 50.0 50.0 50.0 50.0 50.0 50.0 50.0 50.0 50.0 50.0 50.0 50.0 50.0 50.0 50.0 50.0 50.0 50.0 50.0 50.0 50.0 50.0 50.0 50.0 50.0 50.0 50.0 50.0 50.0 50.0 50.0 50.0 50.0 50.0 50.0 50.0 50.0 50.0 50.0 50.0 50.0 50.0 50.0 50.0 50.0 50.0 50.0 50.0 50.0 50.0 50.0 50.0 50.0 50.0 50.0 50.0 50.0 50.0 50.0 50.0 50.0 50.0 50.0 50.0 50.0 50.0 50.0 50.0 50.0 50.0 50.0 50.0 50.0 50.0 50.0 50.0 50.0 50.0 50.0 50.0 50.0 50.0 50.0 50.0 50.0 50.0 50.0 50.0 50.0 50.0 50.0 50.0 50.0 50.0 50.0 50.0 50.0 50.0 50.0 50.0 50.0 50.0 50.0 50.0 50.0 50.0 50.0 50.0 50.0 50.0 50.0 50.0 50.0 50.0 50.0 50.0 50.0 50.0 50.0 50.0 50.0 50.0 50.0 50.0 50.0 50.0 50.0 50.0 50.0 50.0 50.0 50.0 50.0 50.0 50.0 50.0 50.0 50.0 50.0 50.0 50.0 50.0 50.0 50.0 50.0 50.0 50.0 50.0 50.0 50.0 50.0 50.0 50.0 50.0 50.0 50.0 50.0 50.0 50.0 50.0 50.0 50.0 50.0 50.0 50.0 50.0 50.0 50.0 50.0 50.0 50.0 50.0 50.0 50.0 50.0 
# name: reacPower
# type: matrix
# rows: 1
# columns: 358
 0.0 0.0 0.0 0.0 0.0 0.0 0.0 0.0 0.104 0.0 -0.208 -0.624 -0.624 -0.728 -0.624 -0.624 -0.624 -0.624 -0.624 -0.728 -0.728 -0.728 -0.728 -0.728 -0.624 -0.624 -0.624 -0.624 -0.624 -0.624 -0.624 -0.624 -0.624 -0.624 -0.624 -0.52 -0.52 -0.52 -0.52 -0.52 -0.52 -0.52 -0.52 -0.52 -0.416 -0.416 -0.416 -0.416 -0.416 -0.416 -0.416 -0.416 -0.416 -0.312 -0.312 -0.312 -0.312 -0.312 -0.312 -0.312 -0.312 -0.312 -0.312 -0.312 0.0 0.0 -0.208 -0.52 -0.416 -0.312 -0.312 -0.312 -0.312 -0.312 -0.208 -0.208 -0.208 -0.208 -0.208 -0.208 -0.208 -0.208 -0.208 -0.208 -0.208 -0.208 -0.104 -0.208 -0.104 -0.104 -0.104 -0.104 -0.104 -0.104 -0.104 -0.104 -0.104 -0.104 -0.104 -0.104 -0.104 0.0 -0.104 -0.104 0.0 0.0 0.0 0.0 0.0 0.0 0.0 0.0 0.0 0.0 0.0 0.0 0.0 0.0 0.0 0.0 0.0 0.0 0.0 0.0 0.0 0.0 0.0 0.0 0.0 0.0 0.0 0.0 0.0 0.0 0.0 0.0 0.0 0.0 0.0 0.0 0.0 0.0 0.0 0.0 0.0 0.0 0.0 0.0 0.0 0.0 0.0 0.0 0.0 0.0 0.0 0.0 0.0 0.0 0.0 0.0 0.0 0.0 0.0 0.0 0.0 0.0 0.0 0.0 0.0 0.0 0.0 0.0 0.0 0.104 0.0 0.0 0.0 0.0 0.0 0.0 0.0 0.104 0.0 0.0 0.0 0.0 0.0 0.104 0.104 0.0 0.0 0.0 0.104 0.104 0.104 0.0 0.0 0.104 0.104 0.0 0.104 0.104 0.104 0.104 0.104 0.104 0.104 0.104 0.104 0.104 0.104 0.104 0.104 0.104 0.104 0.0 0.104 0.104 0.104 0.104 0.104 0.104 0.104 0.104 0.104 0.104 0.104 0.104 0.104 0.104 0.104 0.104 0.104 0.104 0.104 0.104 0.104 0.104 0.104 0.104 0.0 0.0 0.104 0.104 0.104 0.104 0.104 0.104 0.104 0.104 0.104 0.104 0.104 0.104 0.104 0.104 0.104 0.104 0.104 0.104 0.104 0.104 0.104 0.104 0.104 0.104 0.104 0.104 0.104 0.104 0.104 0.104 0.104 0.0 0.0 0.104 0.104 0.104 0.104 0.104 0.104 0.104 0.104 0.104 0.104 0.104 0.104 0.0 0.104 0.104 0.104 0.104 0.104 0.104 0.104 0.104 0.104 0.104 0.104 0.104 0.104 0.104 0.104 0.104 0.104 0.104 0.104 0.104 0.0 0.104 0.104 0.104 0.104 0.104 0.104 0.104 0.104 0.104 0.104 0.104 0.104 0.0 0.104 0.104 0.104 0.104 0.104 0.104 0.104 0.104 0.0 0.104 0.0 0.104 0.104 0.104 0.104 0.0 0.0 0.104 0.104 0.0 0.0 0.0 0.104 0.104 0.104 0.0 0.104 0.104 0.0 0.104 0.0 0.0 0.0 0.104 0.0 0.104 
# name: power
# type: matrix
# rows: 1
# columns: 358
 0.0 0.0 0.0 0.0 0.0 0.0 0.0 0.0 0.728 1.144 4.267 6.036 6.036 6.036 6.036 6.036 6.036 6.14 6.036 6.14 6.452 6.348 6.244 6.244 6.14 6.036 6.036 5.932 5.932 5.828 5.828 5.724 5.724 5.724 5.62 5.62 5.62 5.516 5.516 5.412 5.412 5.412 5.308 5.308 5.203 5.203 5.203 5.099 5.099 5.099 4.995 4.995 4.995 4.891 4.891 4.891 4.787 4.787 4.787 4.787 4.683 4.683 4.579 4.579 0.0 0.52 4.163 5.412 5.099 4.787 4.683 4.579 4.475 4.371 4.371 4.267 4.267 4.163 4.163 4.163 4.059 4.059 4.059 3.955 3.955 3.955 3.85 3.85 3.85 3.85 3.746 3.746 3.746 3.642 3.642 3.642 3.642 3.538 3.538 3.538 3.538 3.538 3.434 3.434 3.434 3.33 3.33 3.33 3.33 3.33 3.226 3.226 3.226 3.226 3.122 3.122 3.122 3.018 3.018 3.018 3.018 3.018 2.914 2.914 2.914 2.914 2.914 2.914 2.81 2.81 2.81 2.81 2.706 2.706 2.706 2.706 2.706 2.601 2.601 2.601 2.601 2.497 2.497 2.497 2.497 2.497 2.497 2.393 2.393 2.393 2.393 2.393 2.289 2.289 2.289 2.289 2.289 2.185 2.185 2.185 2.185 2.185 2.081 2.081 2.081 2.081 2.081 2.081 1.977 1.977 1.977 1.977 1.977 1.977 1.977 1.873 1.873 1.873 1.873 1.873 1.873 1.873 1.873 1.873 1.769 1.769 1.769 1.769 1.769 1.769 1.769 1.665 1.665 1.665 1.665 1.665 1.665 1.665 1.561 1.561 1.561 1.561 1.561 1.561 1.561 1.561 1.561 1.561 1.561 1.457 1.457 1.457 1.457 1.457 1.457 1.457 1.457 1.457 1.353 1.353 1.353 1.353 1.353 1.353 1.353 1.353 1.353 1.353 1.353 1.353 1.353 1.248 1.248 1.248 1.248 1.248 1.248 1.248 1.248 1.248 0.0 2.706 1.248 1.248 1.248 1.248 1.144 1.144 1.144 1.144 1.144 1.144 1.144 1.144 1.144 1.04 1.04 1.04 1.04 1.04 1.04 1.04 1.04 1.04 1.04 1.04 1.04 1.04 1.04 1.04 0.936 0.936 0.936 0.936 0.936 0.936 0.936 0.936 0.936 0.936 0.936 0.936 0.936 0.936 0.936 0.936 0.936 0.832 0.936 0.832 0.832 0.832 0.832 0.832 0.936 0.936 0.832 0.832 0.832 0.832 0.832 0.832 0.832 0.832 0.832 0.832 0.832 0.832 0.832 0.832 0.832 0.832 0.832 0.832 0.728 0.728 0.728 0.728 0.728 0.728 0.728 0.728 0.728 0.728 0.728 0.728 0.728 0.728 0.728 0.728 0.728 0.728 0.728 0.728 0.624 0.624 0.728 0.728 0.624 0.624 0.624 0.624 0.624 0.624 0.624 0.624 0.624 0.624 0.624 0.624 0.624 0.624 0.624 0.624 0.624 0.624 0.624 0.624 
