# name: phAngle
# type: matrix
# rows: 1
# columns: 360
 0 0 0 0 0 0 0 0 0 0 0 0 0 0 0 0 0 0 0 0 0 0 0 0 0 0 0 0 0 0 0 0 0 0 0 0 0 0 0 0 0 0 0 0 0 0 0 0 0 0 0 0 0 0 0 0 0 0 0 0 0 0 0 0 0 0 0 0 0 0 0 0 0 0 0 0 0 0 0 0 0 0 0 0 0 0 0 0 0 0 0 0 0 0 0 0 0 0 0 0 0 0 0 0 0 0 0 0 0 0 0 0 0 0 0 0 0 0 0 0 0 0 0 0 0 0 0 0 0 0 0 0 0 0 0 0 0 0 0 0 0 0 0 0 0 0 0 0 0 0 0 0 0 0 0 0 0 0 0 0 0 0 0 0 0 0 0 0 0 0 0 0 0 0 0 0 0 0 0 0 0 0 0 0 0 0 0 0 0 0 0 0 0 0 0 0 0 0 0 0 0 0 0 0 0 0 0 0 0 0 0 0 0 0 0 0 0 0 0 0 0 0 0 0 0 0 0 0 0 0 0 0 0 0 0 0 0 0 0 0 0 0 0 0 0 0 0 0 0 0 0 0 0 0 0 0 0 0 0 0 0 0 0 0 0 0 0 0 0 0 0 0 0 0 0 0 0 0 0 0 0 0 0 0 0 0 0 0 0 0 0 0 0 0 0 0 0 0 0 0 0 0 0 0 0 0 0 0 0 0 0 0 0 0 0 0 0 0 0 0 0 0 0 0 0 0 0 0 0 0 0 0 0 0 0 0 0 0 0 0 0 0 0 0 0 0 0 0 0 0 0 0 0 0 0 0 0 0 0 0 
# name: freq
# type: matrix
# rows: 1
# columns: 360
 50.0 50.0 50.0 50.0 50.0 50.0 50.0 50.0 50.0 50.0 50.0 50.0 50.0 50.0 50.0 50.0 49.9 50.0 50.0 50.0 50.0 50.0 50.0 50.0 50.0 50.0 50.0 50.0 50.0 50.0 50.0 50.0 50.0 50.0 50.0 50.0 50.0 50.0 50.0 50.0 50.0 50.0 50.0 50.0 50.0 50.0 50.0 50.0 50.0 50.0 50.0 50.0 50.0 50.0 50.0 50.0 50.0 50.0 50.0 50.0 50.0 50.0 50.0 50.0 50.0 50.0 50.0 50.0 50.0 50.0 50.0 50.0 50.0 50.0 50.0 50.0 50.0 50.0 50.0 50.0 50.0 50.0 50.0 50.0 50.0 50.0 50.0 50.0 50.0 50.0 50.0 50.0 50.0 50.0 50.0 50.0 50.0 50.0 50.0 50.0 50.0 50.0 50.0 50.0 50.0 50.0 50.0 50.0 50.0 50.0 50.0 50.0 50.0 50.0 50.0 50.0 50.0 50.0 50.0 50.0 50.0 50.0 50.0 50.0 50.0 50.0 50.0 50.0 50.0 50.0 50.0 50.0 50.0 50.0 50.0 50.0 50.0 50.0 50.0 50.0 50.0 50.0 50.0 50.0 50.0 50.0 50.0 50.0 50.0 50.0 50.0 50.0 49.9 50.0 50.0 50.0 50.0 50.0 50.0 50.0 50.0 50.0 50.0 50.0 50.0 50.0 50.0 50.0 50.0 50.0 50.0 49.9 50.0 50.0 50.0 50.0 50.0 50.0 50.0 50.0 50.0 50.0 50.0 50.0 50.0 50.0 50.0 50.0 49.9 50.0 50.0 50.0 50.0 50.0 50.0 49.9 50.0 50.0 49.9 50.0 50.0 50.0 50.0 49.9 50.0 50.0 49.9 50.0 49.9 50.0 49.9 50.0 50.0 50.0 50.0 49.9 49.9 50.0 49.9 49.9 49.9 50.0 50.0 50.0 49.9 49.9 50.0 50.0 49.9 50.0 50.0 50.0 50.0 50.0 50.0 50.0 50.0 50.0 50.0 50.0 49.9 49.9 50.0 50.0 49.9 49.9 50.0 50.0 49.9 49.9 50.0 50.0 49.9 49.9 50.0 50.0 50.0 50.0 50.0 50.0 50.0 50.0 50.0 50.0 50.0 50.0 50.0 50.0 50.0 50.0 50.0 50.0 50.0 50.0 50.0 50.0 50.0 50.0 50.0 50.0 50.0 50.0 50.0 50.0 50.0 50.0 50.0 50.0 50.0 50.0 50.0 50.0 50.0 50.0 50.0 50.0 50.0 50.0 50.0 50.0 50.0 50.0 50.0 50.0 50.0 50.0 50.0 50.0 50.0 50.0 50.0 50.0 50.0 50.0 50.0 50.0 50.0 50.0 50.0 50.0 50.0 50.0 50.0 50.0 50.0 50.0 50.0 50.0 50.0 50.0 50.0 50.0 50.0 50.0 50.0 50.0 50.0 50.0 50.0 50.0 50.0 50.0 50.0 50.0 50.0 50.0 50.0 50.0 50.0 50.0 50.0 50.0 50.0 50.0 50.0 50.0 50.0 50.0 50.0 50.0 
# name: reacPower
# type: matrix
# rows: 1
# columns: 360
 -0.832 -0.936 -0.936 -0.832 -0.832 -0.832 -0.832 -0.832 -0.832 -0.832 -0.832 -0.832 -0.832 -0.832 -0.832 -0.832 -0.832 -0.832 -0.832 -0.832 -0.832 -0.832 -0.832 -0.832 -0.832 -0.832 -0.832 -0.832 -0.832 -0.832 -0.832 -0.832 -0.832 -0.936 -0.832 -0.832 -0.832 -0.832 -0.832 -0.832 -0.936 -0.832 -0.832 -0.936 -0.936 -0.936 -0.936 -0.936 -0.832 -0.832 -0.832 -0.832 -0.832 -0.832 -0.832 -0.936 -0.832 -0.832 -0.832 -0.832 -0.832 -0.832 -0.832 -0.832 -0.728 -0.728 -0.728 -0.728 -0.832 -0.728 -0.728 -0.728 -0.832 -0.728 -0.728 -0.728 -0.728 -0.728 -0.728 -0.728 -0.728 -0.832 -0.832 -0.832 -0.832 -0.936 -0.936 -0.832 -0.832 -0.832 -0.936 -0.832 -0.832 -0.728 -0.832 -0.832 -0.832 -0.832 -0.832 -0.936 -0.728 -0.728 -0.728 -0.832 -0.728 -0.728 -0.832 -0.832 -0.936 -0.832 -0.832 -0.832 -0.832 -0.728 -0.832 -0.832 -0.728 -0.832 -0.728 -0.832 -0.728 -0.728 -0.728 -0.728 -0.832 -0.728 -0.832 -0.728 -0.728 -0.832 -0.728 -0.728 -0.728 -0.832 -0.832 -0.832 -0.832 -0.832 -0.936 -0.832 -0.832 -0.728 -0.728 -0.728 -0.728 -0.728 -0.728 -0.728 -0.728 -0.728 -0.728 -0.728 -0.728 -0.728 -0.728 -0.728 -0.728 -0.728 -0.832 -0.728 -0.832 -0.832 -0.832 -0.832 -0.832 -0.728 -0.728 -0.728 -0.728 -0.728 -0.728 -0.728 -0.728 -0.728 -0.728 -0.728 -0.728 -0.728 -0.832 -0.936 -0.936 -0.832 -0.832 -0.832 -0.832 -0.832 -0.832 -0.832 -0.832 -0.832 -0.832 -0.936 -0.832 -0.832 -0.936 -0.832 -0.832 -0.832 -0.728 -0.728 -0.728 -0.728 -0.728 -0.832 -0.728 -0.728 -0.728 -0.728 -0.728 -0.832 -0.728 -0.728 -0.728 -0.728 -0.728 -0.728 -0.728 -0.832 -0.728 -0.832 -0.832 -0.728 -0.728 -0.728 -0.728 -0.728 -0.832 -0.832 -0.728 -0.728 -0.832 -0.832 -0.728 -0.728 -0.832 -0.832 -0.832 -0.832 -0.832 -0.728 -0.832 -0.832 -0.832 -0.832 -0.728 -0.832 -0.832 -0.832 -0.832 -0.832 -0.832 -0.832 -0.832 -0.832 -0.832 -0.832 -0.832 -0.832 -0.832 -0.832 -0.832 -0.832 -0.832 -0.832 -0.728 -0.832 -0.832 -0.832 -0.832 -0.832 -0.832 -0.832 -0.832 -0.832 -0.832 -0.832 -0.832 -0.832 -0.832 -0.832 0.0 0.0 0.0 -0.936 -0.936 -0.936 -0.936 -0.936 -0.936 -0.936 -0.936 -0.832 -0.832 -0.832 -0.832 -0.832 -0.832 -0.832 -0.832 -0.832 -0.832 -0.832 -0.832 -0.832 -0.832 -0.832 -0.832 -0.936 -0.832 -0.832 -0.832 -0.832 -0.832 -0.832 -0.832 -0.832 -0.936 -0.832 -0.832 -0.832 -0.832 -0.832 -0.832 -0.832 -0.832 -0.936 -0.832 -0.832 -0.832 -0.832 -0.832 -0.832 -0.832 -0.832 -0.936 -0.832 -0.832 -0.832 -0.832 -0.832 -0.832 -0.832 -0.832 -0.936 -0.832 -0.832 -0.832 -0.832 -0.832 -0.832 -0.832 -0.832 -0.936 -0.832 -0.832 -0.832 -0.832 -0.832 -0.832 -0.832 
# name: power
# type: matrix
# rows: 1
# columns: 360
 6.452 6.452 6.452 6.452 6.244 6.244 6.244 6.244 6.244 6.244 6.348 6.348 6.348 6.348 6.348 6.348 6.348 6.348 6.348 6.348 6.348 6.348 6.452 6.452 6.452 6.452 6.348 6.452 6.348 6.452 6.452 6.452 6.348 6.452 6.348 6.452 6.452 6.452 6.452 6.452 6.452 6.348 6.452 6.661 6.661 6.661 6.661 6.557 6.244 6.244 6.244 6.348 6.244 6.244 6.244 6.452 6.244 6.244 6.244 6.244 6.348 6.244 6.348 6.348 6.036 6.036 6.036 6.036 6.036 6.036 6.036 6.036 6.348 6.036 6.036 6.036 6.036 6.036 6.036 6.036 6.036 6.348 6.348 6.348 6.348 6.557 6.557 6.244 6.244 6.14 6.452 6.036 6.036 6.036 6.036 6.036 6.036 6.036 6.036 6.452 6.036 6.14 6.036 6.036 6.036 6.14 6.14 6.036 6.452 6.14 6.14 6.244 6.14 6.14 6.14 6.14 6.14 6.14 6.14 6.14 6.14 6.14 6.14 6.14 6.14 6.14 6.14 6.14 6.14 6.14 6.14 6.14 6.14 6.452 6.452 6.452 6.452 6.557 6.661 6.557 6.14 6.14 6.14 6.14 6.14 6.14 6.14 6.14 6.14 6.14 6.14 6.14 6.14 6.14 6.14 6.14 6.14 6.14 6.14 6.14 6.14 6.14 6.557 6.557 6.557 6.14 6.14 6.14 6.14 6.14 6.14 6.14 6.14 6.14 6.14 6.14 6.14 6.14 6.661 6.557 6.661 6.661 6.661 6.661 6.661 6.661 6.661 6.661 6.661 6.661 6.661 6.661 6.661 6.661 6.557 6.557 6.452 6.244 6.244 6.14 6.14 6.14 6.14 6.14 6.244 6.244 6.14 6.14 6.14 6.452 6.14 6.14 6.244 6.14 6.14 6.14 6.14 6.14 6.14 6.244 6.14 6.14 6.14 6.14 6.14 6.14 6.244 6.14 6.14 6.244 6.244 6.14 6.244 6.244 6.244 6.14 6.244 6.244 6.244 6.244 6.14 6.14 6.244 6.244 6.14 6.244 6.14 6.14 6.244 6.244 6.244 6.244 6.244 6.244 6.244 6.244 6.244 6.244 6.244 6.244 6.244 6.244 6.244 6.244 6.244 6.244 6.244 6.244 6.244 6.244 6.244 6.244 6.348 6.244 6.244 6.244 6.244 6.244 6.244 6.244 0.0 0.0 0.0 6.661 6.661 6.557 6.661 6.557 6.557 6.557 6.348 6.244 6.244 6.244 6.244 6.244 6.244 6.244 6.557 6.244 6.14 6.244 6.244 6.244 6.244 6.244 6.244 6.557 6.244 6.244 6.244 6.244 6.244 6.244 6.244 6.244 6.557 6.244 6.244 6.244 6.244 6.244 6.244 6.244 6.244 6.557 6.348 6.244 6.244 6.244 6.348 6.244 6.244 6.244 6.557 6.244 6.244 6.348 6.244 6.348 6.244 6.244 6.244 6.557 6.244 6.348 6.244 6.348 6.244 6.348 6.244 6.244 6.557 6.348 6.348 6.348 6.348 6.244 6.244 6.348 
