# name: phAngle
# type: matrix
# rows: 1
# columns: 359
 0 0 0 0 0 0 0 0 0 0 0 0 0 0 0 0 0 0 0 0 0 0 0 0 0 0 0 0 0 0 0 0 0 0 0 0 0 0 0 0 0 0 0 0 0 0 0 0 0 0 0 0 0 0 0 0 0 0 0 0 0 0 0 0 0 0 0 0 0 0 0 0 0 0 0 0 0 0 0 0 0 0 0 0 0 0 0 0 0 0 0 0 0 0 0 0 0 0 0 0 0 0 0 0 0 0 0 0 0 0 0 0 0 0 0 0 0 0 0 0 0 0 0 0 0 0 0 0 0 0 0 0 0 0 0 0 0 0 0 0 0 0 0 0 0 0 0 0 0 0 0 0 0 0 0 0 0 0 0 0 0 0 0 0 0 0 0 0 0 0 0 0 0 0 0 0 0 0 0 0 0 0 0 0 0 0 0 0 0 0 0 0 0 0 0 0 0 0 0 0 0 0 0 0 0 0 0 0 0 0 0 0 0 0 0 0 0 0 0 0 0 0 0 0 0 0 0 0 0 0 0 0 0 0 0 0 0 0 0 0 0 0 0 0 0 0 0 0 0 0 0 0 0 0 0 0 0 0 0 0 0 0 0 0 0 0 0 0 0 0 0 0 0 0 0 0 0 0 0 0 0 0 0 0 0 0 0 0 0 0 0 0 0 0 0 0 0 0 0 0 0 0 0 0 0 0 0 0 0 0 0 0 0 0 0 0 0 0 0 0 0 0 0 0 0 0 0 0 0 0 0 0 0 0 0 0 0 0 0 0 0 0 0 0 358 0 358 359 358 357 358 358 357 358 358 358 358 358 358 
# name: freq
# type: matrix
# rows: 1
# columns: 359
 50.0 50.0 50.0 50.0 50.0 50.0 50.0 50.0 50.0 50.0 50.0 50.0 50.0 50.0 50.0 50.0 50.0 50.0 50.0 50.0 50.0 50.0 50.0 50.0 50.0 50.0 50.0 50.0 50.0 50.0 50.0 50.0 50.0 50.0 50.0 50.0 50.0 50.0 50.0 50.0 50.0 50.0 50.0 50.0 50.0 50.0 50.0 50.0 50.0 50.0 50.0 50.0 50.0 50.0 50.0 50.0 50.0 50.0 50.0 50.0 50.0 50.0 50.0 50.0 50.0 50.0 50.0 50.0 50.0 50.0 50.0 50.0 50.0 50.0 50.0 50.0 50.0 50.0 50.0 50.0 50.0 50.0 50.0 50.0 50.0 50.0 50.0 50.0 50.0 50.0 50.0 50.0 50.0 50.0 50.0 50.0 50.0 50.0 50.0 50.0 50.0 50.0 50.0 50.0 50.0 50.0 50.0 50.0 50.1 50.0 50.0 50.0 50.0 50.0 50.0 50.0 50.0 50.1 50.0 50.0 50.0 50.0 50.0 50.0 50.0 50.1 50.0 50.0 50.0 50.0 50.0 50.0 50.0 50.0 50.0 50.0 50.0 50.0 50.0 50.0 50.0 50.0 50.0 50.0 50.0 50.0 50.0 50.0 50.0 50.0 50.0 50.0 50.0 50.0 50.0 50.0 50.0 50.0 50.0 50.0 50.0 50.0 50.0 50.0 50.0 50.0 50.0 50.0 50.0 50.0 50.0 50.0 50.0 50.0 50.0 50.0 50.0 50.0 50.0 50.0 50.0 50.0 50.0 50.0 50.0 50.0 50.0 50.0 50.0 50.0 50.0 50.0 50.0 50.0 50.0 50.0 50.0 50.0 50.0 50.0 50.0 50.0 50.0 50.0 50.0 50.0 50.0 50.0 50.0 50.0 50.0 50.0 50.0 50.0 50.0 50.0 50.0 50.0 50.0 50.0 50.0 50.0 50.0 50.0 50.0 50.0 50.0 50.0 50.0 50.0 50.0 50.0 50.0 50.0 50.0 50.0 50.0 50.0 50.0 50.0 50.0 50.0 50.0 50.0 50.0 50.0 50.0 50.0 50.0 50.0 50.0 50.0 50.0 50.0 50.0 50.0 50.0 50.0 50.0 50.0 50.0 50.0 50.0 50.0 50.0 50.0 50.0 50.0 50.0 50.0 50.0 50.0 50.0 50.0 50.0 50.0 50.0 50.0 50.0 50.0 50.0 50.0 50.0 50.0 50.0 50.0 50.0 50.0 50.0 50.0 50.0 50.0 50.0 50.0 50.0 50.0 50.0 50.0 50.0 50.0 50.0 50.0 50.0 50.0 50.0 50.0 50.0 50.0 50.0 50.0 50.0 50.0 50.0 50.0 50.0 50.0 50.0 50.0 50.0 50.0 50.0 50.0 50.0 50.0 50.0 50.0 50.0 50.0 50.0 50.0 50.0 50.0 50.0 50.0 50.0 50.0 50.0 50.0 50.0 50.0 50.0 50.0 50.0 50.0 50.0 50.0 50.0 50.0 50.0 50.0 50.0 50.0 50.0 50.0 50.0 50.0 50.0 50.0 50.0 
# name: reacPower
# type: matrix
# rows: 1
# columns: 359
 -0.52 -0.52 -0.52 -0.52 -0.52 -0.52 -0.52 -0.52 -0.52 -0.52 -0.52 -0.52 -0.52 -0.52 -0.416 -0.416 -0.52 -0.52 -0.416 -0.416 -0.52 -0.52 -0.52 -0.416 -0.52 -0.52 -0.416 -0.52 -0.416 -0.416 -0.52 -0.52 -0.416 -0.52 -0.52 -0.52 -0.416 -0.416 -0.52 -0.52 -0.52 -0.52 -0.52 -0.52 -0.416 -0.416 -0.52 -0.52 -0.52 -0.52 -0.52 -0.52 -0.416 -0.52 -0.416 -0.52 -0.52 -0.52 -0.52 -0.416 -0.52 -0.416 -0.52 -0.416 -0.52 -0.52 -0.52 -0.52 -0.52 -0.52 -0.52 -0.52 -0.52 -0.52 -0.52 -0.52 -0.52 -0.52 -0.52 -0.52 -0.52 -0.52 -0.52 -0.52 -0.52 -0.52 -0.52 -0.52 -0.416 -0.52 -0.52 -0.52 -0.52 -0.52 -0.52 -0.52 -0.52 -0.52 -0.52 -0.52 -0.52 -0.52 -0.52 -0.52 -0.52 -0.52 -0.52 -0.52 -0.52 -0.52 -0.416 -0.52 -0.52 -0.52 -0.52 -0.52 -0.52 -0.52 -0.52 -0.52 -0.52 -0.52 -0.52 -0.52 -0.52 -0.52 -0.52 -0.52 -0.52 -0.52 -0.52 -0.52 -0.52 -0.52 -0.52 -0.52 -0.52 -0.52 -0.52 -0.52 -0.52 -0.52 -0.416 -0.52 -0.52 -0.416 -0.52 -0.52 -0.52 -0.52 -0.52 -0.52 -0.52 -0.52 -0.52 -0.52 -0.52 -0.52 -0.52 -0.52 -0.52 -0.52 -0.52 -0.52 -0.52 -0.52 -0.52 -0.52 -0.52 -0.52 -0.52 -0.52 -0.52 -0.52 -0.52 -0.416 -0.52 -0.416 -0.52 -0.52 -0.416 -0.416 -0.416 -0.416 -0.416 -0.416 -0.416 -0.416 -0.416 -0.416 -0.416 -0.416 -0.416 -0.416 -0.416 -0.416 -0.416 -0.416 -0.416 -0.416 -0.416 -0.416 -0.416 -0.416 -0.416 -0.416 -0.416 -0.416 -0.416 -0.416 -0.416 -0.416 -0.416 -0.416 -0.416 -0.416 -0.416 -0.416 -0.416 -0.416 -0.416 -0.416 -0.416 -0.416 -0.416 -0.416 -0.416 -0.416 -0.416 -0.416 -0.416 -0.416 -0.416 -0.416 -0.416 -0.416 -0.312 -0.312 -0.312 -0.312 -0.312 -0.312 -0.312 -0.312 -0.312 -0.312 -0.312 -0.312 -0.312 -0.312 -0.312 -0.312 -0.312 -0.312 -0.312 -0.312 -0.312 -0.312 -0.312 -0.312 -0.208 -0.208 -0.208 -0.208 -0.208 -0.208 -0.312 -0.208 -0.208 -0.208 -0.208 -0.208 -0.312 -0.208 -0.208 -0.208 -0.208 -0.208 -0.208 -0.208 -0.208 -0.208 -0.208 -0.208 -0.208 -0.208 -0.208 -0.104 -0.208 -0.104 -0.104 -0.208 -0.104 -0.104 -0.104 -0.104 -0.104 -0.104 -0.104 -0.104 -0.104 -0.104 -0.104 -0.104 -0.104 -0.104 -0.104 -0.104 -0.104 -0.104 -0.104 -0.104 -0.104 -0.104 -0.104 -0.104 -0.104 -0.104 -0.104 -0.104 -0.104 -0.104 -0.104 -0.104 -0.104 -0.104 -0.104 -0.104 -0.104 -0.104 -0.104 -0.104 -0.104 -0.104 0.0 -0.104 0.0 -0.104 0.0 0.0 0.0 0.0 0.0 0.0 0.0 0.0 0.0 0.0 0.0 -0.104 0.0 0.0 0.0 0.0 0.0 0.0 0.0 0.0 0.0 
# name: power
# type: matrix
# rows: 1
# columns: 359
 4.059 4.059 4.059 4.059 4.059 4.059 4.059 4.059 4.059 4.059 4.059 4.059 4.059 4.059 4.059 4.059 4.059 4.059 4.059 4.059 4.059 4.059 4.059 4.059 4.059 4.059 4.059 4.059 4.059 4.059 4.059 4.059 4.059 4.059 4.059 4.059 4.059 4.059 4.059 4.059 4.059 4.059 4.059 4.059 4.059 4.059 4.059 4.059 4.059 4.059 4.059 4.059 4.059 4.059 4.059 4.059 4.059 4.059 4.059 4.059 4.059 4.059 4.059 4.059 4.059 4.059 4.059 4.059 4.059 4.059 4.059 4.059 4.059 4.059 4.059 4.059 4.059 4.059 4.059 4.059 4.059 4.059 4.059 4.059 4.059 4.059 4.059 4.059 4.059 4.059 4.059 4.059 4.059 4.059 4.059 4.059 4.059 4.059 4.059 4.059 4.059 4.059 4.059 4.059 4.059 4.059 4.059 4.059 4.059 4.059 4.059 4.059 4.059 4.059 4.059 4.059 4.059 4.059 4.059 4.059 4.059 4.059 4.059 4.059 4.059 4.059 4.059 4.059 4.059 4.059 4.059 4.059 4.059 4.059 4.059 4.059 4.059 4.059 4.059 4.059 4.059 4.059 4.059 4.059 4.059 4.059 4.059 4.059 4.059 4.059 4.059 4.059 4.059 4.059 4.059 4.059 4.059 4.059 4.059 4.059 4.059 4.059 4.059 4.059 4.059 4.059 4.059 4.059 4.059 4.059 4.059 4.059 4.059 3.955 4.059 3.955 3.955 3.955 3.955 3.955 3.955 3.955 3.955 3.955 3.955 3.955 3.955 3.955 3.85 3.955 3.955 3.85 3.85 3.85 3.85 3.85 3.85 3.85 3.85 3.85 3.85 3.85 3.746 3.85 3.746 3.746 3.746 3.746 3.746 3.746 3.746 3.746 3.746 3.746 3.746 3.746 3.642 3.642 3.642 3.642 3.642 3.642 3.642 3.642 3.642 3.642 3.538 3.538 3.538 3.538 3.538 3.538 3.538 3.538 3.538 3.434 3.434 3.434 3.434 3.434 3.434 3.434 3.33 3.33 3.33 3.33 3.33 3.33 3.33 3.33 3.226 3.226 3.226 3.226 3.122 3.226 3.122 3.122 3.122 3.122 3.122 3.018 3.018 3.018 3.018 3.018 3.226 3.018 2.914 2.914 2.914 2.914 3.122 2.914 2.914 2.81 2.81 2.81 2.81 2.81 2.81 2.706 2.706 2.706 2.706 2.706 2.601 2.601 2.601 2.601 2.601 2.601 2.497 2.497 2.497 2.497 2.497 2.497 2.497 2.497 2.393 2.393 2.393 2.393 2.393 2.393 2.393 2.289 2.289 2.289 2.289 2.289 2.289 2.185 2.185 2.289 2.185 2.185 2.185 2.185 2.185 2.185 2.185 2.081 2.081 2.081 2.393 2.081 2.081 2.081 2.081 2.081 2.081 2.081 1.977 1.977 1.977 1.977 1.977 1.977 1.977 1.977 1.977 1.977 1.977 1.977 1.977 1.873 1.873 1.873 1.873 1.873 1.873 1.873 1.873 1.873 1.769 1.769 1.769 
