# name: phAngle
# type: matrix
# rows: 1
# columns: 359
 0 0 0 0 0 0 0 0 0 0 0 0 0 0 0 0 0 0 0 0 0 0 0 0 0 0 0 0 0 0 0 0 0 0 0 0 0 0 0 0 0 0 0 0 0 0 0 0 0 0 0 0 0 0 0 0 0 0 0 0 0 0 0 0 0 0 0 0 0 0 0 0 0 0 0 0 0 0 0 0 0 0 0 0 0 0 0 0 0 0 0 0 0 0 0 0 0 0 0 0 0 0 0 0 0 0 0 0 0 0 0 0 0 0 0 0 0 0 0 0 0 0 0 0 0 0 0 0 0 0 0 0 0 0 0 0 0 0 0 0 0 0 0 0 0 0 0 0 0 0 0 0 0 0 0 0 0 0 0 0 0 0 0 0 0 0 0 0 0 0 0 0 0 0 0 0 0 0 0 0 0 0 0 0 0 0 0 0 0 0 0 0 0 0 0 0 0 0 0 0 0 0 0 0 0 0 0 0 0 0 0 0 0 0 0 0 0 0 0 0 0 0 0 0 0 0 0 0 0 0 0 0 0 0 0 0 0 0 0 0 0 0 0 0 0 0 0 0 0 0 0 0 0 0 0 0 0 0 0 0 0 0 0 0 0 0 0 0 0 0 0 0 0 0 0 0 0 0 0 0 0 0 0 0 0 0 0 0 0 0 0 0 0 0 0 0 0 0 0 0 0 0 0 0 0 0 0 0 0 0 0 0 0 0 0 0 0 0 0 0 0 0 0 0 0 0 0 0 0 0 0 0 0 0 0 0 0 0 0 0 0 0 0 0 0 0 0 0 0 0 0 0 0 0 0 0 0 0 0 
# name: freq
# type: matrix
# rows: 1
# columns: 359
 50.0 50.0 50.0 50.0 50.0 50.0 50.0 50.0 50.0 50.0 50.0 50.0 50.0 50.0 50.0 50.0 50.0 50.0 50.0 50.0 50.0 50.0 50.0 50.0 50.0 50.0 50.0 50.0 50.0 50.0 50.0 50.0 50.0 50.0 50.0 50.0 50.0 50.0 50.0 50.0 50.0 50.0 50.0 50.0 50.0 50.0 50.0 50.0 50.0 50.0 50.0 50.0 50.0 50.0 50.0 50.0 50.0 50.0 50.0 50.0 50.0 50.0 50.0 50.0 50.0 50.0 50.0 50.0 50.0 50.0 50.0 50.0 50.0 50.0 50.0 50.0 50.0 50.0 50.0 50.0 50.0 50.0 50.0 50.0 50.0 50.0 50.0 50.0 50.0 50.0 50.0 50.0 50.0 50.0 50.0 50.0 50.0 50.0 50.0 50.0 50.0 50.0 50.0 50.0 50.0 50.0 50.0 50.0 50.0 50.0 50.0 50.0 50.0 50.0 50.0 50.0 50.0 50.0 50.0 50.0 50.1 50.0 50.0 50.0 50.0 50.0 50.0 50.0 50.0 50.0 50.0 50.0 50.0 50.0 50.0 50.0 50.0 50.0 50.0 50.0 50.0 50.0 50.0 50.0 50.1 50.0 50.0 50.0 50.0 50.0 50.0 50.0 50.0 50.0 50.0 50.0 50.0 50.0 50.0 50.0 50.0 50.0 50.0 50.0 50.0 50.0 50.0 50.0 50.0 50.0 50.0 50.0 50.0 50.0 50.0 50.0 50.0 50.0 50.0 50.0 50.0 50.0 50.0 50.0 50.0 50.0 50.0 50.0 50.0 50.0 50.0 50.0 50.0 50.0 50.0 50.0 50.0 50.0 50.0 50.0 50.0 50.0 50.0 50.0 50.0 50.0 50.0 50.0 50.0 50.0 50.0 50.0 50.0 50.0 50.0 50.0 50.0 50.0 50.0 50.0 50.0 50.0 50.0 50.0 50.0 50.0 50.0 50.0 50.0 50.0 50.0 50.0 50.0 50.0 50.0 50.0 50.0 50.0 50.0 50.0 50.0 50.0 50.0 50.0 50.0 50.0 50.0 50.0 50.0 50.0 50.0 50.0 50.0 50.0 50.0 50.0 50.0 50.0 50.0 50.0 50.0 50.0 50.0 50.0 50.0 50.0 50.0 50.0 50.0 50.0 50.0 50.0 50.0 50.0 50.0 50.0 50.0 50.0 50.0 50.0 50.0 50.0 50.0 50.0 50.0 50.0 50.0 50.0 50.0 50.0 50.0 50.0 50.0 50.0 50.0 50.0 50.0 50.0 50.0 50.0 50.0 50.0 50.0 50.0 50.0 50.0 50.0 50.0 50.0 50.0 50.0 50.0 50.0 50.0 50.0 50.0 50.0 50.0 50.0 50.0 50.0 50.0 50.0 50.0 50.0 50.0 50.0 50.0 50.0 50.0 50.0 50.0 50.0 50.0 50.0 50.0 50.0 50.0 50.0 50.0 50.0 50.0 50.0 50.0 50.0 50.0 50.0 50.0 50.0 50.0 50.0 50.0 50.0 50.0 50.0 50.0 50.0 50.0 50.0 
# name: reacPower
# type: matrix
# rows: 1
# columns: 359
 -0.931 -0.931 -0.931 -0.931 -0.931 -0.931 -0.931 -0.931 -0.931 -0.931 -0.931 -0.931 -0.931 -0.931 -0.931 -0.931 -0.931 -0.931 -0.931 -0.931 -0.931 -0.931 -0.931 -0.931 -0.931 -1.035 -0.931 -0.517 -0.517 0.0 0.0 -0.828 -0.828 -0.828 -0.828 -0.828 -0.828 -0.828 -0.828 -0.828 -0.828 -0.828 -0.828 -0.828 -0.828 -0.828 -0.828 -0.828 -0.828 -0.828 -0.828 -0.828 -0.828 -0.828 -0.828 -0.828 -0.828 -0.828 -0.828 -0.724 -0.724 -0.724 -0.724 -0.828 -0.724 -0.828 -0.828 -0.724 -0.828 -0.828 -0.828 -0.828 -0.828 -0.828 -0.828 -0.828 -0.828 -0.828 -0.828 -0.828 -0.724 -0.828 -0.828 -0.828 -0.828 -0.828 -0.724 -0.828 -0.724 -0.828 -0.828 -0.828 -0.828 -0.828 -0.828 -0.828 -0.828 -0.828 -0.828 -0.828 -0.828 -0.828 -0.828 -0.828 -0.828 -0.828 -0.828 -0.828 -0.828 -0.828 -0.828 -0.828 -0.828 -0.828 -0.828 -0.724 -0.828 -0.828 -0.828 -0.828 -0.828 -0.828 -0.828 -0.828 -0.828 -0.828 -0.828 -0.828 -0.828 -0.828 -0.828 -0.828 -0.828 -0.828 -0.828 0.0 -1.449 -1.449 -1.449 -1.449 -1.449 -1.345 -1.345 -1.345 -1.345 -1.345 -1.345 -1.345 -1.345 -1.449 -1.345 -1.345 -1.345 -1.345 -1.345 -1.345 -1.345 -1.345 -1.345 -1.345 -1.345 -1.345 -1.345 -1.345 -1.345 -1.345 -1.345 -1.345 -1.345 -1.345 -1.345 -1.345 -1.345 -1.345 -1.345 -1.345 -1.345 -1.242 -1.242 -1.242 -1.242 -1.242 -1.242 -1.242 -1.242 -1.242 -1.242 -1.242 -1.242 -1.242 -1.242 -1.242 -1.242 -1.242 -1.242 -1.242 -1.138 -1.138 -1.138 -1.138 -1.138 -1.035 -1.035 -1.138 -1.138 -1.138 -1.138 -1.138 -1.138 -1.138 -1.138 -1.138 -1.035 -1.138 -1.138 -1.138 -1.035 -1.035 -1.138 -1.138 -1.035 -1.035 -1.035 -1.138 -1.035 -1.138 -1.138 -1.138 -1.138 -1.138 -1.138 -1.035 -1.035 -1.035 -1.035 -1.035 -1.035 -1.035 -1.035 -1.035 -1.035 -1.035 -1.035 -1.035 -0.931 -0.931 -0.931 -0.931 -0.931 -0.931 -0.931 -0.931 -0.931 -0.828 -0.828 -0.931 -0.828 -0.828 -0.828 -0.828 -0.828 -0.724 -0.724 -0.724 -0.724 -0.724 -0.724 -0.724 -0.724 -0.724 -0.621 -0.621 -0.724 -0.621 -0.621 -0.621 -0.621 -0.621 -0.621 -0.621 -0.621 -0.828 -0.621 -0.621 -0.621 -0.517 -0.517 -0.517 -0.517 -0.517 -0.517 -0.517 -0.517 -0.517 -0.621 -0.414 -0.414 -0.414 -0.414 -0.414 -0.414 -0.414 -0.414 -0.414 -0.414 -0.31 -0.414 -0.517 -0.31 -0.31 -0.31 -0.31 -0.31 -0.31 -0.31 -0.31 -0.31 -0.31 -0.31 -0.517 -0.31 -0.207 -0.207 -0.31 -0.207 -0.517 -0.207 -0.31 -0.207 -0.31 -0.207 -0.207 -0.207 -0.207 -0.207 -0.207 -0.207 -0.207 -0.207 -0.207 -0.207 -0.207 -0.207 -0.207 -0.207 -0.103 -0.103 -0.103 -0.103 -0.103 -0.103 -0.103 -0.103 -0.103 -0.103 -0.103 -0.103 -0.31 -0.103 
# name: power
# type: matrix
# rows: 1
# columns: 359
 7.867 7.764 7.764 7.764 7.764 7.764 7.867 7.764 7.764 7.764 7.867 7.764 7.867 7.867 7.764 7.764 7.764 7.764 7.764 7.764 7.764 7.764 7.764 7.764 7.764 7.764 7.764 6.107 6.107 0.0 0.0 7.246 7.246 7.246 7.246 7.246 7.246 7.246 7.246 7.246 7.246 7.246 7.246 7.246 7.246 7.246 7.246 7.246 7.246 7.246 7.246 7.246 7.246 7.246 7.246 7.246 7.246 7.246 7.246 7.246 7.246 7.246 7.246 7.246 7.246 7.246 7.246 7.246 7.246 7.246 7.246 7.246 7.246 7.246 7.246 7.246 7.246 7.246 7.246 7.246 7.246 7.246 7.246 7.246 7.246 7.246 7.246 7.246 7.246 7.246 7.246 7.246 7.246 7.246 7.246 7.246 7.246 7.246 7.246 7.246 7.246 7.246 7.246 7.246 7.246 7.246 7.246 7.246 7.246 7.246 7.246 7.246 7.246 7.246 7.246 7.246 7.246 7.246 7.246 7.246 7.246 7.246 7.246 7.246 7.246 7.246 7.246 7.246 7.246 7.246 7.246 7.246 7.246 7.246 7.246 0.0 9.42 9.523 9.523 9.42 9.523 9.42 9.42 9.42 9.42 9.42 9.42 9.42 9.42 9.42 9.316 9.316 9.316 9.316 9.316 9.316 9.316 9.316 9.316 9.316 9.213 9.213 9.213 9.213 9.213 9.213 9.213 9.213 9.213 9.213 9.213 9.213 9.109 9.109 9.109 9.109 9.109 9.109 9.109 9.109 9.006 9.109 9.006 9.006 9.006 9.006 8.902 8.902 8.902 8.902 8.902 8.902 8.799 8.799 8.902 8.799 8.488 8.488 8.488 8.488 8.488 8.488 8.488 8.488 8.488 8.385 8.488 8.385 8.385 8.385 8.385 8.385 8.281 8.488 8.281 8.281 8.281 8.281 8.281 8.281 8.281 8.281 8.281 8.281 8.281 8.281 8.281 8.281 8.281 8.385 8.178 8.178 8.178 8.178 8.178 8.178 8.178 8.178 8.178 8.178 8.074 8.074 8.178 7.971 7.971 7.867 7.867 7.764 7.764 7.66 7.66 7.556 7.556 7.453 7.453 7.764 7.349 7.349 7.246 7.246 7.142 7.142 7.142 7.039 7.039 6.935 6.935 6.935 7.142 6.832 6.728 6.728 6.728 6.625 6.625 6.625 6.521 6.521 6.418 6.418 6.418 7.349 6.314 6.211 6.211 6.211 6.107 6.107 6.107 6.004 6.004 5.9 5.9 5.9 6.211 5.797 5.797 5.693 5.693 5.59 5.59 5.59 5.59 5.486 5.486 5.486 5.383 6.314 5.383 5.279 5.279 5.279 5.176 5.176 5.176 5.072 5.072 5.072 5.072 6.107 4.968 4.865 4.865 4.865 4.865 5.797 4.865 4.865 4.761 4.761 4.761 4.658 4.658 4.554 4.658 4.554 4.451 4.554 4.554 4.451 4.347 4.347 4.347 4.347 4.347 4.244 4.244 4.244 4.244 4.244 4.14 4.14 4.14 4.037 4.037 4.037 4.037 4.968 3.933 
