# name: phAngle
# type: matrix
# rows: 1
# columns: 355
 0 0 0 0 0 0 0 0 0 0 0 0 0 0 0 0 0 0 0 0 0 0 0 0 0 0 0 0 0 0 0 0 0 0 0 0 0 0 0 0 0 0 0 0 0 0 0 0 0 0 0 0 0 0 0 0 0 0 0 0 0 0 0 0 0 0 0 0 0 0 0 0 0 0 0 0 0 0 0 0 0 0 0 0 0 0 0 0 0 0 0 0 0 0 0 0 0 0 0 0 0 0 0 0 0 0 0 0 0 0 0 0 0 0 0 0 0 0 0 0 0 0 0 0 0 0 0 0 0 0 353 0 0 0 0 0 0 0 0 0 0 0 0 0 0 0 0 0 0 0 0 0 0 0 0 0 0 0 0 0 0 0 0 0 0 0 0 0 0 0 0 0 0 0 0 0 0 0 0 0 0 0 0 0 0 0 0 0 0 0 0 0 0 0 0 0 0 0 0 0 0 0 0 0 0 0 0 0 0 0 0 0 0 0 0 0 0 0 0 0 0 0 0 0 0 0 0 0 0 0 0 0 0 0 0 0 0 0 0 0 0 0 0 0 0 0 0 0 0 0 0 0 0 0 0 0 0 0 0 0 0 0 0 0 0 0 0 0 0 0 0 0 0 0 0 0 0 0 0 0 0 0 0 0 0 0 0 0 0 0 0 0 0 0 0 0 0 0 0 0 0 0 0 0 0 0 0 0 0 0 0 0 0 0 0 0 0 0 0 0 0 0 0 0 0 0 0 0 0 0 0 0 0 0 0 0 0 0 0 0 0 0 0 0 0 0 0 0 0 0 0 0 0 0 0 
# name: freq
# type: matrix
# rows: 1
# columns: 355
 50.0 50.0 50.0 50.0 50.0 50.0 50.0 50.0 50.0 50.0 50.0 50.0 50.0 50.0 50.0 50.0 50.0 50.0 50.0 50.0 50.0 50.0 50.0 50.0 50.0 50.0 50.0 50.0 50.0 50.0 50.0 50.0 50.0 50.0 50.0 50.0 50.0 50.0 50.0 50.0 50.0 50.0 50.0 50.0 50.0 50.0 50.0 50.0 50.0 50.0 50.0 50.0 50.0 50.0 50.0 50.0 50.0 50.0 50.0 50.0 50.0 50.0 50.0 50.0 50.0 50.0 50.0 50.0 50.0 50.0 50.0 50.0 50.0 50.0 50.0 50.0 50.0 50.0 50.0 50.0 50.0 50.0 50.0 50.0 50.0 50.0 50.0 50.0 50.0 50.0 50.0 50.0 50.0 50.0 50.0 50.0 50.0 50.0 50.0 50.0 50.0 50.0 50.0 50.0 50.0 50.0 50.0 50.0 50.0 50.0 50.0 50.0 50.0 50.0 50.0 50.0 50.0 50.0 50.0 50.0 50.0 50.0 50.0 50.0 50.0 50.0 50.0 50.0 50.0 50.0 50.0 50.0 50.0 50.0 50.0 50.0 50.0 50.0 50.0 50.0 50.0 50.0 50.0 50.0 50.0 50.0 50.0 50.0 50.0 50.0 50.0 50.0 50.0 50.0 50.0 50.0 50.0 50.0 50.0 50.0 50.0 50.0 50.0 50.0 50.0 50.0 50.0 50.0 50.0 50.0 50.0 50.0 50.0 50.0 50.0 50.0 50.0 50.0 50.0 50.0 50.0 50.0 50.0 50.0 50.0 50.0 50.0 50.0 50.0 50.0 50.0 50.0 50.0 50.0 50.0 50.0 50.0 50.0 50.0 50.0 50.0 50.0 50.0 50.0 50.0 50.0 50.0 50.0 50.0 50.0 50.0 50.0 50.0 50.0 50.0 50.0 50.0 50.0 50.0 50.0 50.0 50.0 50.0 50.0 50.0 50.0 50.0 50.0 50.0 50.0 50.0 50.0 50.0 50.0 50.0 50.0 50.0 50.0 50.0 50.0 50.0 50.0 50.0 50.0 50.0 50.0 50.0 50.0 50.0 50.0 50.0 50.0 50.0 50.0 50.0 50.0 50.0 50.0 50.0 50.0 50.0 50.0 50.0 50.0 50.0 50.0 50.0 50.0 50.0 50.0 50.0 50.0 50.0 50.0 50.0 50.0 50.0 50.0 50.0 50.0 50.0 50.0 50.0 50.0 50.0 50.0 50.0 50.0 50.0 50.0 50.0 50.0 50.0 50.0 50.0 50.0 50.0 50.0 50.0 50.0 50.0 50.0 50.0 50.0 50.0 50.0 50.0 50.0 50.0 50.0 50.0 50.0 50.0 50.0 50.0 50.0 50.0 50.0 50.0 50.0 50.0 50.0 50.0 50.0 50.0 50.0 50.0 50.0 50.0 50.0 50.0 50.0 50.0 50.0 50.0 50.0 50.0 50.0 50.0 50.0 50.0 50.0 50.0 50.0 50.0 50.0 50.0 50.0 50.0 50.0 50.0 50.0 50.0 50.0 50.0 
# name: reacPower
# type: matrix
# rows: 1
# columns: 355
 -0.416 -0.416 -0.416 -0.416 -0.416 -0.416 -0.416 -0.416 -0.416 -0.416 -0.416 -0.416 -0.416 -0.416 -0.416 -0.312 -0.416 -0.416 -0.416 -0.416 -0.416 -0.416 -0.416 -0.312 -0.416 -0.416 -0.416 -0.416 -0.416 -0.416 -0.416 -0.416 -0.416 -0.416 -0.312 -0.312 -0.312 -0.416 -0.416 -0.416 -0.416 -0.312 -0.312 -0.416 -0.416 -0.416 -0.416 -0.416 -0.416 -0.416 0.0 0.0 0.0 0.0 0.0 0.0 0.0 0.0 0.0 0.0 0.0 0.0 0.0 0.0 0.0 0.0 0.0 0.0 0.0 0.0 0.0 0.0 0.0 0.0 0.0 0.0 0.0 0.0 0.0 0.0 0.0 0.0 0.0 0.0 0.0 0.0 0.0 0.0 0.0 0.0 0.0 0.0 0.0 0.0 0.0 0.0 0.0 0.0 0.0 0.0 0.0 0.0 0.0 0.0 0.0 0.0 0.0 0.0 0.0 0.0 0.0 0.0 0.0 0.0 0.0 0.0 0.0 0.0 0.0 0.0 0.0 0.0 0.0 0.0 0.0 0.0 0.0 0.0 0.0 0.0 -0.208 -0.416 -0.416 -0.416 -0.416 -0.416 -0.416 -0.416 -0.416 -0.416 -0.416 -0.416 -0.416 -0.416 -0.312 -0.416 -0.416 -0.312 -0.312 -0.312 -0.312 -0.416 -0.416 -0.312 -0.312 -0.312 -0.312 -0.312 -0.312 -0.312 -0.312 -0.312 -0.312 -0.416 -0.416 -0.416 -0.312 -0.312 -0.312 -0.416 -0.416 -0.416 -0.416 -0.416 -0.416 -0.416 -0.416 -0.416 -0.416 -0.416 -0.416 -0.416 -0.416 -0.416 -0.416 -0.416 -0.416 -0.416 -0.416 -0.416 -0.416 -0.416 -0.416 -0.416 -0.416 -0.312 -0.312 -0.312 -0.312 -0.312 -0.312 -0.312 -0.416 -0.416 -0.416 -0.312 -0.416 -0.416 -0.416 -0.416 -0.416 -0.416 -0.416 -0.416 -0.416 -0.416 -0.416 -0.416 -0.416 -0.416 -0.416 -0.416 -0.416 -0.416 -0.416 -0.416 -0.416 -0.416 -0.416 -0.416 -0.416 -0.416 -0.416 -0.416 -0.416 -0.416 -0.416 -0.416 -0.416 -0.312 -0.416 -0.416 -0.416 -0.416 -0.416 -0.416 -0.416 -0.416 -0.416 -0.416 -0.416 -0.416 -0.312 -0.312 -0.312 -0.312 -0.312 -0.312 -0.312 -0.312 -0.312 -0.312 -0.312 -0.312 -0.312 -0.312 -0.312 -0.416 -0.312 -0.416 -0.416 -0.416 -0.312 -0.312 -0.312 -0.416 -0.312 -0.312 -0.312 -0.416 -0.312 -0.312 -0.208 -0.312 -0.312 -0.312 -0.312 -0.312 -0.312 -0.312 -0.312 -0.312 -0.416 -0.416 -0.416 -0.416 -0.416 -0.312 -0.312 -0.312 -0.416 -0.416 -0.416 -0.416 -0.312 -0.416 -0.312 -0.312 -0.312 -0.416 -0.416 -0.416 -0.416 -0.416 -0.416 -0.312 -0.312 -0.312 -0.312 -0.312 -0.312 -0.312 -0.312 -0.312 -0.312 -0.312 -0.312 -0.416 -0.312 -0.312 -0.312 -0.312 -0.312 -0.312 -0.312 -0.312 -0.312 -0.312 -0.312 -0.312 -0.312 -0.312 -0.312 -0.312 -0.312 -0.312 -0.312 -0.312 -0.312 -0.312 -0.312 -0.312 -0.312 -0.312 -0.312 
# name: power
# type: matrix
# rows: 1
# columns: 355
 3.122 3.122 3.122 3.122 3.122 3.122 3.122 3.122 3.122 3.122 3.122 3.122 3.122 3.122 3.122 3.122 3.122 3.122 3.122 3.122 3.122 3.122 3.122 3.122 3.122 3.122 3.122 3.122 3.122 3.122 3.122 3.122 3.122 3.122 3.122 3.122 3.122 3.122 3.122 3.122 3.122 3.122 3.122 3.122 3.122 3.122 3.122 3.122 3.122 3.122 0.0 0.0 0.0 0.0 0.0 0.0 0.0 0.0 0.0 0.0 0.0 0.0 0.0 0.0 0.0 0.0 0.0 0.0 0.0 0.0 0.0 0.0 0.0 0.0 0.0 0.0 0.0 0.0 0.0 0.0 0.0 0.0 0.0 0.0 0.0 0.0 0.0 0.0 0.0 0.0 0.0 0.0 0.0 0.0 0.0 0.0 0.0 0.0 0.0 0.0 0.0 0.0 0.0 0.0 0.0 0.0 0.0 0.0 0.0 0.0 0.0 0.0 0.0 0.0 0.0 0.0 0.0 0.0 0.0 0.0 0.0 0.0 0.0 0.0 0.0 0.0 0.0 0.0 0.0 0.0 1.665 3.122 3.122 3.122 3.122 3.122 3.122 3.122 3.122 3.122 3.122 3.122 3.122 3.122 3.122 3.122 3.122 3.122 3.122 3.122 3.122 3.122 3.122 3.122 3.122 3.122 3.122 3.122 3.122 3.122 3.122 3.122 3.122 3.122 3.122 3.122 3.122 3.122 3.122 3.122 3.122 3.122 3.122 3.122 3.122 3.122 3.122 3.122 3.122 3.122 3.122 3.122 3.122 3.122 3.122 3.122 3.122 3.122 3.122 3.122 3.122 3.122 3.122 3.122 3.122 3.122 3.122 3.122 3.122 3.122 3.122 3.122 3.122 3.122 3.122 3.122 3.122 3.122 3.122 3.122 3.122 3.122 3.122 3.122 3.122 3.122 3.122 3.122 3.122 3.122 3.122 3.122 3.122 3.122 3.122 3.122 3.122 3.122 3.122 3.122 3.122 3.122 3.122 3.122 3.122 3.122 3.122 3.122 3.122 3.122 3.122 3.122 3.122 3.122 3.122 3.122 3.122 3.122 3.122 3.122 3.122 3.122 3.122 3.122 3.122 3.122 3.122 3.122 3.122 3.122 3.122 3.122 3.122 3.122 3.122 3.122 3.122 3.122 3.122 3.122 3.122 3.122 3.122 3.122 3.122 3.122 3.122 3.122 3.122 3.122 3.122 3.122 3.122 3.122 3.122 3.122 3.122 3.122 3.122 3.122 3.122 3.122 3.122 3.122 3.122 3.122 3.122 3.122 3.122 3.122 3.122 3.122 3.122 3.122 3.122 3.122 3.122 3.122 3.122 3.122 3.122 3.122 3.122 3.122 3.122 3.122 3.122 3.122 3.122 3.122 3.122 3.122 3.122 3.122 3.122 3.122 3.122 3.122 3.122 3.122 3.122 3.122 3.122 3.122 3.122 3.122 3.122 3.122 3.122 3.122 3.122 3.122 3.122 3.122 3.122 3.122 3.122 3.122 3.122 3.122 3.122 3.122 3.122 3.122 3.122 
