# name: phAngle
# type: matrix
# rows: 1
# columns: 358
 0 0 0 0 0 0 0 0 0 0 0 0 0 0 0 0 0 0 0 0 0 0 0 0 0 0 0 0 0 0 0 0 0 0 0 0 0 0 0 0 0 0 0 0 0 0 0 0 0 0 0 0 0 0 0 0 0 0 0 0 0 0 0 0 0 0 0 0 0 0 0 0 0 0 0 0 0 0 0 0 0 0 0 0 0 0 0 0 0 0 0 0 0 0 0 0 0 0 0 0 0 0 0 0 0 0 0 0 0 0 0 0 0 0 0 0 0 0 0 0 0 0 0 0 0 0 0 0 0 0 0 0 0 0 0 0 0 0 0 0 0 0 0 0 0 0 0 0 0 0 0 0 0 0 0 0 0 0 0 0 0 0 0 0 0 0 0 0 0 0 0 0 0 0 0 0 0 0 0 0 0 0 0 0 0 0 0 0 0 0 0 0 0 0 0 0 0 0 0 0 0 0 0 0 0 0 0 0 0 0 0 0 0 0 0 0 0 0 0 0 0 0 0 0 0 0 0 0 0 0 0 0 0 0 0 0 0 0 0 0 0 0 0 0 0 0 0 0 0 0 0 0 0 0 0 0 0 0 0 0 0 0 0 0 0 0 0 0 0 0 0 0 0 0 0 0 0 0 0 0 0 0 0 0 0 0 0 0 0 0 0 0 0 0 0 0 0 0 0 0 0 0 0 0 0 0 0 0 0 0 0 0 0 0 0 0 0 0 0 0 0 0 0 0 0 0 0 0 0 0 0 0 0 0 0 0 0 0 0 0 0 0 0 0 0 0 0 0 0 0 0 0 0 0 0 0 0 0 
# name: freq
# type: matrix
# rows: 1
# columns: 358
 50.0 50.0 50.0 50.0 50.0 50.0 50.0 50.0 50.0 50.0 50.0 50.0 50.1 50.0 50.0 50.1 50.0 50.0 50.1 50.1 50.1 50.0 50.0 50.0 50.0 50.1 50.1 50.1 50.1 50.0 50.0 50.1 50.1 50.1 50.1 50.0 50.0 50.0 50.0 50.0 50.0 50.0 50.0 50.0 50.0 50.0 50.0 50.1 50.0 50.0 50.0 50.0 50.0 50.0 50.0 50.0 50.0 50.0 50.1 50.0 50.0 50.0 50.0 50.0 50.0 50.0 50.0 50.0 50.0 50.0 50.0 50.0 50.0 50.0 50.0 50.0 50.0 50.0 50.0 50.0 50.0 50.0 50.0 50.0 50.0 50.0 50.0 50.0 50.0 50.0 50.0 50.0 50.0 50.0 50.0 50.0 50.0 50.0 50.0 50.0 50.0 50.0 50.0 50.0 50.0 50.0 50.0 50.0 50.0 50.0 50.0 50.0 50.1 50.0 50.1 50.1 50.1 50.0 50.0 50.1 50.0 50.0 50.0 50.0 50.0 50.0 50.0 50.0 50.0 50.0 50.0 50.0 50.0 50.0 50.0 50.0 50.0 50.0 50.0 50.0 50.0 50.0 50.0 50.0 50.0 50.0 50.0 50.0 50.0 50.0 50.0 50.0 50.0 50.0 50.0 50.0 50.0 50.0 50.0 50.0 50.0 50.0 50.0 50.0 50.0 50.0 50.0 50.0 50.0 50.0 50.0 50.0 50.0 50.0 50.0 50.0 50.0 50.0 50.0 50.0 50.0 50.0 50.0 50.0 50.0 50.0 50.0 50.0 50.0 50.0 50.0 50.0 50.0 50.0 50.0 50.0 50.0 50.0 50.0 50.0 50.0 50.0 50.0 50.0 50.0 50.0 50.0 50.0 50.0 50.0 50.0 50.0 50.0 50.0 50.0 50.0 50.0 50.0 50.0 50.0 50.0 50.0 50.0 50.0 50.0 50.0 50.0 50.0 50.0 50.0 50.0 50.0 50.0 50.0 50.0 50.0 50.0 50.0 50.0 50.0 50.0 50.0 50.0 50.0 50.0 50.0 50.0 50.0 50.0 50.0 50.0 50.0 50.0 50.0 50.0 50.0 50.0 50.0 50.0 50.0 50.0 50.0 50.0 50.0 50.0 50.0 50.0 50.0 50.0 50.0 50.0 50.0 50.0 50.0 50.0 50.0 50.0 50.0 50.0 50.0 50.0 50.0 50.0 50.0 50.0 50.0 50.0 50.0 50.0 50.0 50.0 50.0 50.0 50.0 50.0 50.0 50.0 50.0 50.0 50.0 50.0 50.0 50.0 50.0 50.0 50.0 50.0 50.0 50.0 50.0 50.0 50.0 50.0 50.0 50.0 50.0 50.0 50.0 50.0 50.0 50.0 50.0 50.0 50.0 50.0 50.0 50.0 50.0 50.0 50.0 50.0 50.0 50.0 50.0 50.0 50.0 50.0 50.0 50.0 50.0 50.0 50.0 50.0 50.0 50.0 50.0 50.0 50.0 50.0 50.0 50.0 50.0 50.0 50.0 50.0 50.0 50.0 50.0 
# name: reacPower
# type: matrix
# rows: 1
# columns: 358
 -0.931 -0.828 -0.828 -0.931 -0.931 -0.931 -0.931 -0.931 -0.931 -0.931 -0.931 -0.931 -0.931 -0.931 -0.931 -0.931 -0.931 -0.931 -0.931 -0.931 -0.931 -0.931 -0.931 -0.931 -0.931 -0.931 -0.931 -0.931 -0.931 -0.931 -0.931 -0.931 -0.931 -0.931 -0.931 -0.931 -0.931 -0.931 -0.828 -0.828 -0.828 -0.931 -0.828 -0.828 -0.828 -0.828 -0.828 -0.828 -0.828 -0.828 -0.828 -0.828 -0.828 -0.931 -0.828 -0.931 -0.931 -0.931 -0.931 -0.828 -0.931 -0.931 -0.931 -0.931 -0.931 -0.931 -0.931 -0.931 -0.931 -0.931 -0.931 -0.931 -0.931 -0.931 -0.931 -0.931 -0.931 -0.931 -0.931 -0.931 -0.931 -0.931 -0.931 -0.931 -0.931 -0.931 -0.931 -0.931 -0.931 -0.931 -0.931 -0.931 -0.931 -0.931 -0.931 -0.931 -0.931 -0.931 -0.931 -0.931 -0.931 -0.931 -0.931 -0.828 -0.931 -0.931 -0.931 -0.931 -0.931 -0.931 -0.931 -0.931 -0.931 -0.931 -0.931 -0.931 -0.931 -0.931 -0.931 -0.931 -0.931 -0.931 -0.931 -0.931 -0.931 -0.931 -0.931 -0.931 -0.931 -0.931 -0.931 -0.931 -0.931 -0.931 -0.931 -0.931 -0.931 -0.931 -0.931 -0.931 -0.931 -0.931 -0.931 -1.035 -0.931 -0.931 -0.931 -1.035 -1.035 -1.035 -1.035 -0.931 -0.931 -0.931 -0.931 -0.931 -0.931 -0.931 -0.931 -0.931 -0.931 -0.931 -0.931 -0.931 -0.931 -0.931 -0.931 -0.931 -0.931 -0.931 -0.931 -0.931 -0.931 -0.931 -0.931 -0.931 -1.035 -0.931 -0.931 -0.931 -0.931 -0.931 -0.931 -0.931 -0.931 -0.931 -0.931 -0.931 -0.931 -0.931 -0.931 -0.931 -0.931 -0.931 -0.931 -0.931 -0.931 -1.035 -0.931 -0.931 -1.035 -0.931 -0.931 -0.931 -0.931 -0.931 -0.931 -0.931 -0.931 -0.931 -0.931 -0.931 -0.931 -0.931 -0.931 -0.931 -0.931 -0.931 -0.931 -0.931 -0.828 -0.828 -0.828 -0.828 -0.931 -0.931 -0.931 -0.931 -0.931 -0.931 -0.931 -0.931 -0.931 -0.931 -0.931 -0.931 -0.931 -0.931 -0.931 -0.931 -0.931 -0.931 -0.931 -0.931 -0.931 -0.931 -0.931 -0.931 -0.931 -0.931 -0.931 -0.931 -0.931 -0.931 -0.931 -0.931 -0.931 -0.931 -0.931 -0.931 -0.931 -0.931 -0.931 -0.931 -0.931 -0.931 -0.931 -0.931 -0.931 -0.931 -0.931 -0.931 -0.931 -0.931 -0.931 -0.931 -0.931 -0.931 -0.931 -0.931 -0.931 -0.931 -0.931 -0.931 -0.931 -0.931 -0.931 -0.828 -0.931 -0.931 -0.828 -0.931 -0.931 -0.931 -0.828 -0.828 -0.931 -0.931 -0.931 -0.931 -0.931 -0.931 -0.931 -1.035 -1.035 -1.035 -1.035 -1.035 -0.931 -1.035 -0.931 -0.931 -0.931 -0.931 -0.931 -0.931 -0.931 -0.931 -0.931 -0.931 -0.931 -0.931 -0.931 -0.931 -0.931 -0.931 -0.931 -0.931 -0.931 -0.931 -0.931 -0.931 -0.931 -0.931 -0.931 -0.931 -0.931 -0.931 -0.931 -0.931 -0.931 -0.931 -0.931 -0.931 -0.931 -0.931 -0.931 -0.931 -0.931 -0.931 -0.931 -0.931 -0.931 -0.931 -0.931 -0.931 -0.931 -0.931 
# name: power
# type: matrix
# rows: 1
# columns: 358
 7.867 7.867 7.764 7.764 7.867 7.867 7.764 7.867 7.764 7.867 7.764 7.867 7.764 7.867 7.764 7.867 7.764 7.867 7.764 7.764 7.764 7.867 7.764 7.867 7.867 7.764 7.867 7.764 7.867 7.867 7.867 7.764 7.764 7.867 7.764 7.764 7.764 7.764 7.867 7.764 7.867 7.764 7.867 7.764 7.764 7.867 7.764 7.764 7.764 7.764 7.764 7.764 7.764 7.764 7.764 7.867 7.764 7.867 7.764 7.867 7.764 7.867 7.867 7.764 7.867 7.764 7.867 7.764 7.764 7.764 7.867 7.867 7.867 7.867 7.764 7.867 7.867 7.867 7.867 7.764 7.867 7.867 7.764 7.867 7.764 7.867 7.764 7.764 7.764 7.764 7.867 7.867 7.867 7.764 7.764 7.867 7.764 7.867 7.764 7.867 7.764 7.764 7.764 7.764 7.867 7.867 7.764 7.867 7.764 7.867 7.867 7.764 7.764 7.764 7.764 7.764 7.764 7.867 7.764 7.867 7.764 7.764 7.764 7.764 7.764 7.867 7.764 7.867 7.764 7.867 7.764 7.764 7.764 7.764 7.867 7.867 7.867 7.764 7.764 7.764 7.867 7.867 7.764 7.764 7.764 7.764 7.764 7.764 7.764 7.764 7.867 7.867 7.764 7.764 7.867 7.764 7.867 7.764 7.764 7.764 7.764 7.764 7.764 7.764 7.764 7.764 7.764 7.764 7.764 7.867 7.764 7.764 7.764 7.867 7.867 7.764 7.764 7.867 7.764 7.764 7.764 7.764 7.764 7.764 7.764 7.764 7.764 7.764 7.764 7.867 7.764 7.867 7.764 7.867 7.867 7.764 7.764 7.764 7.764 7.764 7.764 7.764 7.764 7.764 7.867 7.764 7.764 7.764 7.764 7.764 7.764 7.764 7.764 7.764 7.764 7.764 7.764 7.764 7.867 7.867 7.764 7.764 7.764 7.764 7.764 7.867 7.764 7.764 7.764 7.764 7.867 7.764 7.764 7.764 7.764 7.764 7.764 7.867 7.764 7.764 7.867 7.764 7.867 7.764 7.867 7.867 7.764 7.764 7.764 7.764 7.764 7.764 7.764 7.764 7.867 7.764 7.764 7.764 7.764 7.764 7.764 7.764 7.764 7.764 7.764 7.867 7.764 7.867 7.764 7.764 7.764 7.764 7.867 7.764 7.764 7.764 7.764 7.867 7.764 7.867 7.764 7.764 7.764 7.867 7.764 7.764 7.764 7.764 7.764 7.867 7.867 7.764 7.764 7.764 7.764 7.764 7.764 7.764 7.764 7.764 7.764 7.764 7.867 7.764 7.764 7.764 7.764 7.764 7.764 7.764 7.867 7.764 7.764 7.764 7.764 7.764 7.764 7.867 7.764 7.867 7.764 7.764 7.764 7.764 7.764 7.764 7.764 7.764 7.764 7.764 7.764 7.764 7.764 7.764 7.764 7.764 7.764 7.867 7.867 7.764 7.867 7.764 7.764 7.764 7.764 7.867 7.764 7.764 7.764 7.764 7.764 7.867 7.764 7.764 7.764 7.764 7.764 7.764 
