# name: phAngle
# type: matrix
# rows: 1
# columns: 359
 0 0 0 0 0 0 0 0 0 0 0 0 0 0 0 0 0 0 0 0 0 0 0 0 0 0 0 0 0 0 0 0 0 0 0 0 0 0 0 0 0 0 0 0 0 0 0 0 0 0 0 0 0 0 0 0 0 0 0 0 0 0 0 0 0 0 0 0 0 0 0 0 0 0 0 0 0 0 0 0 0 0 0 0 0 0 0 0 0 0 0 0 0 0 0 0 0 0 0 0 0 0 0 0 0 0 0 0 0 0 0 0 0 0 0 0 0 0 0 0 0 0 0 0 0 0 0 0 0 0 0 0 0 0 0 0 0 0 0 0 0 0 0 0 0 0 0 0 0 0 0 0 0 0 0 0 0 0 0 0 0 0 0 0 0 0 0 0 0 0 0 0 0 0 0 0 0 0 0 0 0 0 0 0 0 0 0 0 0 0 0 0 0 0 0 0 0 0 0 0 0 0 0 0 0 0 0 0 0 0 0 0 0 0 0 0 0 0 0 0 0 0 0 0 0 0 0 0 0 0 0 0 0 0 0 0 0 0 0 0 0 0 0 0 0 0 0 0 0 0 0 0 0 0 0 0 0 0 0 0 0 0 0 0 0 0 0 0 0 0 0 0 0 0 0 0 0 0 0 0 0 0 0 0 0 0 0 0 0 0 0 0 0 0 0 0 0 0 0 0 0 0 0 0 0 0 0 0 0 0 0 0 0 0 0 0 0 0 0 0 0 0 0 0 0 0 0 0 0 0 0 0 0 0 0 0 0 0 0 0 0 0 0 0 0 0 0 0 0 0 0 0 0 0 0 0 0 0 0 
# name: freq
# type: matrix
# rows: 1
# columns: 359
 50.0 50.0 50.0 50.0 50.0 50.0 50.0 50.0 50.0 50.0 50.0 50.0 50.0 50.0 50.0 50.0 50.0 50.0 50.0 50.0 50.0 50.0 50.0 50.0 50.0 50.0 50.0 50.0 50.0 50.0 50.0 50.0 50.0 50.0 50.0 50.0 50.0 50.0 50.0 50.0 50.0 50.0 50.0 50.0 50.0 50.0 50.0 50.0 50.0 50.0 50.0 50.0 50.0 50.0 50.0 50.0 50.0 50.0 50.0 50.0 50.0 50.0 50.0 50.0 50.0 50.0 50.0 50.0 50.0 50.0 50.0 50.0 50.0 50.0 50.0 50.0 50.0 50.0 50.0 50.0 50.0 50.0 50.0 50.0 50.0 50.0 50.0 50.0 50.0 50.0 50.0 50.0 50.0 50.0 50.0 50.0 50.0 50.0 50.0 50.0 50.0 50.0 50.0 50.0 50.0 50.0 50.0 50.0 50.0 50.0 50.0 50.0 50.0 50.0 50.0 50.0 50.0 50.0 50.0 50.0 50.0 50.0 50.0 50.0 50.0 50.0 50.0 50.0 50.0 50.0 50.0 50.0 50.0 50.0 50.0 50.0 50.0 50.0 50.0 50.0 50.0 50.0 50.0 50.0 50.0 50.0 50.0 50.0 50.0 50.0 50.0 50.0 50.0 50.0 50.0 50.0 50.0 50.0 50.0 50.0 50.0 50.0 50.0 50.0 50.0 50.0 50.0 50.0 50.0 50.0 50.0 50.0 50.0 50.0 50.0 50.0 50.0 50.0 50.0 50.0 50.0 50.0 50.0 50.0 50.0 50.0 50.0 50.0 50.0 50.0 50.0 50.0 50.0 50.0 50.0 50.0 50.0 50.0 50.0 50.0 50.0 50.0 50.0 50.0 50.0 50.0 50.0 50.0 50.0 50.0 50.0 50.0 50.0 50.0 50.0 50.0 50.0 50.0 50.0 50.0 50.0 50.0 50.0 50.0 50.0 50.0 50.0 50.0 50.0 50.0 50.0 50.0 50.0 50.0 50.0 50.0 50.0 50.0 50.0 50.0 50.0 50.0 50.0 50.0 50.0 50.0 50.0 50.0 50.0 50.0 50.0 50.0 50.0 50.0 50.0 50.0 50.0 50.0 50.0 50.0 50.0 50.0 50.0 50.0 50.0 50.0 50.0 50.0 50.0 50.0 50.0 50.0 50.0 50.0 50.0 50.0 50.0 50.0 50.0 50.0 50.0 50.0 50.0 50.0 50.0 50.0 50.0 50.0 50.0 50.0 50.0 50.0 50.0 50.0 50.0 50.0 50.0 50.0 50.0 50.0 50.0 50.0 50.0 50.0 50.0 50.0 50.0 50.0 50.0 50.0 50.0 50.0 50.0 50.0 50.0 50.0 50.0 50.0 50.0 50.0 50.0 50.0 50.0 50.0 50.0 50.0 50.0 50.0 50.0 50.0 50.0 50.0 50.0 50.0 50.0 50.0 50.0 50.0 50.0 50.0 50.0 50.0 50.0 50.0 50.0 50.0 50.0 50.0 50.0 50.0 50.0 50.0 50.0 50.0 50.0 50.0 50.0 50.0 50.0 
# name: reacPower
# type: matrix
# rows: 1
# columns: 359
 -0.208 -0.208 -0.208 -0.208 -0.208 -0.208 -0.208 -0.208 -0.208 -0.208 -0.104 -0.104 -0.208 -0.208 -0.208 -0.208 -0.208 -0.104 -0.208 -0.208 -0.208 -0.104 -0.208 -0.208 -0.208 -0.208 -0.208 -0.208 -0.208 -0.208 -0.104 -0.208 -0.104 -0.208 -0.104 -0.208 -0.208 -0.104 -0.104 -0.208 -0.104 -0.208 -0.104 -0.208 -0.208 -0.208 -0.104 -0.208 -0.208 -0.208 -0.208 -0.208 -0.208 -0.208 -0.104 -0.208 -0.208 -0.208 -0.104 -0.208 -0.208 -0.208 -0.208 -0.208 -0.208 -0.208 -0.104 -0.208 -0.104 -0.208 -0.208 -0.208 -0.208 -0.104 -0.208 -0.208 -0.208 -0.208 -0.208 -0.208 -0.208 -0.208 -0.208 -0.208 -0.208 -0.208 -0.208 -0.208 -0.104 -0.208 -0.208 -0.208 -0.208 -0.208 -0.208 -0.208 -0.208 -0.208 -0.208 -0.208 -0.208 -0.208 -0.208 -0.208 -0.208 -0.208 -0.208 -0.208 -0.208 -0.208 -0.208 -0.208 -0.208 -0.208 -0.208 -0.208 -0.208 -0.208 -0.208 -0.208 -0.208 -0.208 -0.208 -0.208 -0.208 -0.208 -0.208 -0.208 -0.208 -0.208 -0.208 -0.208 -0.208 -0.208 -0.208 -0.208 -0.208 -0.208 -0.208 -0.208 -0.208 -0.208 -0.208 -0.208 -0.208 -0.208 -0.208 -0.208 -0.208 -0.208 -0.208 -0.208 -0.208 -0.208 -0.208 -0.208 -0.208 -0.208 -0.208 -0.208 -0.208 -0.208 -0.208 -0.208 -0.208 -0.208 -0.208 -0.208 -0.208 -0.104 -0.104 -0.208 -0.208 -0.208 -0.208 -0.208 -0.208 -0.208 -0.208 -0.208 -0.208 -0.208 -0.208 -0.208 -0.208 -0.208 -0.208 -0.208 -0.208 -0.208 -0.208 -0.208 -0.208 -0.208 -0.208 -0.208 -0.208 -0.208 -0.208 -0.208 -0.208 -0.208 -0.208 -0.208 -0.208 -0.208 -0.208 -0.208 -0.208 -0.208 -0.208 -0.208 -0.208 -0.208 -0.208 -0.208 -0.208 -0.208 -0.208 -0.208 -0.208 -0.208 -0.208 -0.208 -0.208 -0.208 -0.208 -0.208 -0.104 -0.208 -0.208 -0.208 -0.208 -0.208 -0.208 -0.208 -0.208 -0.208 -0.208 -0.208 -0.208 -0.208 -0.208 -0.208 -0.208 -0.208 -0.208 -0.208 -0.208 -0.208 -0.208 -0.208 -0.104 -0.104 -0.208 -0.208 -0.208 -0.208 -0.208 -0.208 -0.208 -0.208 -0.208 -0.208 -0.208 -0.208 -0.208 -0.208 -0.208 -0.208 -0.208 -0.208 -0.208 -0.208 -0.208 -0.208 -0.208 -0.208 -0.104 -0.208 -0.208 -0.208 -0.208 -0.208 -0.104 -0.104 -0.104 -0.104 -0.104 -0.208 -0.208 -0.208 -0.208 -0.208 -0.208 -0.104 -0.208 -0.208 -0.104 -0.208 -0.208 -0.208 -0.208 -0.208 -0.208 -0.208 -0.208 -0.208 -0.208 -0.208 -0.208 -0.208 -0.208 -0.208 -0.208 -0.208 -0.208 -0.104 -0.208 -0.208 -0.208 -0.208 -0.208 -0.208 -0.208 -0.208 -0.208 -0.208 -0.208 -0.208 -0.208 -0.208 -0.208 -0.104 -0.208 -0.208 -0.104 -0.208 -0.208 -0.208 -0.208 -0.208 -0.208 -0.104 -0.208 -0.104 -0.208 -0.104 -0.104 -0.104 -0.208 -0.104 -0.208 -0.208 -0.208 -0.208 -0.208 -0.208 -0.208 
# name: power
# type: matrix
# rows: 1
# columns: 359
 3.33 3.33 3.33 3.33 3.33 3.33 3.33 3.33 3.33 3.33 3.33 3.33 3.33 3.33 3.33 3.33 3.33 3.33 3.33 3.33 3.33 3.33 3.33 3.33 3.33 3.33 3.33 3.33 3.33 3.33 3.33 3.226 3.33 3.33 3.33 3.33 3.33 3.33 3.226 3.33 3.33 3.33 3.33 3.33 3.33 3.33 3.33 3.33 3.33 3.33 3.33 3.33 3.33 3.33 3.33 3.33 3.33 3.33 3.33 3.33 3.33 3.33 3.33 3.33 3.33 3.33 3.33 3.33 3.33 3.33 3.33 3.33 3.33 3.33 3.33 3.33 3.33 3.33 3.33 3.33 3.33 3.33 3.33 3.33 3.33 3.33 3.33 3.33 3.33 3.33 3.33 3.33 3.33 3.33 3.33 3.33 3.33 3.33 3.33 3.226 3.226 3.33 3.33 3.33 3.33 3.33 3.33 3.33 3.33 3.33 3.33 3.33 3.33 3.33 3.33 3.33 3.33 3.33 3.33 3.33 3.33 3.33 3.33 3.33 3.33 3.33 3.33 3.33 3.33 3.33 3.33 3.33 3.33 3.33 3.33 3.33 3.33 3.33 3.226 3.33 3.33 3.33 3.33 3.33 3.33 3.33 3.33 3.33 3.226 3.226 3.33 3.33 3.33 3.33 3.33 3.226 3.33 3.33 3.33 3.33 3.33 3.33 3.33 3.33 3.33 3.33 3.33 3.33 3.33 3.33 3.33 3.33 3.33 3.33 3.226 3.33 3.226 3.33 3.33 3.33 3.33 3.33 3.33 3.33 3.33 3.33 3.33 3.33 3.33 3.33 3.33 3.33 3.33 3.33 3.33 3.33 3.33 3.33 3.33 3.33 3.33 3.33 3.33 3.33 3.33 3.33 3.33 3.33 3.33 3.33 3.33 3.33 3.33 3.33 3.33 3.33 3.33 3.33 3.33 3.33 3.33 3.33 3.33 3.33 3.33 3.33 3.33 3.33 3.33 3.33 3.33 3.33 3.33 3.33 3.33 3.226 3.33 3.33 3.33 3.33 3.33 3.33 3.33 3.33 3.33 3.33 3.33 3.33 3.33 3.33 3.33 3.33 3.33 3.33 3.33 3.33 3.33 3.33 3.33 3.33 3.33 3.33 3.33 3.33 3.33 3.33 3.33 3.33 3.33 3.33 3.33 3.33 3.33 3.33 3.33 3.33 3.33 3.33 3.226 3.33 3.33 3.33 3.33 3.33 3.33 3.33 3.226 3.33 3.33 3.33 3.33 3.33 3.33 3.33 3.33 3.33 3.33 3.33 3.33 3.33 3.33 3.33 3.33 3.226 3.33 3.33 3.33 3.33 3.33 3.33 3.33 3.33 3.33 3.33 3.33 3.33 3.33 3.33 3.33 3.33 3.33 3.33 3.33 3.33 3.33 3.33 3.33 3.33 3.33 3.33 3.33 3.33 3.33 3.33 3.33 3.33 3.33 3.226 3.33 3.33 3.33 3.33 3.33 3.33 3.33 3.33 3.33 3.33 3.33 3.33 3.33 3.33 3.33 3.33 3.33 3.33 3.33 3.33 3.33 
