# name: phAngle
# type: matrix
# rows: 1
# columns: 361
 0 0 0 0 0 0 0 0 0 0 0 0 0 0 0 0 0 0 0 0 0 0 0 0 0 0 0 0 0 0 0 0 0 0 0 0 0 0 0 0 0 0 0 0 0 0 0 0 0 0 0 0 0 0 0 0 0 0 0 0 0 0 0 0 0 0 0 0 0 0 0 0 0 0 0 0 0 0 0 0 0 0 0 0 0 0 0 0 0 0 0 0 0 0 0 0 0 0 0 0 0 0 0 0 0 0 0 0 0 0 0 0 0 0 0 0 0 0 0 0 0 0 0 0 0 0 0 0 0 0 0 0 0 0 0 0 0 0 0 0 0 0 0 0 0 0 0 0 0 0 0 0 0 0 0 0 0 0 0 0 0 0 0 0 0 0 0 0 0 0 0 0 0 0 0 0 0 0 0 0 0 0 0 0 0 0 5 0 0 0 0 0 0 0 0 0 0 0 0 0 0 0 0 0 0 0 0 0 0 0 0 0 0 0 0 0 0 0 0 0 0 0 0 0 0 0 0 0 0 0 0 0 0 0 0 0 0 0 0 0 0 0 0 0 0 0 0 0 0 0 0 0 0 0 0 0 0 0 0 0 0 0 0 0 0 0 0 0 0 0 0 0 0 0 0 0 0 0 0 0 0 0 0 0 0 0 9 0 0 0 0 0 0 0 0 0 0 0 0 0 0 0 0 0 0 9 0 0 0 0 0 0 0 0 0 0 0 0 0 0 9 8 9 9 8 8 8 8 8 9 9 0 0 0 0 0 8 0 0 0 0 0 0 9 9 9 9 9 0 9 9 9 9 9 9 9 10 9 9 10 10 
# name: freq
# type: matrix
# rows: 1
# columns: 361
 50.0 50.0 50.0 50.0 50.0 50.0 50.0 50.0 50.0 50.0 50.0 50.0 50.0 50.0 50.0 50.0 50.0 50.0 50.0 50.0 50.0 50.0 50.0 50.0 50.0 50.0 50.0 50.0 50.0 50.0 50.0 50.0 50.0 50.0 50.0 50.0 50.0 50.0 50.0 50.0 50.0 50.0 50.0 50.0 50.0 50.0 50.0 50.0 50.0 50.0 50.0 50.0 50.0 50.0 50.0 50.0 50.0 50.0 50.0 50.0 50.0 50.0 50.0 50.0 50.0 50.0 50.0 50.0 50.0 50.0 50.0 50.0 50.0 50.0 50.0 50.0 50.0 50.0 50.0 50.0 50.0 50.0 50.0 50.0 50.0 50.0 50.0 50.0 50.0 50.0 50.0 50.0 50.0 50.0 50.0 50.0 50.0 50.0 50.0 50.0 50.0 50.0 50.0 50.0 50.0 50.0 50.0 50.0 50.0 50.0 50.0 50.0 50.0 50.0 50.0 50.0 50.0 50.0 50.0 50.0 50.0 50.0 50.0 50.0 50.0 50.0 50.0 50.0 50.0 50.0 50.0 50.0 50.0 50.0 50.0 50.0 50.0 50.0 50.0 50.0 50.0 50.0 50.0 50.0 50.0 50.0 50.0 50.0 50.0 50.0 50.0 50.0 50.0 50.0 50.0 50.0 50.0 50.0 50.0 50.0 50.0 50.0 50.0 50.0 50.0 50.0 50.0 50.0 50.0 50.0 50.0 50.0 50.0 50.0 50.0 50.0 50.0 50.0 50.0 50.0 50.0 50.0 50.0 50.0 50.0 50.0 50.0 50.0 50.0 50.0 50.0 50.0 50.0 50.0 50.0 50.0 50.0 50.0 50.0 50.0 50.0 50.0 50.0 50.0 50.0 50.0 50.0 50.0 50.0 50.0 50.0 50.0 50.0 50.0 50.0 50.0 50.0 50.0 50.0 50.0 50.0 50.0 50.0 50.0 50.0 50.0 50.0 50.0 50.0 50.0 50.0 50.0 50.0 50.0 50.0 50.0 50.0 50.0 50.0 50.0 50.0 50.0 50.0 50.0 50.0 50.0 50.0 50.0 50.0 50.0 50.0 50.0 50.0 50.0 50.0 50.0 50.0 50.0 50.0 50.0 50.0 50.0 50.0 50.0 50.0 50.0 50.0 50.0 50.0 50.0 50.0 50.0 50.0 50.0 50.0 50.0 50.0 50.0 50.0 50.0 50.0 50.0 50.0 50.0 50.0 50.0 50.0 50.0 50.0 50.0 50.0 50.0 50.0 50.0 50.0 50.0 50.0 50.0 50.0 50.0 50.0 50.0 50.0 50.0 50.0 50.0 50.0 50.0 50.0 50.0 50.0 50.0 50.0 50.0 50.0 50.0 50.0 50.0 50.0 50.0 50.0 50.0 50.0 50.0 50.0 50.0 50.0 50.0 50.0 50.0 50.0 50.0 50.0 50.0 50.0 50.0 50.0 50.0 50.0 50.0 50.0 50.0 50.0 50.0 50.0 50.0 50.0 50.0 50.0 50.0 50.0 50.0 50.0 50.0 50.0 50.0 50.0 50.0 50.0 50.0 50.0 
# name: reacPower
# type: matrix
# rows: 1
# columns: 361
 0.0 -0.104 -0.104 -0.104 -0.104 -0.104 0.0 -0.104 0.0 -0.104 0.0 -0.104 0.0 0.0 0.0 0.0 0.0 0.0 0.0 0.0 0.0 0.0 0.0 0.0 0.0 0.0 0.0 0.0 0.0 0.0 0.0 0.0 0.0 0.0 0.0 0.0 0.0 0.0 0.0 0.0 0.0 0.0 0.0 0.0 0.0 0.0 0.0 0.0 0.0 0.0 0.0 0.0 0.0 0.0 0.0 0.104 0.0 0.0 0.0 0.0 0.0 0.0 0.0 0.0 0.0 0.0 0.0 0.0 0.0 0.0 0.0 0.0 0.0 0.0 0.0 0.0 0.0 0.0 0.0 0.0 0.0 0.0 0.0 0.0 0.0 0.0 0.0 0.0 0.0 0.0 0.0 0.0 0.0 0.0 0.0 0.0 0.0 0.0 0.0 0.0 0.0 0.0 0.0 0.0 0.0 0.0 0.104 0.0 0.0 0.0 0.0 0.0 0.0 0.0 0.0 0.0 0.0 0.0 0.0 0.0 0.0 0.0 0.0 0.104 0.0 0.0 0.0 0.0 0.0 0.104 0.0 0.104 0.0 0.0 0.0 0.0 0.0 0.0 0.0 0.0 0.0 0.0 0.104 0.0 0.104 0.104 0.104 0.104 0.104 0.104 0.104 0.104 0.104 0.104 0.104 0.104 0.208 0.104 0.104 0.104 0.208 0.104 0.104 0.208 0.208 0.208 0.208 0.208 0.208 0.208 0.208 0.208 0.208 0.208 0.208 0.208 0.208 0.208 0.208 0.208 0.208 0.208 0.208 0.208 0.208 0.208 0.104 0.208 0.208 0.208 0.208 0.208 0.208 0.208 0.208 0.208 0.208 0.208 0.208 0.208 0.208 0.208 0.208 0.208 0.208 0.208 0.208 0.208 0.208 0.208 0.208 0.208 0.208 0.208 0.208 0.312 0.312 0.208 0.208 0.312 0.312 0.208 0.208 0.208 0.208 0.208 0.208 0.208 0.208 0.208 0.208 0.208 0.0 0.208 0.208 0.208 0.312 0.208 0.208 0.208 0.312 0.208 0.208 0.208 0.208 0.208 0.208 0.312 0.208 0.208 0.208 0.208 0.208 0.208 0.208 0.208 0.208 0.208 0.208 0.208 0.208 0.208 0.208 0.208 0.312 0.312 0.208 0.208 0.208 0.208 0.208 0.208 0.208 0.208 0.208 0.208 0.208 0.208 0.208 0.208 0.208 0.208 0.208 0.208 0.208 0.208 0.104 0.208 0.208 0.208 0.208 0.208 0.208 0.312 0.208 0.208 0.208 0.208 0.208 0.208 0.208 0.208 0.208 0.208 0.208 0.104 0.208 0.208 0.208 0.208 0.208 0.312 0.208 0.208 0.208 0.208 0.208 0.208 0.312 0.208 0.208 0.208 0.208 0.208 0.208 0.208 0.208 0.208 0.208 0.208 0.208 0.208 0.208 0.208 0.208 0.312 0.208 0.208 0.208 0.312 0.208 0.208 0.208 0.208 0.208 0.208 0.208 0.208 0.208 0.208 0.208 0.208 0.208 0.208 0.208 0.208 0.208 0.208 0.208 0.208 0.208 
# name: power
# type: matrix
# rows: 1
# columns: 361
 5.412 6.452 6.452 6.452 6.348 6.348 3.955 6.452 6.244 6.244 6.244 6.244 6.14 6.244 6.244 6.244 6.244 6.244 6.348 6.244 6.244 6.244 6.244 6.244 6.244 6.244 6.14 6.244 6.244 6.244 6.244 6.244 6.244 6.244 6.244 6.14 6.14 6.14 6.036 6.14 6.14 6.14 6.036 6.036 6.14 6.036 6.14 6.14 6.14 5.412 6.14 6.14 6.14 6.14 6.036 4.891 6.036 6.244 6.14 6.036 6.14 5.828 6.14 6.14 6.036 6.14 6.14 6.14 6.14 6.14 6.036 6.036 6.036 6.036 6.036 6.036 6.14 6.14 6.14 6.14 6.14 6.14 6.036 6.036 6.036 6.036 6.14 6.036 6.036 6.14 6.036 6.14 6.14 6.036 6.036 6.036 5.412 5.932 5.62 5.932 6.036 6.036 6.036 5.932 6.036 5.308 4.995 5.412 5.308 5.412 5.412 5.62 5.516 5.516 5.412 5.308 5.308 5.412 5.516 5.724 5.412 5.308 5.308 4.267 5.203 5.203 5.412 5.308 5.308 5.203 5.308 5.203 5.203 5.412 5.412 5.412 5.412 5.412 5.203 5.412 5.203 5.099 5.099 5.932 5.099 4.787 4.683 4.579 4.579 4.579 4.579 4.475 4.475 4.475 1.457 4.475 4.475 4.371 4.371 4.787 4.683 4.579 4.579 4.163 4.163 4.059 4.059 4.059 4.059 4.059 4.059 3.955 4.163 3.955 4.163 3.85 3.85 3.85 3.85 3.85 3.85 3.85 3.746 3.746 3.642 3.642 1.665 3.642 3.642 3.642 3.642 3.642 3.642 3.642 3.538 3.538 3.538 3.434 3.434 3.434 3.434 3.434 3.33 3.434 3.33 3.33 3.33 3.226 3.226 3.226 3.226 2.393 3.226 3.122 3.226 3.122 3.122 2.81 3.122 3.122 3.018 3.538 3.538 3.33 3.33 3.33 3.226 2.914 3.85 2.914 2.914 2.914 5.203 3.122 3.122 3.122 2.914 2.81 3.018 2.81 2.706 2.706 2.706 2.706 2.706 2.81 2.706 2.706 2.601 2.601 2.601 2.497 2.497 2.497 2.497 2.497 2.497 2.497 2.497 2.497 2.497 2.393 2.393 2.393 2.393 2.393 2.393 2.393 2.393 2.393 2.289 2.289 2.289 2.289 2.289 2.289 2.289 2.185 2.185 2.185 2.081 2.185 2.185 2.185 2.081 2.081 2.497 2.497 2.081 2.081 2.081 2.081 2.081 2.081 2.081 2.081 1.977 1.977 1.977 2.185 2.289 1.977 2.081 2.081 1.977 1.144 2.185 1.977 1.977 1.977 1.977 3.018 2.393 3.122 3.955 2.185 2.497 2.081 2.393 2.081 1.873 1.873 1.873 1.769 1.873 1.769 1.769 1.769 1.769 1.769 1.769 2.081 2.289 2.081 2.081 2.497 1.873 2.081 2.185 2.289 1.977 1.977 1.977 1.769 1.665 1.665 1.665 1.665 2.81 1.665 1.561 1.561 1.561 1.561 1.561 1.561 1.561 1.665 1.561 1.561 1.561 
