# name: phAngle
# type: matrix
# rows: 1
# columns: 358
 0 0 0 0 0 0 0 0 0 0 0 0 0 0 0 0 0 0 0 0 0 0 0 0 0 0 0 0 0 0 0 0 0 0 0 0 0 0 0 0 0 0 0 0 0 0 0 0 0 0 0 0 0 0 0 0 0 0 0 0 0 0 0 0 0 0 0 0 0 0 0 0 0 0 0 0 0 8 0 0 0 0 0 0 0 0 0 0 0 0 0 0 0 0 0 0 0 0 0 0 0 0 0 0 0 0 0 0 0 0 0 0 0 0 0 0 0 0 0 0 0 0 0 0 0 0 0 0 0 0 0 0 0 0 0 0 0 0 0 0 0 0 0 0 0 0 0 0 0 0 0 0 0 0 0 0 0 0 0 0 0 0 0 0 9 0 0 0 0 0 0 0 0 0 0 0 0 0 0 0 0 0 0 0 0 0 0 0 0 0 0 0 0 0 0 0 0 0 0 0 0 0 0 0 0 0 0 0 0 0 0 0 0 0 0 0 0 0 0 0 0 0 0 0 0 0 0 0 0 0 0 0 0 0 0 0 0 0 0 0 0 0 0 0 0 0 0 0 0 0 0 0 0 0 0 0 0 0 0 0 0 0 0 0 0 0 0 8 9 8 8 8 8 0 9 9 8 9 9 9 9 9 9 9 9 0 0 0 0 9 8 9 9 9 9 9 9 10 9 9 9 9 9 9 9 9 9 9 9 9 10 9 9 9 9 9 9 9 10 10 9 9 9 9 10 10 10 10 10 10 9 10 9 10 10 10 10 10 10 10 10 10 10 10 10 10 10 10 10 10 10 10 10 10 10 10 10 11 
# name: freq
# type: matrix
# rows: 1
# columns: 358
 50.0 50.0 50.0 50.0 50.0 50.0 50.0 50.0 50.0 50.0 50.0 50.0 50.0 50.0 50.0 50.0 50.0 50.0 50.0 50.0 50.0 50.0 50.0 50.0 50.0 50.0 50.0 50.0 50.0 50.0 50.0 50.0 50.0 50.0 50.0 50.0 50.0 50.0 50.0 50.0 50.0 50.0 50.0 50.0 50.0 50.0 50.0 50.0 50.0 50.0 50.0 50.0 50.0 50.0 50.0 50.0 50.0 50.0 50.0 50.0 50.0 50.0 50.0 50.0 50.0 50.0 50.0 50.0 50.0 50.0 50.0 50.0 50.0 50.0 50.0 50.0 50.0 50.0 50.0 50.0 50.0 50.0 50.0 50.0 50.0 50.0 50.0 50.0 50.0 50.0 50.0 50.0 50.0 50.0 50.0 50.0 50.0 50.0 50.0 50.0 50.0 50.0 50.0 50.0 50.0 50.0 50.0 50.0 50.0 50.0 50.0 50.0 50.0 50.0 50.0 50.0 50.0 50.0 50.0 50.0 50.0 50.0 50.0 50.0 50.0 50.0 50.0 50.0 50.0 50.0 50.0 50.0 50.0 50.0 50.0 50.0 50.0 50.0 50.0 50.0 50.0 50.0 50.0 50.0 50.0 50.0 50.0 50.0 50.0 50.0 50.0 50.0 50.0 50.0 50.0 50.0 50.0 50.0 50.0 50.0 50.0 50.0 50.0 50.0 50.0 50.0 50.0 50.0 50.0 50.0 50.0 50.0 50.0 50.0 50.0 50.0 50.0 50.0 50.0 50.0 50.0 50.0 50.0 50.0 50.0 50.0 50.0 50.0 50.0 50.0 50.0 50.0 50.0 50.0 50.0 50.0 50.0 50.0 50.0 50.0 50.0 50.0 50.0 50.0 50.0 50.0 50.0 50.0 50.0 50.0 50.0 50.0 50.0 50.0 50.0 50.0 50.0 50.0 50.0 50.0 50.0 50.0 50.0 50.0 50.0 50.0 50.0 50.0 50.0 50.0 50.0 50.0 50.0 50.0 50.0 50.0 50.0 50.0 50.0 50.0 50.0 50.0 50.0 50.0 50.0 50.0 50.0 50.0 50.0 50.0 50.0 50.0 50.0 50.0 50.0 50.0 50.0 50.0 50.0 50.0 50.0 50.0 50.0 50.0 50.0 50.0 50.0 50.0 50.0 50.0 50.0 50.0 50.0 50.0 50.0 50.0 50.0 50.0 50.0 50.0 50.0 50.0 50.0 50.0 50.0 50.0 50.0 50.0 50.0 50.0 50.0 50.0 50.0 50.0 50.0 50.0 50.0 50.0 50.0 50.0 50.0 50.0 50.0 50.0 50.0 50.0 50.0 50.0 50.0 50.0 50.0 50.0 50.0 50.0 50.0 50.0 50.0 50.0 50.0 50.0 50.0 50.0 50.0 50.0 50.0 50.0 50.0 50.0 50.0 50.0 50.0 50.0 50.0 50.0 50.0 50.0 50.0 50.0 50.0 50.0 50.0 50.0 50.0 50.0 50.0 50.0 50.0 50.0 50.0 50.0 50.0 50.0 50.0 50.0 50.0 50.0 50.0 50.0 
# name: reacPower
# type: matrix
# rows: 1
# columns: 358
 0.0 -0.104 0.0 -0.104 0.0 0.0 0.0 -0.104 -0.104 0.0 0.0 0.0 0.0 0.0 0.0 0.0 -0.104 0.0 0.0 0.0 0.0 0.0 0.0 0.0 0.0 0.0 0.0 0.0 0.0 0.0 0.0 0.0 0.0 0.0 0.0 0.0 0.0 0.0 0.0 0.0 0.0 0.0 0.0 0.0 0.0 0.0 0.0 0.0 0.0 0.0 0.0 0.0 0.0 0.0 0.0 0.0 0.0 0.0 0.0 0.0 0.0 0.104 0.0 0.0 0.0 0.104 0.0 0.104 0.0 0.104 0.104 0.0 0.104 0.104 0.104 0.104 0.104 0.104 0.104 0.104 0.104 0.104 0.104 0.104 0.104 0.104 0.104 0.104 0.104 0.208 0.104 0.104 0.104 0.208 0.208 0.208 0.104 0.208 0.208 0.208 0.208 0.104 0.208 0.208 0.208 0.208 0.0 0.208 0.208 0.208 0.208 0.208 0.208 0.208 0.208 0.208 0.208 0.208 0.208 0.208 0.208 0.208 0.208 0.208 0.208 0.208 0.208 0.208 0.208 0.208 0.208 0.104 0.104 0.208 0.208 0.208 0.208 0.208 0.208 0.208 0.208 0.208 0.208 0.208 0.208 0.208 0.208 0.208 0.208 0.104 0.208 0.208 0.208 0.208 0.312 0.312 0.312 0.208 0.312 0.312 0.312 0.312 0.312 0.312 0.104 0.208 0.312 0.312 0.208 0.312 0.312 0.312 0.312 0.312 0.208 0.312 0.312 0.312 0.312 0.208 0.312 0.312 0.312 0.312 0.312 0.312 0.312 0.312 0.312 0.208 0.208 0.312 0.312 0.312 0.312 0.312 0.312 0.312 0.312 0.312 0.312 0.312 0.312 0.312 0.312 0.312 0.312 0.312 0.208 0.312 0.312 0.312 0.208 0.312 0.208 0.312 0.312 0.312 0.312 0.208 0.208 0.208 0.312 0.312 0.208 0.312 0.312 0.312 0.208 0.208 0.208 0.208 0.208 0.312 0.208 0.312 0.312 0.312 0.208 0.312 0.208 0.312 0.208 0.208 0.312 0.312 0.208 0.208 0.208 0.208 0.208 0.208 0.312 0.208 0.208 0.208 0.208 0.208 0.208 0.208 0.208 0.208 0.208 0.208 0.208 0.208 0.208 0.208 0.312 0.208 0.208 0.208 0.208 0.208 0.208 0.208 0.208 0.208 0.208 0.208 0.208 0.208 0.208 0.208 0.208 0.208 0.208 0.312 0.312 0.208 0.208 0.208 0.208 0.208 0.208 0.208 0.208 0.208 0.208 0.208 0.208 0.208 0.208 0.208 0.208 0.208 0.208 0.208 0.208 0.208 0.208 0.208 0.208 0.208 0.208 0.208 0.208 0.208 0.208 0.208 0.208 0.208 0.208 0.208 0.208 0.208 0.208 0.208 0.208 0.208 0.208 0.208 0.208 0.208 0.104 0.208 0.208 0.208 0.208 0.208 0.208 0.208 0.208 0.208 0.208 0.208 0.208 0.208 0.208 0.208 0.208 0.208 0.208 0.208 0.208 0.208 0.208 0.208 
# name: power
# type: matrix
# rows: 1
# columns: 358
 5.099 6.557 6.452 6.452 6.452 6.557 6.452 6.452 6.452 6.452 6.452 6.452 6.452 6.452 6.452 6.452 4.891 6.452 6.452 6.452 6.348 6.348 6.348 6.348 6.348 6.348 6.348 6.348 6.348 6.348 6.348 6.348 6.452 6.452 6.348 5.516 6.244 6.244 6.14 6.14 6.14 3.538 6.14 6.036 6.036 6.036 5.932 5.932 5.828 5.828 5.828 5.724 5.724 5.724 5.62 5.62 5.516 5.516 5.516 5.516 5.412 5.412 5.516 5.412 5.412 5.412 5.308 5.308 5.308 5.203 5.203 5.308 5.203 5.203 5.099 5.099 5.099 1.04 5.099 4.995 4.891 4.891 4.891 4.891 4.891 4.891 4.787 4.787 4.683 4.683 4.683 4.683 4.579 4.579 4.579 4.579 4.995 4.475 4.475 4.475 4.475 4.683 4.475 4.371 4.371 4.267 5.724 4.267 2.914 4.267 4.267 4.163 4.163 4.163 4.059 4.163 4.059 4.059 4.059 3.955 3.955 3.955 3.955 3.955 3.85 3.85 3.85 3.85 3.85 3.85 4.475 4.371 4.371 2.081 3.642 3.642 3.642 3.642 3.642 3.642 3.642 3.538 3.538 3.538 3.538 3.538 3.538 3.434 3.434 4.891 3.642 3.434 3.33 3.33 3.33 3.33 3.33 3.226 3.226 3.226 3.226 3.122 3.226 3.122 1.04 3.226 3.122 3.122 3.122 3.018 3.018 3.018 3.018 3.018 2.914 3.018 3.018 3.018 2.914 2.914 2.914 3.122 2.81 2.81 2.914 2.81 2.81 2.81 2.81 2.289 2.81 2.706 2.706 2.706 2.706 2.706 2.601 2.706 2.706 2.601 2.601 2.706 2.601 2.601 2.601 2.601 2.601 2.497 1.977 2.601 2.497 2.497 2.497 2.497 2.393 2.393 2.393 2.393 2.393 2.289 2.393 2.393 2.289 2.393 2.289 2.289 2.289 2.289 2.289 2.185 2.185 2.289 2.289 2.289 2.185 2.185 2.185 2.185 2.185 2.185 2.914 2.081 2.289 2.081 2.081 2.081 2.081 2.081 2.081 2.081 2.081 2.081 2.081 2.081 2.081 2.081 2.081 1.977 1.977 1.977 1.977 1.977 1.977 1.977 1.977 1.977 1.977 1.873 1.873 1.873 1.873 1.873 1.873 1.977 1.873 1.873 1.873 1.769 1.873 1.769 1.769 1.769 1.769 1.769 1.769 2.185 2.185 2.185 2.081 1.665 0.728 1.665 1.665 1.665 1.665 1.665 1.665 1.665 1.665 1.665 1.561 1.561 1.561 1.561 1.561 1.665 1.561 1.561 1.561 0.728 1.561 1.561 1.561 1.561 1.561 1.561 1.561 1.561 1.561 1.561 1.561 1.457 1.561 1.561 1.457 1.457 1.457 1.561 1.457 1.457 1.457 1.457 1.457 1.457 1.04 1.457 1.353 1.353 1.457 1.353 1.353 1.353 1.353 1.353 1.353 1.353 1.353 1.353 1.353 1.353 1.353 1.353 1.353 1.353 1.353 1.353 1.353 1.248 
