# name: phAngle
# type: matrix
# rows: 1
# columns: 359
 0 0 0 0 0 0 0 0 0 0 0 0 0 0 0 0 0 0 0 0 0 0 0 0 0 0 0 0 0 0 0 0 0 0 0 0 0 0 0 0 0 0 0 0 0 0 0 0 0 0 0 0 0 0 0 0 0 0 0 0 0 0 0 0 0 0 0 0 0 0 0 0 0 0 0 0 0 0 0 0 0 0 0 0 0 0 0 0 0 0 0 0 0 0 0 0 0 0 0 0 0 0 0 0 0 0 0 0 0 0 0 0 0 0 0 0 0 0 0 0 0 0 0 0 0 0 0 0 0 0 0 0 0 0 0 0 0 0 0 0 0 0 0 0 0 0 0 0 0 0 0 0 0 0 0 0 0 0 0 0 0 0 0 0 0 0 0 0 0 0 0 0 0 0 0 0 0 0 0 0 0 0 0 0 0 0 0 0 0 0 0 0 0 0 0 0 0 0 0 0 0 0 0 0 0 0 0 0 0 0 0 0 0 0 0 0 0 0 0 0 0 0 0 0 0 0 0 0 0 0 0 0 0 0 0 0 0 0 0 0 0 0 0 0 0 0 0 0 0 0 0 0 0 0 0 0 0 0 0 0 0 0 0 0 0 0 0 0 0 0 0 0 0 0 0 0 0 0 0 0 0 0 0 0 0 0 0 0 0 0 0 0 0 0 0 0 0 0 0 0 0 0 0 0 0 0 0 0 0 0 0 0 0 0 0 0 0 0 0 0 0 0 0 0 0 0 0 0 0 0 0 0 0 0 0 0 0 0 0 0 0 0 0 0 0 0 0 0 0 0 0 0 0 0 0 0 4 0 3 
# name: freq
# type: matrix
# rows: 1
# columns: 359
 50.0 50.0 50.0 50.0 50.0 50.0 50.0 50.0 50.0 50.0 50.0 50.0 50.0 50.0 50.0 50.0 50.0 50.0 50.0 50.0 50.0 50.0 50.0 50.0 50.0 50.0 50.0 50.0 50.0 50.0 50.0 50.0 50.0 50.0 50.0 50.0 50.0 50.0 50.0 50.0 50.0 50.0 50.0 50.0 50.0 50.0 50.0 50.0 50.0 50.0 50.0 50.0 50.0 50.0 50.0 50.0 50.0 50.0 50.0 50.0 50.0 50.0 50.0 50.0 50.0 50.0 50.0 50.0 50.0 50.0 50.0 50.0 50.0 50.0 50.0 50.0 50.0 50.0 50.0 50.0 50.0 50.0 50.0 50.0 50.0 50.0 50.0 50.0 50.0 50.0 50.0 50.0 50.0 50.0 50.0 50.0 50.0 50.0 50.0 50.0 50.0 50.0 50.0 50.0 50.0 50.0 50.0 50.0 50.0 50.0 50.0 50.0 50.0 50.0 50.0 50.0 50.0 50.0 50.0 50.0 50.0 50.0 50.0 50.0 50.0 50.0 50.0 50.0 50.0 50.0 50.0 50.0 50.0 50.0 50.0 50.0 50.0 50.0 50.0 50.0 50.0 50.0 50.0 50.0 50.0 50.0 50.0 50.0 50.0 50.0 50.0 50.0 50.0 50.0 50.0 50.0 50.0 50.0 50.0 50.0 50.0 50.0 50.0 50.0 50.0 50.0 50.0 50.0 50.0 50.0 50.0 50.0 50.0 50.0 50.0 50.0 50.0 50.0 50.0 50.0 50.0 50.0 50.0 50.0 50.0 50.0 50.0 50.0 50.0 50.0 50.0 50.0 50.0 50.0 50.0 50.0 50.0 50.0 50.0 50.0 50.0 50.0 50.0 50.0 50.0 50.0 50.0 50.0 50.0 50.0 50.0 50.0 50.0 50.0 50.0 50.0 50.0 50.0 50.0 50.0 50.0 50.0 50.0 50.0 50.0 50.0 50.1 50.0 50.0 50.0 50.0 50.0 50.0 50.0 50.0 50.0 50.0 50.0 50.0 50.0 50.0 50.0 50.0 50.0 50.0 50.0 50.0 50.0 50.0 50.0 50.0 50.0 50.0 50.0 50.0 50.0 50.0 50.0 50.0 50.0 50.0 50.0 50.0 50.0 50.0 50.0 50.0 50.0 50.0 50.0 50.0 50.0 49.9 49.9 49.9 49.9 49.9 49.9 49.9 49.9 50.0 49.9 49.9 49.9 49.9 50.0 50.0 49.9 49.9 50.0 50.0 50.0 50.0 49.9 50.0 50.0 49.9 50.0 50.0 50.0 50.0 50.0 50.0 50.0 50.0 50.0 50.0 50.0 50.0 50.0 50.0 50.0 50.0 49.9 50.0 50.0 50.0 50.0 50.0 50.0 50.0 50.0 50.0 50.0 50.0 50.0 50.0 50.0 50.0 50.0 50.0 50.0 50.0 50.0 50.0 50.0 50.0 50.0 50.0 50.0 50.0 50.0 50.0 50.0 50.0 50.0 50.0 50.0 50.0 50.0 50.0 50.0 50.0 50.0 50.0 50.0 50.0 50.0 50.0 
# name: reacPower
# type: matrix
# rows: 1
# columns: 359
 -0.414 -0.414 -0.517 -0.517 -0.414 -0.414 -0.414 -0.414 -0.414 -0.414 -0.414 -0.414 -0.414 -0.414 -0.414 -0.517 -0.621 -0.621 -0.621 -0.621 -0.414 -0.414 -0.414 -0.517 -0.517 -0.517 -0.517 -0.414 -0.621 -0.517 -0.621 -0.517 -0.517 -0.517 -0.414 -0.414 -0.517 -0.414 -0.31 -0.414 -0.517 -0.517 -0.414 -0.517 -0.517 -0.517 -0.414 -0.414 -0.414 -0.414 -0.517 -0.517 -0.414 -0.414 -0.414 -0.31 -0.31 -0.414 -0.414 -0.517 -0.31 -0.414 -0.31 -0.414 -0.31 -0.414 -0.31 -0.31 -0.414 -0.31 -0.31 -0.414 -0.414 -0.31 -0.414 -0.414 -0.31 -0.31 -0.31 -0.414 -0.31 -0.31 -0.31 -0.31 -0.31 -0.31 -0.414 -0.31 -0.31 -0.414 -0.31 -0.31 -0.517 -0.31 -0.414 -0.31 -0.31 -0.31 -0.31 -0.414 -0.31 -0.31 -0.31 -0.31 -0.31 -0.31 -0.31 -0.414 -0.31 -0.414 -0.31 -0.31 -0.414 -0.31 -0.31 -0.31 -0.207 -0.31 -0.31 -0.31 -0.207 -0.31 -0.31 -0.31 -0.31 -0.207 -0.207 -0.207 -0.31 -0.207 -0.414 -0.31 -0.414 -0.414 -0.517 -0.414 -0.31 -0.414 -0.414 -0.414 -0.414 -0.414 -0.414 -0.414 -0.414 -0.31 -0.31 -0.31 -0.31 -0.31 -0.414 -0.31 -0.31 -0.31 -0.414 -0.31 -0.31 -0.31 -0.31 -0.31 -0.207 -0.207 -0.31 -0.207 -0.31 -0.207 -0.207 -0.207 -0.207 -0.207 -0.207 -0.31 -0.207 -0.207 -0.207 -0.207 -0.207 -0.207 -0.103 -0.207 -0.103 -0.207 -0.207 -0.103 -0.207 -0.207 -0.103 -0.103 -0.103 0.0 -0.103 -0.103 -0.103 -0.103 -0.103 -0.103 -0.103 -0.103 0.0 -0.103 0.0 -0.103 -0.103 0.0 0.0 -0.103 0.0 0.0 -0.103 0.0 -0.207 -0.103 -0.103 -0.103 0.0 0.0 0.0 -0.103 0.0 -0.103 -0.103 0.0 0.0 0.0 0.0 0.0 0.0 0.0 0.0 0.0 0.0 0.0 0.0 0.0 0.0 0.0 0.0 0.0 0.0 0.0 0.0 0.0 0.0 0.0 0.0 0.0 0.0 0.0 0.0 0.0 0.0 0.0 0.0 0.0 0.0 0.0 0.0 0.0 0.0 0.0 0.0 0.0 0.0 0.0 0.0 0.0 0.0 0.0 0.0 0.0 0.0 0.0 0.0 0.0 0.0 0.0 0.0 0.0 0.0 0.0 0.0 0.0 0.0 0.0 0.0 0.0 0.0 0.0 0.0 0.0 0.0 0.103 0.0 0.0 0.0 0.103 0.103 0.0 0.0 0.0 0.0 0.0 0.0 0.0 0.103 0.103 0.0 0.0 0.103 0.0 0.103 0.103 0.0 0.103 0.103 0.0 0.0 0.0 0.103 0.103 0.0 0.0 0.0 0.0 0.0 0.0 0.103 0.0 0.103 0.0 0.103 0.103 0.0 0.103 0.0 0.103 0.103 0.103 0.103 0.103 0.103 0.0 0.0 0.103 0.103 0.103 0.0 0.103 0.103 0.103 0.103 0.103 0.103 0.103 0.103 0.103 0.103 0.103 0.0 
# name: power
# type: matrix
# rows: 1
# columns: 359
 6.521 6.521 6.728 6.935 6.625 6.521 6.728 6.521 6.935 6.728 6.728 6.625 6.728 6.728 6.625 6.728 6.728 6.832 6.728 6.832 6.625 6.521 6.521 6.521 6.521 6.521 6.521 6.521 6.521 6.521 6.521 6.521 6.521 6.521 6.521 6.521 6.521 6.521 6.521 6.521 6.521 6.521 6.521 6.521 6.521 6.521 6.521 6.521 6.521 6.521 6.521 6.521 6.521 6.521 6.521 6.521 6.521 6.521 6.521 6.521 6.521 6.521 6.521 6.521 6.521 6.418 6.521 6.521 6.521 6.521 6.521 6.521 6.521 6.418 6.521 6.521 6.521 6.418 6.521 6.521 6.521 6.521 6.418 6.418 6.418 6.418 6.418 6.418 6.418 6.418 6.418 6.418 6.418 6.418 6.418 6.418 6.418 6.521 6.418 6.418 6.418 6.418 6.418 6.418 6.418 6.418 6.418 6.418 6.418 6.418 6.418 6.418 6.418 6.418 6.418 6.418 6.418 6.418 6.418 6.418 6.314 6.418 6.418 6.418 6.314 6.314 6.314 6.314 6.314 6.314 6.314 6.314 6.418 6.314 6.314 6.314 6.314 6.314 6.314 6.314 6.314 6.314 6.314 6.314 6.211 6.211 6.211 6.211 6.107 6.107 6.107 6.004 6.004 6.004 6.004 5.9 5.9 5.9 5.9 5.797 5.797 5.797 5.693 5.693 5.693 5.59 5.59 5.59 5.59 5.486 5.486 5.486 5.486 5.383 5.383 5.383 5.383 5.279 5.279 6.004 5.279 5.176 5.176 5.176 5.59 6.107 5.072 4.968 4.968 4.865 4.865 4.865 4.761 4.761 4.761 4.658 4.658 4.658 4.658 4.554 4.554 4.554 4.451 4.451 4.451 4.451 4.451 4.347 4.347 4.347 5.383 4.865 4.865 4.761 4.244 4.14 4.244 4.14 4.14 4.037 4.037 4.037 4.037 3.933 3.933 3.933 3.933 3.933 3.933 3.83 3.83 3.83 3.83 3.83 3.726 3.726 3.726 3.726 3.726 3.623 3.623 3.623 3.623 3.623 3.519 3.519 3.519 3.519 3.519 3.519 3.519 3.416 4.244 3.416 3.416 3.312 3.312 3.312 3.312 3.312 3.209 3.312 3.209 3.209 3.209 3.209 3.105 3.105 3.105 3.105 3.105 3.002 3.105 3.002 3.002 3.519 3.519 3.519 3.519 3.209 3.002 2.898 3.519 2.898 2.898 2.898 2.898 2.795 2.795 2.795 2.795 2.795 2.691 2.691 2.691 2.691 2.691 2.691 2.588 2.691 2.588 2.588 2.588 2.588 2.588 2.484 2.484 2.484 2.484 2.484 2.484 2.484 2.484 2.484 2.38 2.484 2.38 2.38 2.38 2.38 2.38 2.38 2.277 2.277 2.277 2.277 2.277 2.277 2.277 2.277 2.277 2.277 2.173 2.173 2.173 2.173 2.173 2.173 2.173 2.173 2.173 2.173 3.002 2.173 2.173 2.07 2.07 2.07 2.07 2.07 2.07 1.966 2.07 2.07 2.07 2.07 1.966 1.966 1.966 
