# name: phAngle
# type: matrix
# rows: 1
# columns: 359
 5 0 0 0 4 5 4 4 4 5 0 5 4 5 5 6 4 5 5 3 3 3 4 4 5 5 5 5 5 5 5 5 5 5 5 5 5 4 5 5 5 0 0 0 0 4 0 0 0 0 5 4 4 5 5 4 5 6 5 5 5 5 6 6 6 6 6 7 6 6 6 6 5 5 5 6 5 5 5 5 6 4 4 5 4 5 4 4 4 4 4 5 3 3 4 5 4 4 5 5 3 3 3 3 5 5 5 5 4 5 5 5 5 4 4 4 5 4 5 5 5 5 5 5 6 5 5 5 6 5 6 6 6 6 5 6 6 6 6 6 7 7 6 7 7 6 7 7 7 5 5 5 6 5 5 6 6 6 6 4 6 6 6 7 6 6 7 7 7 7 7 8 7 7 7 7 8 6 6 7 7 7 6 7 7 7 6 6 7 6 5 5 5 5 6 6 6 6 6 6 6 6 7 6 8 7 6 8 6 8 7 7 7 7 0 6 7 6 7 7 7 7 0 7 7 8 0 0 7 7 7 7 0 0 0 7 0 0 8 5 0 8 0 0 0 0 0 0 0 4 5 6 7 0 0 0 0 0 0 9 0 8 0 0 0 0 0 0 0 6 0 0 0 0 0 0 0 0 0 0 0 0 0 0 0 0 0 0 0 0 0 0 0 0 0 0 0 0 0 0 0 0 0 0 0 0 0 0 0 0 0 0 0 0 0 0 0 0 0 0 0 0 0 0 0 0 0 0 0 0 5 6 6 0 0 0 0 0 0 0 0 6 0 0 0 0 0 0 0 0 0 0 0 0 0 0 0 0 0 
# name: freq
# type: matrix
# rows: 1
# columns: 359
 50.0 50.0 50.0 50.0 50.0 50.0 50.0 50.0 50.0 50.0 50.0 50.0 50.0 50.0 50.0 50.0 50.0 50.0 50.0 50.0 50.0 50.0 50.0 50.0 50.0 50.0 50.0 50.0 50.0 50.0 50.0 50.0 50.0 50.0 50.0 50.0 50.0 50.0 50.0 50.0 50.0 50.0 50.0 50.0 50.0 50.0 50.0 50.0 50.0 50.0 50.0 50.0 50.0 50.0 50.0 50.0 50.0 50.0 50.0 50.0 50.0 50.0 50.0 50.0 50.0 50.0 50.0 50.0 50.0 50.0 50.0 50.0 50.0 50.0 50.0 50.0 50.0 50.0 50.0 50.0 50.0 50.0 50.0 50.0 50.0 50.0 50.0 50.0 50.0 50.0 50.0 50.0 50.0 50.0 50.0 50.0 50.0 50.0 50.0 50.0 50.0 50.0 50.0 50.0 50.0 50.0 50.0 50.0 50.0 50.0 50.0 50.0 50.0 50.0 50.0 50.0 50.0 50.0 50.0 50.0 50.0 50.0 50.0 50.0 50.0 50.0 50.0 50.0 50.0 50.0 50.0 50.0 50.0 50.0 50.0 50.0 50.0 50.0 50.0 50.0 50.0 50.0 50.0 50.0 50.0 50.0 50.0 50.0 50.0 50.0 50.0 50.0 50.0 50.0 50.0 50.0 50.0 50.0 50.0 50.0 50.0 50.0 50.0 50.0 50.0 50.0 50.0 50.0 50.0 50.0 50.0 50.0 50.0 50.0 50.0 50.0 50.0 50.0 50.0 50.0 50.0 50.0 50.0 50.0 50.0 50.0 50.0 50.0 50.0 50.0 50.0 50.0 50.0 50.0 50.0 50.0 50.0 50.0 50.0 50.0 50.0 50.0 50.0 50.0 50.0 50.0 50.0 50.0 50.0 50.0 50.0 50.0 50.0 50.0 50.0 50.0 50.0 50.0 50.0 50.0 50.0 50.0 50.0 50.0 50.0 50.0 50.0 50.0 50.0 50.0 50.0 50.0 50.0 50.0 50.0 50.0 50.0 50.0 50.0 50.0 50.0 50.0 50.0 50.0 50.0 50.0 50.0 50.0 50.0 50.0 50.0 50.0 50.0 50.0 50.0 50.0 50.0 50.0 50.0 49.9 50.0 50.0 50.0 50.0 50.0 50.0 50.0 50.0 50.0 50.0 50.0 50.0 50.0 50.0 50.0 50.0 50.0 50.0 50.0 50.0 50.0 50.0 50.0 50.0 50.0 50.0 50.0 50.0 50.0 50.0 50.0 50.0 50.0 50.0 50.0 50.0 50.0 50.0 50.0 50.0 50.0 50.0 50.0 50.0 50.0 50.0 50.0 50.0 50.0 50.0 50.0 50.0 50.0 50.0 50.0 50.0 50.0 50.0 50.0 50.0 50.0 50.0 50.0 50.0 50.0 50.0 50.0 50.0 50.0 50.0 50.0 50.0 50.0 50.0 50.0 50.0 50.0 50.0 50.0 50.0 50.0 50.0 50.0 50.0 50.0 50.0 50.0 50.0 50.0 50.0 50.0 50.0 50.0 50.0 50.0 50.0 50.0 50.0 50.0 
# name: reacPower
# type: matrix
# rows: 1
# columns: 359
 0.103 0.103 0.103 0.103 0.103 0.103 0.103 0.103 0.103 0.103 0.103 0.103 0.103 0.103 0.103 0.103 0.103 0.103 0.103 0.103 0.103 0.103 0.103 0.103 0.103 0.103 0.103 0.103 0.103 0.103 0.103 0.103 0.103 0.103 0.103 0.103 0.103 0.103 0.103 0.103 0.103 0.103 0.103 0.103 0.103 0.103 0.103 0.103 0.103 0.103 0.103 0.103 0.103 0.103 0.103 0.103 0.103 0.103 0.103 0.103 0.103 0.103 0.103 0.103 0.103 0.103 0.103 0.103 0.103 0.103 0.103 0.103 0.103 0.103 0.103 0.103 0.103 0.103 0.103 0.103 0.103 0.103 0.103 0.103 0.103 0.103 0.103 0.103 0.0 0.103 0.103 0.103 0.0 0.0 0.103 0.103 0.103 0.103 0.103 0.103 0.103 0.103 0.103 0.103 0.103 0.103 0.103 0.103 0.103 0.103 0.103 0.103 0.103 0.0 0.0 0.103 0.103 0.103 0.103 0.103 0.103 0.103 0.103 0.103 0.103 0.103 0.103 0.103 0.103 0.103 0.103 0.103 0.103 0.103 0.103 0.103 0.103 0.103 0.103 0.103 0.103 0.103 0.103 0.103 0.103 0.103 0.103 0.103 0.103 0.103 0.103 0.103 0.103 0.103 0.103 0.103 0.103 0.103 0.103 0.103 0.103 0.103 0.103 0.103 0.103 0.103 0.103 0.103 0.103 0.103 0.103 0.103 0.103 0.103 0.103 0.103 0.103 0.103 0.103 0.103 0.103 0.103 0.103 0.103 0.103 0.103 0.103 0.103 0.103 0.103 0.103 0.103 0.103 0.103 0.103 0.103 0.103 0.103 0.103 0.103 0.103 0.103 0.103 0.103 0.103 0.103 0.103 0.103 0.103 0.103 0.103 0.103 0.103 0.103 0.0 0.103 0.103 0.103 0.103 0.103 0.103 0.103 0.0 0.103 0.103 0.103 0.0 0.0 0.103 0.103 0.103 0.103 0.0 0.0 0.0 0.103 0.0 0.0 0.103 0.103 0.0 0.103 0.0 0.0 0.0 0.0 0.0 0.0 0.0 0.103 0.103 0.103 0.103 0.0 0.0 0.0 0.0 0.0 0.0 0.103 0.0 0.103 0.0 0.0 0.0 0.0 0.0 0.0 0.0 0.103 0.0 0.0 0.0 0.0 0.0 0.0 0.0 0.0 0.0 0.0 0.0 0.0 0.0 0.0 0.0 0.0 0.0 0.0 0.0 0.0 0.0 0.0 0.0 0.0 0.0 0.0 0.0 0.0 0.0 0.0 0.0 0.0 0.0 0.0 0.0 0.0 0.0 0.0 0.0 0.0 0.0 0.0 0.0 0.0 0.0 0.0 0.0 0.0 0.0 0.0 0.0 0.0 0.0 0.0 0.0 0.0 0.0 0.0 0.0 0.0 0.103 0.103 0.103 0.0 0.0 0.0 0.0 0.0 0.0 0.0 0.0 0.103 0.0 0.0 0.0 0.0 0.0 0.0 0.0 0.0 0.0 0.0 0.0 0.0 0.0 0.0 0.0 0.0 0.0 
# name: power
# type: matrix
# rows: 1
# columns: 359
 1.966 2.484 3.209 2.38 1.863 1.863 1.863 1.863 1.863 1.863 2.588 1.863 1.863 1.863 1.863 1.863 1.863 1.863 1.863 1.863 1.759 1.759 1.759 1.759 1.759 1.759 1.759 1.759 1.759 1.759 1.759 1.759 1.656 1.759 1.656 1.656 1.656 1.759 1.656 1.656 1.656 2.38 2.173 2.07 2.07 1.656 2.38 2.07 2.07 2.07 1.656 1.656 1.656 1.552 1.656 1.656 1.552 1.552 1.552 1.552 1.552 1.552 1.552 1.552 1.552 1.552 1.449 1.449 1.449 1.449 1.449 1.449 1.449 1.449 1.449 1.449 1.449 1.449 1.449 1.449 1.449 1.449 1.759 1.449 1.449 1.449 1.449 1.345 1.345 1.345 1.345 1.345 1.449 1.345 1.345 1.345 1.449 1.552 1.345 1.345 1.966 1.863 1.759 1.759 1.449 1.345 1.345 1.345 1.345 1.345 1.345 1.345 1.345 1.345 1.242 1.242 1.345 1.242 1.345 1.242 1.242 1.242 1.242 1.242 1.345 1.242 1.242 1.242 1.242 1.242 1.242 1.242 1.242 1.242 1.449 1.138 1.138 1.138 1.138 1.138 1.138 1.138 1.138 1.138 1.138 1.138 1.138 1.138 1.138 1.138 1.138 1.138 1.138 1.449 1.138 1.138 1.138 1.138 1.138 1.966 1.138 1.138 1.138 1.138 1.138 1.138 1.138 1.035 1.035 1.138 1.035 1.035 1.035 1.035 1.035 1.138 1.035 1.035 1.035 1.035 1.035 1.138 1.035 1.035 1.035 1.035 1.035 1.035 1.035 1.138 1.552 1.552 1.552 1.552 1.035 1.035 1.035 1.035 1.035 1.035 1.035 1.035 1.035 1.035 1.035 1.035 1.035 1.035 1.035 1.035 0.931 1.035 0.931 1.035 0.0 0.931 0.931 1.035 1.035 0.931 0.931 1.035 0.0 1.035 0.931 0.931 0.0 0.0 0.931 0.931 0.931 0.931 0.0 0.0 0.0 0.931 0.0 0.0 0.931 1.759 0.0 0.931 0.0 0.0 0.0 0.0 0.0 0.0 0.0 1.759 1.345 1.449 1.345 0.0 0.0 0.0 0.0 0.0 0.0 0.931 0.0 0.931 0.0 0.0 0.0 0.0 0.0 0.0 0.0 1.345 0.0 0.0 0.0 0.0 0.0 0.0 0.0 0.0 0.0 0.0 0.0 0.0 0.0 0.0 0.0 0.0 0.0 0.0 0.0 0.0 0.0 0.0 0.0 0.0 0.0 0.0 0.0 0.0 0.0 0.0 0.0 0.0 0.0 0.0 0.0 0.0 0.0 0.0 0.0 0.0 0.0 0.0 0.0 0.0 0.0 0.0 0.0 0.0 0.0 0.0 0.0 0.0 0.0 0.0 0.0 0.0 0.0 0.0 0.0 0.0 1.449 1.345 1.345 0.0 0.0 0.0 0.0 0.0 0.0 0.0 0.0 1.242 0.0 0.0 0.0 0.0 0.0 0.0 0.0 0.0 0.0 0.0 0.0 0.0 0.0 0.0 0.0 0.0 0.0 
