# name: phAngle
# type: matrix
# rows: 1
# columns: 321
 0 0 0 0 0 0 0 0 0 0 0 0 0 0 0 0 0 0 0 0 0 0 0 0 0 0 0 0 0 0 0 0 0 0 0 0 0 0 0 0 0 0 0 0 0 0 0 0 0 0 0 0 0 0 0 0 0 0 0 0 0 0 0 0 0 0 0 0 0 0 0 0 0 0 0 0 0 0 0 0 0 0 0 0 0 0 0 0 0 0 0 0 0 0 0 0 0 0 0 0 0 0 0 0 0 0 0 0 0 0 0 0 0 0 0 0 0 0 0 0 0 0 0 0 0 0 0 0 0 0 0 0 0 0 0 0 0 0 0 0 0 0 0 0 0 0 0 0 0 0 0 0 0 0 0 0 0 0 0 0 0 0 0 0 0 0 0 0 0 0 0 0 0 0 0 0 0 0 0 0 0 0 0 0 0 0 0 0 0 0 0 0 0 0 0 0 0 0 0 0 0 0 0 0 0 0 0 0 0 0 0 0 0 0 0 0 0 0 0 0 0 0 0 0 0 0 0 0 0 0 0 0 0 0 0 0 0 0 0 0 0 0 0 0 0 0 0 0 0 0 0 0 0 0 0 0 0 0 0 0 0 0 0 0 0 0 0 0 0 0 0 0 0 0 0 0 0 0 0 0 0 0 0 0 0 0 0 0 0 0 0 0 0 0 0 0 0 0 0 0 0 0 0 0 0 0 0 0 0 0 0 0 0 0 0 0 0 0 0 0 0 
# name: freq
# type: matrix
# rows: 1
# columns: 321
 50.0 50.0 50.0 50.0 50.0 50.0 50.0 50.0 50.0 50.0 50.0 50.0 50.0 50.0 50.0 50.0 50.0 50.0 50.0 50.0 50.0 50.0 50.0 50.0 50.0 50.0 50.0 50.0 50.0 50.0 50.0 50.0 50.0 50.0 50.0 50.0 50.0 50.0 50.0 50.0 50.0 50.0 50.0 50.0 50.0 50.0 50.0 50.0 50.0 50.0 50.0 50.0 50.0 50.0 50.0 50.0 50.0 50.0 50.0 50.0 50.0 50.0 50.0 50.0 50.0 50.0 50.0 50.0 50.0 50.0 50.0 50.0 50.0 50.0 50.0 50.0 50.0 50.0 50.0 50.0 50.0 50.0 50.0 50.0 50.0 50.0 50.0 50.0 50.0 50.0 50.0 50.0 50.0 50.0 50.0 50.0 50.0 50.0 50.0 50.0 50.0 50.0 50.0 50.0 50.0 50.0 50.0 50.0 50.0 50.0 50.0 50.0 50.0 50.0 50.0 50.0 50.0 50.0 50.0 50.0 50.0 50.0 50.0 50.0 50.0 50.0 50.0 50.0 50.0 50.0 50.0 50.0 50.0 50.0 50.0 50.0 50.0 50.0 50.0 50.0 50.0 50.0 50.0 50.0 50.0 50.0 50.0 50.0 50.0 50.0 50.0 50.0 50.0 50.0 50.0 50.0 50.0 50.0 50.0 50.0 50.0 50.0 50.0 50.0 50.0 49.9 49.9 49.9 49.9 49.9 49.9 49.9 49.9 49.9 49.9 49.9 49.9 49.9 49.9 49.9 49.9 50.0 50.0 49.9 49.9 49.9 49.9 50.0 49.9 49.9 49.9 50.0 50.0 50.0 50.0 49.9 50.0 50.0 50.0 50.0 50.0 50.0 50.0 50.0 50.0 50.0 50.0 50.0 50.0 50.0 50.0 50.0 50.0 50.0 50.0 50.0 50.0 50.0 50.0 50.0 50.0 50.0 50.0 50.0 50.0 50.0 50.0 50.0 50.0 50.0 50.0 50.0 50.0 50.0 50.0 50.0 50.0 50.0 50.0 50.0 50.0 50.0 50.0 50.0 50.0 50.0 50.0 50.0 50.0 50.0 50.0 50.0 50.0 50.0 50.0 50.0 50.0 50.0 50.0 50.0 50.0 50.0 50.0 50.0 50.0 50.0 50.0 50.0 50.0 50.0 50.0 50.0 50.0 50.0 50.0 50.0 50.0 50.0 50.0 50.0 50.0 50.0 50.0 50.0 50.0 50.0 50.0 50.0 50.0 50.0 50.0 50.0 50.0 50.0 50.0 50.0 50.0 50.0 50.0 50.0 50.0 50.0 50.0 50.0 50.0 50.0 50.0 50.0 50.0 50.0 50.0 50.0 50.0 50.0 50.0 50.0 50.0 50.0 50.0 50.0 50.0 
# name: reacPower
# type: matrix
# rows: 1
# columns: 321
 0.0 0.0 0.0 0.0 0.0 0.0 0.0 0.0 0.0 0.0 0.0 0.0 0.0 0.0 0.0 0.0 0.0 -0.207 -0.103 -0.103 -0.103 -0.103 -0.103 -0.207 -0.103 -0.103 -0.103 -0.103 -0.103 -0.103 -0.103 -0.103 -0.103 -0.103 -0.103 -0.103 -0.103 -0.103 -0.103 -0.103 -0.103 -0.103 -0.103 -0.103 -0.103 -0.103 -0.103 -0.103 -0.103 -0.103 -0.103 -0.103 -0.103 -0.103 -0.103 -0.103 -0.103 -0.103 -0.103 -0.207 -0.103 -0.207 -0.103 -0.103 -0.103 -0.103 -0.103 -0.103 -0.103 -0.103 -0.103 -0.207 -0.207 -0.103 -0.103 -0.103 -0.103 -0.207 -0.207 -0.207 -0.207 -0.207 -0.207 -0.207 -0.207 -0.207 -0.207 -0.103 -0.103 -0.207 -0.103 -0.103 -0.103 -0.103 -0.103 -0.103 -0.103 -0.103 -0.103 -0.103 -0.103 -0.103 -0.103 -0.207 -0.103 -0.103 -0.103 -0.207 -0.103 -0.207 -0.207 -0.103 -0.103 -0.207 -0.207 -0.103 -0.207 -0.103 -0.207 -0.207 -0.207 -0.103 -0.103 -0.103 -0.103 -0.103 -0.207 -0.103 -0.103 -0.103 -0.103 -0.207 -0.207 -0.207 -0.207 -0.207 -0.103 -0.207 -0.207 -0.207 -0.207 -0.207 -0.207 -0.207 -0.207 -0.207 -0.207 -0.207 -0.207 -0.207 -0.207 -0.207 -0.207 -0.207 -0.207 -0.207 -0.207 -0.103 -0.103 -0.207 -0.103 -0.103 -0.103 -0.103 -0.207 -0.103 -0.103 -0.103 0.0 0.0 -0.103 0.0 0.0 0.0 0.0 0.0 0.0 0.0 0.0 0.0 0.0 0.0 0.0 0.0 0.0 0.0 0.0 0.0 0.0 0.0 0.0 0.0 0.0 0.0 0.0 0.0 0.0 0.0 0.0 0.0 0.0 0.0 0.0 0.0 0.0 0.0 0.0 0.0 0.0 0.0 0.0 0.0 0.0 0.0 0.0 0.0 0.0 0.0 0.0 0.0 0.0 0.0 0.0 0.0 0.0 0.0 0.0 0.0 0.0 0.0 0.0 0.0 0.0 0.103 0.103 0.0 0.0 0.0 0.103 0.103 0.103 0.103 0.103 0.103 0.103 0.103 0.103 0.103 0.103 0.103 0.103 0.103 0.103 0.103 0.103 0.103 0.103 0.103 0.103 0.103 0.103 0.103 0.103 0.103 0.103 0.103 0.103 0.103 0.103 0.103 0.103 0.103 0.103 0.103 0.103 0.207 0.103 0.103 0.103 0.103 0.103 0.207 0.207 0.103 0.103 0.207 0.103 0.103 0.103 0.103 0.207 0.207 0.207 0.207 0.207 0.103 0.103 0.103 0.103 0.207 0.103 0.103 0.103 0.103 0.207 0.103 0.103 0.103 0.103 0.103 0.103 0.103 0.103 0.103 0.207 0.103 0.207 0.207 0.103 0.103 0.207 
# name: power
# type: matrix
# rows: 1
# columns: 321
 0.0 0.0 0.0 0.0 0.0 0.0 0.0 0.0 0.0 0.0 0.0 0.0 0.0 0.0 0.0 0.0 0.0 5.486 5.072 5.072 5.072 5.176 5.072 5.176 5.072 5.072 5.072 5.072 5.072 5.072 5.072 5.176 5.072 5.072 5.176 5.176 5.176 5.176 5.176 5.072 5.176 5.176 5.176 5.176 5.176 5.176 5.176 5.176 5.176 5.176 5.176 5.072 5.176 5.176 5.176 5.176 5.176 5.176 5.176 5.176 5.176 5.176 5.176 5.176 5.176 5.176 5.176 5.176 5.176 5.176 5.176 5.176 5.176 5.176 5.176 5.279 5.176 5.279 5.176 5.176 5.176 5.279 5.176 5.176 5.176 5.176 5.176 5.176 5.176 5.176 5.176 5.176 5.176 5.176 5.176 5.176 5.176 5.176 5.176 5.176 5.176 5.176 5.176 5.176 5.176 5.176 5.176 5.279 5.176 5.279 5.176 5.176 5.176 5.176 5.176 5.176 5.176 5.176 5.279 5.279 5.176 5.279 5.279 5.279 5.176 5.279 5.279 5.279 5.176 5.279 5.279 5.279 5.279 5.279 5.279 5.279 5.279 5.279 5.279 5.279 5.279 5.279 5.279 5.279 5.279 5.279 5.279 5.279 5.279 5.279 5.176 5.176 5.176 5.176 5.072 5.072 5.072 4.968 4.968 4.968 4.968 4.865 4.865 4.865 5.176 4.761 4.761 4.761 4.658 4.658 4.554 4.658 4.554 4.554 4.554 4.451 4.451 4.451 4.451 4.347 4.451 4.347 4.347 4.347 4.244 4.244 4.244 4.244 4.14 4.244 4.14 4.14 4.037 4.037 4.037 4.037 4.037 3.933 3.933 3.933 3.933 3.83 3.933 3.83 3.83 3.83 3.726 3.726 3.726 3.726 3.726 3.726 3.623 3.623 3.623 3.623 3.623 3.519 3.519 3.519 3.519 3.519 3.519 3.416 3.416 3.416 3.416 3.623 3.312 3.312 3.312 3.312 3.312 3.312 3.312 3.209 3.209 3.209 3.209 3.105 3.105 3.105 3.105 3.105 3.105 3.105 3.105 3.002 3.002 3.002 3.002 3.002 3.002 3.002 2.898 2.898 2.898 2.898 2.795 2.795 2.795 2.795 2.795 2.795 2.691 2.691 2.691 2.691 2.691 2.691 2.691 2.588 2.588 2.588 2.588 2.588 2.588 2.484 2.588 2.484 2.484 2.484 2.484 2.484 2.484 2.38 2.38 2.38 2.38 2.38 2.38 2.38 2.38 2.38 2.277 2.277 2.277 2.277 2.277 2.277 2.277 2.277 2.277 2.173 2.173 2.173 2.173 2.277 2.173 2.173 2.173 2.173 2.07 2.07 2.07 2.173 2.07 2.07 2.07 2.07 2.07 
