# name: phAngle
# type: matrix
# rows: 1
# columns: 360
 0 0 0 0 0 0 0 0 0 0 0 0 0 0 0 0 0 0 0 0 0 0 0 0 0 0 0 0 0 0 0 0 0 0 0 0 0 0 0 0 0 0 0 0 0 0 0 0 0 0 0 0 0 0 0 0 0 0 0 0 0 0 0 0 0 0 0 0 0 0 0 0 0 0 0 0 0 0 0 0 0 0 0 0 0 0 0 0 0 0 0 0 0 0 0 0 0 0 0 0 0 0 0 0 0 0 0 0 0 0 0 0 0 0 0 0 0 0 0 0 0 0 0 0 0 0 0 0 0 0 0 0 0 0 0 0 0 0 0 0 0 0 0 0 0 0 0 0 0 0 0 0 0 0 0 0 0 0 0 0 0 0 0 0 0 0 0 0 0 0 0 0 0 0 0 0 0 0 0 0 0 0 0 0 0 0 0 0 0 0 0 0 0 0 0 0 0 0 0 0 0 0 0 0 0 0 0 0 0 0 0 0 0 0 0 0 0 0 0 0 0 0 0 0 0 0 0 0 0 0 0 0 0 0 0 0 0 0 0 0 0 0 0 0 0 0 0 0 0 0 0 0 0 0 0 0 0 0 0 0 0 0 0 0 0 0 0 0 0 0 0 0 0 0 0 0 0 0 0 0 0 0 0 0 0 0 0 0 0 0 0 0 0 0 0 0 0 0 0 0 0 0 0 0 0 0 0 0 0 0 0 0 0 0 0 0 0 0 0 0 0 0 0 0 0 0 0 0 0 0 0 0 0 0 0 0 0 0 0 0 0 0 0 0 0 0 0 0 0 0 0 0 0 0 0 0 0 0 0 0 
# name: freq
# type: matrix
# rows: 1
# columns: 360
 50.0 50.0 50.0 50.0 50.0 50.0 50.0 50.0 50.0 50.0 50.0 50.0 50.0 50.0 50.0 50.0 50.0 50.0 50.0 50.0 50.0 50.0 50.0 50.0 50.0 50.0 50.0 50.0 50.0 50.0 50.0 50.0 50.0 50.0 50.0 50.0 50.0 50.0 50.0 50.0 50.0 50.0 50.0 50.0 50.0 50.0 50.0 50.0 50.0 50.0 50.0 50.0 50.0 50.0 50.0 50.0 50.0 50.0 50.0 50.0 50.0 50.0 50.0 50.0 50.0 49.9 50.0 50.0 50.0 50.0 50.0 50.0 50.0 49.9 50.0 50.0 50.0 50.0 50.0 50.0 50.0 50.0 50.0 49.9 50.0 50.0 50.0 50.0 50.0 50.0 50.0 50.0 50.0 50.0 50.0 50.0 50.0 50.0 50.0 50.0 50.0 50.0 50.0 50.0 50.0 50.0 50.0 50.0 50.0 50.0 50.0 50.0 50.0 50.0 50.0 50.0 50.0 50.0 50.0 50.0 50.0 50.0 50.0 50.0 50.0 50.0 50.0 50.0 50.0 50.0 50.0 50.0 50.0 50.0 50.0 50.0 50.0 50.0 50.0 50.0 50.0 50.0 50.0 50.0 50.0 50.0 50.0 50.0 50.0 50.0 50.0 50.0 50.0 50.0 50.0 50.0 50.0 50.0 50.0 50.0 50.0 50.0 50.0 50.0 50.0 50.0 50.0 50.0 50.0 50.0 50.0 50.0 50.0 50.0 50.0 50.0 50.0 50.0 50.0 50.0 50.0 50.0 50.0 50.0 50.0 50.0 50.0 50.0 50.0 50.0 50.0 50.0 50.0 50.0 50.0 50.0 50.0 50.0 50.0 50.0 50.0 50.0 50.0 50.0 50.0 50.0 50.0 50.0 50.0 50.0 50.0 50.0 50.0 50.0 50.0 50.0 50.0 50.0 50.0 50.0 50.0 50.0 50.0 50.0 50.0 50.0 50.0 50.0 50.0 50.0 50.0 50.0 50.0 50.0 50.0 50.0 50.0 50.0 50.0 50.0 50.0 50.0 50.0 50.0 50.0 50.0 50.0 50.0 50.0 50.0 50.0 50.0 50.0 50.0 50.0 50.0 50.0 50.0 50.0 50.0 50.0 50.0 50.0 50.0 50.0 50.0 50.0 50.0 50.0 50.0 50.0 50.0 50.0 50.0 50.0 50.0 50.0 50.0 50.0 50.0 50.0 50.0 50.0 50.0 50.0 50.0 50.0 50.0 50.0 50.0 50.0 50.0 50.0 50.0 50.0 50.0 50.0 50.0 50.0 50.0 50.0 50.0 50.0 50.0 50.0 50.0 50.0 50.0 50.0 50.0 50.0 50.0 50.0 50.0 50.0 50.0 50.0 50.0 50.0 50.0 50.0 50.0 50.0 50.0 50.0 50.0 50.0 50.0 50.0 50.0 50.0 50.0 50.0 50.0 50.0 50.0 50.0 50.0 50.0 50.0 50.0 50.0 50.0 50.0 50.0 50.0 50.0 50.0 50.0 50.0 50.0 50.0 50.0 50.0 50.0 50.0 50.0 50.0 50.0 50.0 
# name: reacPower
# type: matrix
# rows: 1
# columns: 360
 0.0 0.0 0.0 0.0 0.0 0.0 0.0 0.0 0.0 0.0 0.0 0.0 0.0 0.0 0.0 0.0 0.0 0.0 0.0 0.0 0.0 0.0 0.0 0.0 0.0 0.0 0.0 0.0 0.0 0.0 0.0 0.0 0.0 0.0 0.0 0.0 0.0 0.0 0.0 0.0 0.0 0.0 0.0 0.0 0.0 0.0 0.0 0.0 0.0 0.0 0.0 0.0 0.0 0.0 0.0 0.0 0.0 0.0 0.0 0.0 0.0 0.0 0.0 0.0 0.0 0.0 0.0 0.0 0.0 0.0 0.0 0.0 0.0 0.0 0.0 0.0 0.0 0.0 0.0 0.0 0.0 0.0 0.0 0.0 0.0 0.0 0.0 0.0 0.0 0.0 0.0 0.0 0.0 0.0 0.0 0.0 0.0 0.0 0.0 0.0 0.0 0.0 0.0 0.0 0.0 0.0 0.0 0.0 0.0 0.0 0.0 0.0 0.0 0.0 0.0 0.0 0.0 0.0 0.0 0.0 -0.207 -0.207 -0.207 -0.207 -0.207 -0.207 -0.207 -0.207 -0.207 -0.207 -0.207 -0.207 -0.207 -0.207 -0.207 -0.207 -0.207 -0.207 -0.207 -0.207 -0.207 -0.207 -0.207 -0.207 -0.207 -0.207 -0.207 -0.207 -0.207 -0.103 -0.103 -0.103 -0.103 -0.103 -0.103 -0.207 -0.103 -0.103 -0.103 -0.207 -0.103 -0.207 -0.103 -0.103 -0.103 -0.103 -0.103 -0.103 -0.103 -0.103 -0.103 -0.103 -0.103 -0.103 -0.103 -0.103 -0.103 -0.103 -0.103 -0.103 -0.103 -0.103 -0.103 -0.103 -0.103 -0.103 -0.103 -0.103 -0.103 -0.103 -0.103 -0.103 -0.103 -0.103 -0.103 -0.103 -0.103 -0.103 -0.103 -0.103 -0.103 -0.103 -0.103 -0.103 -0.103 -0.103 -0.103 -0.103 -0.103 -0.103 -0.103 -0.103 -0.103 -0.103 -0.103 -0.103 -0.103 -0.103 -0.103 -0.103 -0.103 -0.103 -0.103 -0.103 -0.103 -0.103 -0.103 -0.103 -0.103 -0.103 -0.103 -0.103 -0.103 -0.103 -0.103 -0.103 -0.103 -0.103 -0.103 -0.103 -0.103 -0.103 -0.103 -0.103 -0.103 -0.103 -0.103 -0.103 -0.103 -0.103 -0.103 -0.103 -0.103 -0.103 -0.103 -0.103 -0.103 -0.103 -0.103 -0.103 -0.103 -0.103 -0.103 -0.103 -0.103 -0.103 -0.103 -0.103 -0.103 -0.103 -0.103 -0.103 -0.103 -0.103 -0.103 -0.103 -0.103 -0.103 -0.103 -0.103 -0.103 -0.103 -0.103 -0.103 -0.103 -0.103 -0.103 -0.103 -0.103 -0.103 -0.103 -0.103 -0.103 -0.103 -0.103 -0.103 -0.103 -0.103 -0.103 -0.103 -0.103 -0.103 -0.103 -0.103 -0.103 -0.103 -0.103 -0.103 -0.103 -0.103 -0.103 -0.103 -0.103 -0.103 -0.103 -0.103 -0.103 -0.103 -0.103 -0.103 -0.103 -0.103 -0.103 -0.103 -0.103 -0.103 -0.103 -0.103 -0.103 -0.103 -0.103 -0.103 -0.103 -0.103 -0.103 -0.103 -0.103 -0.103 -0.103 -0.103 -0.103 -0.103 -0.103 -0.103 -0.103 -0.103 -0.103 -0.103 -0.103 -0.103 -0.103 -0.103 -0.103 -0.103 -0.103 -0.103 -0.103 -0.103 -0.103 -0.103 
# name: power
# type: matrix
# rows: 1
# columns: 360
 0.0 0.0 0.0 0.0 0.0 0.0 0.0 0.0 0.0 0.0 0.0 0.0 0.0 0.0 0.0 0.0 0.0 0.0 0.0 0.0 0.0 0.0 0.0 0.0 0.0 0.0 0.0 0.0 0.0 0.0 0.0 0.0 0.0 0.0 0.0 0.0 0.0 0.0 0.0 0.0 0.0 0.0 0.0 0.0 0.0 0.0 0.0 0.0 0.0 0.0 0.0 0.0 0.0 0.0 0.0 0.0 0.0 0.0 0.0 0.0 0.0 0.0 0.0 0.0 0.0 0.0 0.0 0.0 0.0 0.0 0.0 0.0 0.0 0.0 0.0 0.0 0.0 0.0 0.0 0.0 0.0 0.0 0.0 0.0 1.345 0.0 0.0 0.0 0.0 0.0 0.0 0.0 0.0 0.0 0.0 0.0 0.0 0.0 0.0 0.0 0.0 0.0 0.0 0.0 0.0 0.0 0.0 0.0 0.0 0.0 0.0 0.0 0.0 0.0 0.0 0.0 0.0 0.0 0.0 0.0 3.209 3.312 3.312 3.209 3.209 3.209 3.209 3.209 3.209 3.209 3.209 3.105 3.105 3.105 3.105 3.105 3.105 3.105 3.105 3.105 3.105 3.105 3.105 3.105 3.002 3.002 3.002 3.002 3.002 3.002 3.002 3.002 3.002 3.002 3.002 3.002 3.002 3.002 3.002 3.002 3.002 3.002 3.002 3.002 3.002 3.002 3.002 3.002 3.002 2.898 3.002 3.002 2.898 2.898 2.898 2.898 2.898 2.898 2.898 2.898 2.898 2.898 2.898 2.898 2.898 2.898 2.898 2.898 2.898 2.898 2.898 2.898 2.898 2.898 2.898 2.898 2.898 2.898 2.898 2.898 2.898 2.898 2.898 2.898 2.898 2.898 2.898 2.898 2.898 2.898 2.898 2.898 2.898 2.898 2.898 2.898 2.898 2.898 2.898 2.898 2.898 2.898 2.898 2.898 2.898 2.898 2.898 2.898 2.898 2.898 2.898 2.898 2.898 2.898 2.898 2.898 2.898 2.898 2.898 2.898 2.898 2.898 2.898 2.898 2.898 2.898 2.898 2.898 2.898 2.898 2.898 2.898 2.898 2.898 2.898 2.898 2.898 2.898 2.898 2.898 2.898 2.898 2.898 2.898 2.898 2.898 2.898 2.898 2.898 2.898 2.898 2.898 2.898 2.898 2.898 2.898 2.898 2.898 2.898 2.898 2.898 2.898 2.898 2.898 2.898 2.898 2.898 2.898 2.898 2.898 2.898 2.898 2.898 2.898 2.898 2.898 2.898 2.898 2.898 2.898 2.898 2.898 2.898 2.898 2.898 2.898 2.898 2.898 2.898 2.898 2.898 2.898 2.898 2.898 2.898 2.898 2.898 2.898 2.898 2.898 2.898 2.898 2.898 2.898 2.898 2.898 2.898 2.898 2.898 2.898 2.898 2.898 2.898 2.898 2.898 2.898 2.898 2.898 2.898 2.898 2.898 2.898 2.898 2.898 2.898 2.898 2.898 2.898 2.898 2.898 2.898 2.898 2.898 2.898 2.898 2.898 2.898 2.898 2.898 2.898 
