# name: phAngle
# type: matrix
# rows: 1
# columns: 359
 0 0 0 0 0 0 0 0 0 0 0 0 0 0 0 0 0 0 0 0 0 0 0 0 0 0 0 0 0 0 0 0 0 0 0 0 0 0 0 0 0 0 0 0 0 0 0 0 0 0 0 0 0 0 0 0 0 0 0 0 0 0 0 0 0 0 0 0 0 0 0 0 0 0 0 0 0 0 0 0 0 0 0 0 0 0 0 0 0 0 0 0 0 0 0 0 0 0 0 0 0 0 0 0 0 0 0 0 0 0 0 0 0 0 0 0 0 0 0 0 0 0 0 0 0 0 0 0 0 0 0 0 0 0 0 0 0 0 0 0 0 0 0 0 0 0 0 0 0 0 0 0 0 0 0 0 0 0 0 0 0 0 0 0 0 0 0 0 0 0 0 0 0 0 0 0 0 0 0 0 0 357 357 356 357 357 357 357 357 357 357 357 356 358 0 0 0 0 0 0 0 359 359 359 358 358 359 357 358 359 357 0 0 359 359 0 359 359 0 359 359 0 359 359 0 359 2 3 1 3 3 3 0 0 0 0 0 0 0 0 0 0 0 0 0 0 0 0 0 0 0 0 0 0 0 0 0 0 0 0 0 0 0 0 0 0 0 0 0 0 0 0 0 0 0 0 0 0 0 0 0 0 0 0 0 0 0 0 0 0 0 0 0 0 0 0 0 0 0 0 0 0 0 0 0 0 0 0 0 0 0 0 0 0 0 0 0 0 0 0 0 0 0 0 0 0 0 0 0 0 0 0 0 0 0 0 0 0 0 0 0 0 0 0 0 0 0 0 0 0 0 0 0 0 0 0 0 0 0 
# name: freq
# type: matrix
# rows: 1
# columns: 359
 50.0 50.0 50.0 50.0 50.0 50.0 50.0 50.0 50.0 50.0 50.0 50.0 50.0 50.0 50.0 50.0 50.0 50.0 50.0 50.0 50.0 50.0 50.0 50.0 50.0 50.0 50.0 50.0 50.0 50.0 50.0 50.0 50.0 50.0 50.0 50.0 50.0 50.0 50.0 50.0 50.0 50.0 50.0 50.0 50.0 50.0 50.0 50.0 50.0 50.0 50.0 50.0 50.0 50.0 50.0 50.0 50.0 50.0 50.0 50.0 50.0 50.0 50.0 50.0 50.0 50.0 50.0 50.0 50.0 50.0 50.0 50.0 50.0 50.0 50.0 50.0 50.0 50.0 50.0 50.0 50.0 50.0 50.0 50.0 50.0 50.0 50.0 50.0 50.0 50.0 50.0 50.0 50.0 50.0 50.0 50.0 50.0 50.0 50.0 50.0 50.0 50.0 50.0 50.0 50.0 50.0 50.0 50.0 50.0 50.0 50.0 50.0 50.0 50.0 50.0 50.0 50.0 50.0 50.0 50.0 50.0 50.0 50.0 50.0 50.0 50.0 50.0 50.0 50.0 50.0 50.0 50.0 50.0 50.0 50.0 50.0 50.0 50.0 50.0 50.0 50.0 50.0 50.0 50.0 50.0 50.0 50.0 50.0 50.0 50.0 50.0 50.0 50.0 50.0 50.0 50.0 50.0 50.0 50.0 50.0 50.0 50.0 50.0 50.0 50.0 50.0 50.0 50.0 50.0 50.0 50.0 50.0 50.0 50.0 50.0 50.0 50.0 50.0 50.0 50.0 50.0 50.0 50.0 50.0 50.0 50.0 50.0 50.0 50.0 50.0 50.0 50.0 50.0 50.0 50.0 50.0 50.0 50.0 50.0 50.0 50.0 50.0 50.0 50.0 50.0 50.0 50.0 50.0 50.0 50.0 50.0 50.0 50.0 50.0 50.0 50.0 50.0 50.0 50.0 50.0 50.0 50.0 50.0 50.0 50.0 50.0 50.0 50.0 50.0 50.0 50.0 50.0 50.0 50.0 50.0 50.0 50.0 50.0 50.0 50.0 50.0 50.0 50.0 50.0 50.0 50.0 50.0 50.0 50.0 50.0 50.0 50.0 50.0 50.0 50.0 50.0 50.0 50.0 50.0 50.0 50.0 50.0 50.0 50.0 50.0 50.0 50.0 50.0 50.0 50.0 50.0 50.0 50.0 50.0 50.0 50.0 50.0 50.0 50.0 50.0 50.0 50.0 50.0 50.0 50.0 50.0 50.0 50.0 50.0 50.0 50.0 50.0 50.0 50.0 50.0 50.0 50.0 50.0 50.0 50.0 50.0 50.0 50.0 50.0 50.0 50.0 50.0 50.0 50.0 50.0 50.0 50.0 50.0 50.0 50.0 50.0 50.0 50.0 50.0 50.0 50.0 50.0 50.0 50.0 50.0 50.0 50.0 50.0 50.0 50.0 50.0 50.0 50.0 50.0 50.0 50.0 50.0 50.0 50.0 50.0 50.0 50.0 50.0 50.0 50.0 50.0 50.0 50.0 50.0 50.0 50.0 50.0 50.0 50.0 50.0 50.0 50.0 50.0 50.0 
# name: reacPower
# type: matrix
# rows: 1
# columns: 359
 -0.414 -0.414 -0.414 -0.414 -0.414 -0.414 -0.414 -0.414 -0.414 -0.414 -0.414 -0.414 -0.414 -0.414 -0.414 -0.414 -0.414 -0.414 -0.414 -0.414 -0.414 -0.414 -0.414 -0.414 -0.414 -0.414 -0.414 -0.414 -0.414 -0.414 -0.414 -0.517 -0.517 -0.414 -0.414 -0.414 -0.414 -0.517 -0.517 -0.517 -0.517 -0.517 -0.414 -0.517 -0.517 -0.517 -0.517 -0.414 -0.414 -0.414 -0.517 -0.517 -0.517 -0.414 -0.414 -0.414 -0.517 -0.517 -0.517 -0.517 -0.414 -0.517 -0.517 -0.517 -0.517 -0.414 -0.414 -0.517 -0.517 -0.517 -0.414 -0.517 -0.414 -0.517 -0.517 -0.517 -0.517 -0.517 -0.414 -0.414 -0.517 -0.517 -0.517 -0.517 -0.517 -0.414 -0.517 -0.517 -0.517 -0.517 -0.517 -0.517 -0.517 -0.517 -0.517 -0.621 -0.517 -0.517 -0.517 -0.517 -0.517 -0.517 -0.517 -0.517 -0.517 -0.517 -0.621 -0.621 -0.517 -0.517 -0.517 -0.517 -0.517 -0.517 -0.517 -0.517 -0.517 -0.621 -0.517 -0.517 -0.517 -0.621 -0.517 -0.517 -0.517 -0.517 -0.517 -0.517 -0.517 -0.621 -0.517 -0.517 -0.621 -0.517 -0.621 -0.621 -0.621 -0.621 -0.517 -0.517 -0.414 -0.414 -0.414 -0.414 -0.414 -0.414 -0.414 -0.414 -0.414 -0.414 -0.31 -0.31 -0.31 -0.31 -0.31 -0.31 -0.31 -0.31 -0.207 -0.31 -0.31 -0.31 -0.207 -0.207 -0.207 -0.207 -0.207 -0.207 -0.207 -0.207 -0.207 -0.207 -0.103 -0.103 -0.103 -0.103 -0.103 -0.103 -0.103 -0.103 -0.103 -0.103 0.0 -0.103 0.0 0.0 -0.103 0.0 -0.103 -0.103 0.0 0.0 -0.103 0.0 0.0 0.0 0.0 0.0 0.0 0.0 0.0 0.0 0.0 0.0 0.0 0.0 0.0 0.0 0.0 0.0 0.0 0.0 0.0 0.0 0.0 0.0 0.0 0.0 0.0 0.0 0.0 0.0 0.0 0.0 0.0 0.0 0.0 0.0 0.0 0.0 0.0 0.0 0.0 0.0 0.0 0.0 0.0 0.0 0.0 0.0 0.0 0.0 0.0 0.0 0.0 0.0 0.0 0.0 0.0 0.0 0.0 0.0 0.0 0.0 0.0 0.0 0.0 0.0 0.0 0.0 0.0 0.0 0.0 0.0 0.0 0.0 0.0 0.0 0.0 0.0 0.0 0.0 0.0 0.0 0.0 0.0 0.0 0.0 0.0 0.0 0.0 0.0 0.0 0.0 0.0 0.0 0.0 0.0 0.0 0.0 0.0 0.0 0.0 0.0 0.0 0.0 0.0 0.0 0.0 0.0 0.0 0.0 0.0 0.0 0.0 0.0 0.0 0.0 0.0 0.0 0.0 0.0 0.0 0.0 0.0 0.0 0.0 0.0 0.0 0.0 0.0 0.0 0.0 0.0 0.0 0.0 0.0 0.0 0.0 0.0 0.0 0.0 0.0 0.0 0.0 0.0 0.0 0.0 0.0 0.0 0.0 0.0 0.0 0.0 0.0 0.0 0.0 0.0 0.0 0.0 0.0 0.0 0.0 0.0 0.0 0.0 0.0 0.0 0.0 
# name: power
# type: matrix
# rows: 1
# columns: 359
 5.797 5.797 5.797 5.797 5.797 5.797 5.797 5.797 5.797 5.797 5.797 5.797 5.797 5.9 5.797 5.9 5.9 5.9 5.9 5.9 5.9 5.9 5.9 5.9 5.9 5.9 5.9 5.9 5.9 5.9 5.9 5.9 5.9 5.9 5.9 5.9 5.9 5.9 5.9 5.9 5.9 5.9 5.59 5.59 5.59 5.59 5.59 5.59 5.59 5.59 5.59 5.59 5.59 5.59 5.59 5.59 5.59 5.59 5.59 5.59 5.59 5.59 5.59 5.59 5.59 5.59 5.59 5.59 5.59 5.59 5.59 5.59 5.59 5.59 5.59 5.59 5.59 5.59 5.59 5.59 5.59 5.59 5.693 5.59 5.693 5.693 5.693 5.693 5.693 5.693 5.693 5.59 5.693 5.693 5.693 5.693 5.693 5.693 5.693 5.59 5.693 5.693 5.693 5.693 5.693 5.693 5.693 5.693 5.693 5.693 5.693 5.693 5.693 5.693 5.693 5.693 5.693 5.693 5.693 5.693 5.693 5.797 5.693 5.693 5.797 5.797 5.693 5.797 5.693 5.797 5.797 5.797 5.797 5.797 5.797 5.797 5.797 5.797 5.797 5.279 4.347 4.347 4.347 4.347 4.347 4.347 4.347 4.347 4.347 4.347 4.14 3.726 3.416 3.416 3.416 3.416 3.519 3.416 3.416 3.416 3.416 3.416 3.209 2.795 2.691 2.795 2.795 2.691 2.691 2.795 2.795 2.795 2.277 2.277 2.277 2.277 2.277 2.277 2.277 2.277 2.277 1.759 1.863 1.863 1.863 1.759 1.863 1.863 1.759 1.863 1.863 1.863 1.863 1.656 1.138 0.931 0.931 0.931 1.035 1.035 1.138 1.138 1.242 1.242 1.242 1.345 1.345 1.345 1.345 1.345 1.345 1.345 1.138 1.138 1.138 1.138 1.138 1.138 1.138 1.138 1.138 1.138 1.138 1.138 1.138 1.138 0.621 0.621 0.621 0.621 0.621 0.621 0.0 0.0 0.0 0.0 0.0 0.0 0.0 0.0 0.0 0.0 0.0 0.0 0.0 0.0 0.0 0.0 0.0 0.0 0.0 0.0 0.0 0.0 0.0 0.0 0.0 0.0 0.0 0.0 0.0 0.0 0.0 0.0 0.0 0.0 0.0 0.0 0.0 0.0 0.0 0.0 0.0 0.0 0.0 0.0 0.0 0.0 0.0 0.0 0.0 0.0 0.0 0.0 0.0 0.0 0.0 0.0 0.0 0.0 0.0 0.0 0.0 0.0 0.0 0.0 0.0 0.0 0.0 0.0 0.0 0.0 0.0 0.0 0.0 0.0 0.0 0.0 0.0 0.0 0.0 0.0 0.0 0.0 0.0 0.0 0.0 0.0 0.0 0.0 0.0 0.0 0.0 0.0 0.0 0.0 0.0 0.0 0.0 0.0 0.0 0.0 0.0 0.0 0.0 0.0 0.0 0.0 0.0 0.0 0.0 0.0 0.0 0.0 0.0 0.0 0.0 0.0 0.0 0.0 0.0 0.0 0.0 0.0 0.0 0.0 0.0 0.0 0.0 
