# name: phAngle
# type: matrix
# rows: 1
# columns: 359
 0 0 0 0 0 0 0 0 0 0 0 0 0 0 0 0 0 0 0 0 0 0 0 0 0 0 0 0 0 0 0 0 0 0 0 0 0 0 0 0 0 0 0 0 0 0 0 0 0 0 0 0 0 0 0 0 0 0 0 0 0 0 0 0 0 0 0 0 0 0 0 0 0 0 0 0 0 0 0 0 0 0 0 0 0 0 0 0 0 0 0 0 0 0 0 0 0 0 0 0 0 0 0 0 0 0 0 0 0 0 0 0 0 0 0 0 0 0 0 0 0 0 0 0 0 0 0 0 0 0 0 0 0 0 0 0 0 0 0 0 0 0 0 0 0 0 0 0 0 0 0 0 0 0 0 0 0 0 0 0 0 0 0 0 0 0 0 0 0 0 0 0 0 0 0 0 0 0 0 0 0 0 0 0 0 0 0 0 0 0 0 0 0 0 0 0 0 0 0 0 0 0 0 0 0 0 0 0 0 0 0 0 0 0 0 0 0 0 0 0 0 0 0 0 0 0 0 0 0 0 0 0 0 0 0 0 0 0 0 0 0 0 0 0 0 0 0 0 0 0 0 0 0 0 0 0 0 0 0 0 0 0 0 0 0 0 0 0 0 0 0 0 0 0 0 0 0 0 0 0 0 0 0 0 0 0 0 0 0 0 0 0 0 0 0 0 0 0 0 0 0 0 0 0 0 0 0 0 0 0 0 0 0 0 0 0 0 0 0 0 0 0 0 0 0 0 0 0 0 0 0 0 0 0 0 0 0 0 0 0 0 0 0 0 0 0 0 0 0 0 0 0 0 0 0 0 0 0 0 
# name: freq
# type: matrix
# rows: 1
# columns: 359
 50.0 50.0 50.0 50.0 50.0 50.0 50.0 50.0 50.0 50.0 50.0 50.0 50.0 50.0 50.0 50.0 50.0 50.0 50.0 50.0 50.0 50.0 50.0 50.0 50.0 50.0 50.0 50.0 50.0 50.0 50.0 50.0 50.0 50.0 50.0 50.0 50.0 50.0 50.0 50.0 50.0 50.0 50.0 50.0 50.0 50.0 50.0 50.0 50.0 50.0 50.0 50.0 50.0 50.0 50.0 50.0 50.0 50.0 50.0 50.0 50.0 50.0 50.0 50.0 50.0 50.0 50.0 50.0 50.0 50.0 50.0 50.0 50.0 50.0 50.0 50.0 50.0 50.0 50.0 50.0 50.0 50.0 50.0 50.0 50.0 50.0 50.0 50.0 50.0 50.0 50.0 50.0 50.0 50.0 50.0 50.0 50.0 50.0 50.0 50.0 50.0 50.0 50.0 50.0 50.0 50.0 50.0 50.0 50.0 50.0 50.0 50.0 50.0 50.0 50.0 50.0 50.0 50.0 50.0 50.0 50.0 50.0 50.0 50.0 50.0 50.0 50.0 50.0 50.0 50.0 50.0 50.0 50.0 50.0 50.0 50.0 50.0 50.0 50.0 50.0 50.0 50.0 50.0 50.0 50.0 50.0 50.0 50.0 50.0 50.0 50.0 50.0 50.0 50.0 50.0 50.0 50.0 50.0 50.0 50.0 50.0 50.0 50.0 50.0 50.0 50.0 50.0 50.0 50.0 50.0 50.0 50.0 50.0 50.0 50.0 50.0 50.0 50.0 50.0 50.0 50.0 50.0 50.0 50.0 50.0 50.0 50.0 50.0 50.0 50.0 50.0 50.0 50.0 50.0 50.0 50.0 50.0 50.0 50.0 50.0 50.0 50.0 49.9 50.0 50.0 50.0 50.0 50.0 50.0 50.0 50.0 50.0 50.0 50.0 50.0 50.0 50.0 50.0 50.0 50.0 50.0 50.0 50.0 50.0 50.0 50.0 50.0 50.0 50.0 50.0 50.0 50.0 50.0 50.0 50.0 50.0 50.0 50.0 50.0 50.0 50.0 50.0 50.0 50.0 50.0 50.0 50.0 50.0 50.0 50.0 50.0 50.0 50.0 50.0 50.0 50.0 50.0 50.0 50.0 50.0 50.0 50.0 50.0 50.0 50.0 50.0 50.0 50.0 50.0 50.0 50.0 50.0 50.0 50.0 50.0 50.0 50.0 50.0 50.0 50.0 50.0 50.0 50.0 50.0 50.0 50.0 50.0 50.0 50.0 50.0 50.0 50.0 50.0 50.0 50.0 50.0 50.0 50.0 50.0 50.0 50.0 50.0 50.0 50.0 50.0 50.0 50.0 50.0 50.0 50.0 50.0 50.0 50.0 50.0 50.0 50.0 50.0 50.0 50.0 50.0 50.0 50.0 50.0 50.0 50.0 50.0 50.0 50.0 50.0 50.0 50.0 50.0 50.0 50.0 50.0 50.0 50.0 50.0 50.0 50.0 50.0 50.0 50.0 50.0 50.0 50.0 50.0 50.0 50.0 50.0 50.0 50.0 50.0 50.0 50.0 50.0 50.0 50.0 50.0 
# name: reacPower
# type: matrix
# rows: 1
# columns: 359
 -0.517 -0.414 -0.517 -0.517 -0.517 -0.517 -0.517 -0.517 -0.517 -0.517 -0.517 -0.517 -0.517 -0.517 -0.517 -0.517 -0.517 -0.517 -0.517 -0.517 -0.517 -0.517 -0.517 -0.517 -0.517 -0.517 -0.517 -0.517 -0.414 -0.517 -0.517 -0.517 -0.517 -0.517 -0.517 -0.517 -0.517 -0.517 -0.517 -0.517 -0.517 -0.517 -0.517 -0.517 -0.414 -0.414 -0.517 -0.517 -0.517 -0.517 -0.517 -0.517 -0.517 -0.517 -0.517 -0.517 -0.517 -0.517 -0.517 -0.517 -0.517 -0.517 -0.414 -0.517 -0.517 -0.517 -0.517 -0.517 -0.414 -0.517 -0.517 -0.517 -0.517 -0.517 -0.517 -0.517 -0.517 -0.517 -0.517 -0.517 -0.517 -0.517 -0.517 -0.517 -0.517 -0.517 -0.414 -0.517 -0.517 -0.517 -0.517 -0.517 -0.517 -0.517 -0.517 -0.517 -0.517 -0.517 -0.517 -0.517 -0.517 -0.517 -0.517 -0.517 -0.517 -0.517 -0.517 -0.517 -0.517 -0.517 -0.517 -0.517 -0.517 -0.517 -0.517 -0.517 -0.517 -0.517 -0.517 -0.517 -0.517 -0.517 -0.517 -0.517 -0.517 -0.517 -0.517 -0.517 -0.517 -0.517 -0.517 -0.517 -0.517 -0.517 -0.517 -0.517 -0.517 -0.517 -0.517 -0.517 -0.517 -0.517 -0.517 -0.517 -0.517 -0.517 -0.517 -0.517 -0.517 -0.517 -0.517 -0.517 -0.517 -0.517 -0.517 -0.517 -0.517 -0.517 -0.517 -0.517 -0.517 -0.517 -0.517 -0.517 -0.517 -0.517 -0.517 -0.517 -0.517 -0.517 -0.517 -0.517 -0.517 -0.517 -0.517 -0.517 -0.517 -0.517 -0.517 -0.517 -0.517 -0.517 -0.517 -0.517 -0.517 -0.517 -0.517 -0.517 -0.517 -0.517 -0.517 -0.517 -0.517 -0.517 -0.517 -0.517 -0.517 -0.517 -0.517 -0.517 -0.517 -0.517 -0.517 -0.517 -0.517 -0.517 -0.517 -0.517 -0.517 -0.517 -0.517 -0.517 -0.517 -0.517 -0.517 -0.517 -0.517 -0.517 -0.517 -0.517 -0.517 -0.517 -0.517 -0.517 -0.517 -0.517 -0.517 -0.517 -0.517 -0.517 -0.517 -0.517 -0.517 -0.517 -0.517 -0.517 -0.517 -0.517 -0.517 -0.517 -0.517 -0.517 -0.517 -0.517 -0.517 -0.517 -0.517 -0.517 -0.517 -0.517 -0.517 -0.517 -0.517 -0.517 -0.517 -0.517 -0.517 -0.517 -0.621 -0.517 -0.517 -0.517 -0.621 -0.517 -0.517 -0.517 -0.517 -0.517 -0.517 -0.517 -0.517 -0.517 -0.517 -0.517 -0.517 -0.517 -0.517 -0.517 -0.517 -0.517 -0.517 -0.517 -0.517 -0.517 -0.517 -0.517 -0.517 -0.517 -0.517 -0.517 -0.517 -0.517 -0.517 -0.517 -0.517 -0.517 -0.517 -0.517 -0.517 -0.517 -0.517 -0.517 -0.517 -0.517 -0.621 -0.517 -0.517 -0.621 -0.621 -0.621 -0.621 -0.621 -0.517 -0.621 -0.621 -0.621 -0.517 -0.517 -0.621 -0.621 -0.621 -0.621 -0.621 -0.414 -0.517 -0.517 -0.621 -0.414 -0.517 -0.414 -0.414 -0.517 -0.414 -0.414 -0.414 -0.414 -0.31 -0.31 -0.31 -0.31 -0.31 -0.31 -0.31 -0.31 -0.31 -0.31 -0.207 -0.207 -0.31 -0.207 -0.207 -0.207 -0.207 -0.31 -0.207 -0.207 -0.207 -0.207 -0.207 
# name: power
# type: matrix
# rows: 1
# columns: 359
 5.176 5.176 5.176 5.176 5.176 5.176 5.176 5.176 5.176 5.176 5.176 5.176 5.176 5.176 5.176 5.176 5.176 5.176 5.176 5.176 5.176 5.176 5.176 5.176 5.176 5.176 5.176 5.176 5.072 5.176 5.176 5.176 5.176 5.176 5.072 5.176 5.072 5.176 5.176 5.176 5.072 5.176 5.176 5.176 5.176 5.176 5.176 5.176 5.176 5.176 5.176 5.176 5.176 5.176 5.176 5.176 5.176 5.176 5.176 5.176 5.176 5.176 5.176 5.176 5.176 5.176 5.176 5.176 5.176 5.176 5.176 5.176 5.176 5.176 5.176 5.176 5.176 5.176 5.176 5.176 5.176 5.176 5.176 5.176 5.176 5.176 5.176 5.176 5.176 5.176 5.176 5.176 5.176 5.176 5.176 5.176 5.176 5.176 5.176 5.176 5.176 5.176 5.176 5.176 5.176 5.176 5.176 5.176 5.176 5.176 5.176 5.176 5.176 5.176 5.176 5.176 5.176 5.176 5.176 5.176 5.176 5.176 5.176 5.176 5.176 5.176 5.176 5.176 5.176 5.176 5.279 5.176 5.176 5.176 5.176 5.176 5.176 5.176 5.176 5.176 5.176 5.176 5.176 5.176 5.176 5.176 5.176 5.176 5.176 5.176 5.176 5.176 5.176 5.176 5.176 5.176 5.176 5.176 5.176 5.176 5.176 5.176 5.176 5.176 5.176 5.176 5.176 5.176 5.176 5.176 5.176 5.176 5.176 5.176 5.176 5.176 5.176 5.176 5.176 5.176 5.176 5.176 5.176 5.279 5.176 5.176 5.176 5.176 5.176 5.176 5.279 5.176 5.176 5.176 5.176 5.176 5.176 5.176 5.176 5.176 5.176 5.176 5.279 5.176 5.279 5.279 5.176 5.176 5.279 5.279 5.279 5.279 5.176 5.279 5.176 5.279 5.279 5.176 5.279 5.176 5.279 5.279 5.176 5.279 5.279 5.176 5.279 5.279 5.279 5.279 5.279 5.279 5.279 5.279 5.279 5.279 5.279 5.279 5.279 5.279 5.279 5.176 5.279 5.279 5.279 5.279 5.279 5.279 5.279 5.279 5.279 5.279 5.279 5.279 5.279 5.279 5.279 5.279 5.279 5.279 5.279 5.279 5.279 5.279 5.279 5.279 5.279 5.279 5.279 5.279 5.279 5.279 5.279 5.279 5.279 5.279 5.279 5.279 5.279 5.279 5.279 5.279 5.279 5.279 5.279 5.279 5.279 5.279 5.279 5.279 5.279 5.279 5.279 5.279 5.279 5.279 5.279 5.279 5.279 5.279 5.279 5.383 5.279 5.279 5.383 5.279 5.279 5.383 5.486 5.383 5.383 5.279 5.279 5.383 5.486 5.383 5.279 5.176 5.383 5.486 5.383 5.486 5.383 4.761 5.279 4.968 5.279 4.554 4.968 4.658 4.554 5.176 4.554 4.761 4.554 4.554 4.347 4.347 4.244 4.244 4.244 4.244 4.14 4.14 4.14 4.14 4.037 4.037 4.037 4.037 4.037 3.933 3.933 4.244 3.933 3.933 3.83 3.83 3.83 
