# name: phAngle
# type: matrix
# rows: 1
# columns: 359
 0 23 0 0 4 5 6 6 6 7 6 6 7 7 7 6 6 6 7 7 6 6 7 7 6 7 7 7 7 6 6 6 6 6 6 6 0 0 0 0 0 0 0 0 0 0 0 0 0 0 0 0 0 0 0 0 0 0 0 0 0 0 0 0 0 0 0 0 0 0 0 0 0 0 0 0 0 0 0 0 0 0 0 0 0 0 0 0 0 0 0 0 0 0 0 0 0 0 0 0 0 0 0 0 0 0 0 0 0 0 0 0 0 0 0 0 0 0 0 0 0 0 0 0 0 0 0 0 0 0 0 0 0 0 0 0 0 0 0 0 0 0 0 0 0 0 0 0 0 0 0 0 0 0 0 0 0 0 0 0 0 0 0 0 0 0 0 0 0 0 0 0 0 0 0 0 0 0 0 0 0 0 0 0 0 0 0 0 0 0 0 0 0 0 0 0 0 0 0 0 0 0 0 0 0 0 0 0 0 0 0 0 0 0 0 0 0 0 0 0 0 0 0 0 0 0 0 0 0 0 0 0 0 0 0 0 0 0 0 0 0 0 0 0 0 0 0 0 0 0 0 0 0 0 0 0 0 0 0 0 0 0 0 0 0 0 0 0 0 0 0 0 0 0 0 0 0 0 0 0 0 4 0 4 4 4 0 0 0 0 0 0 0 0 0 0 0 0 0 0 0 0 0 0 0 0 0 0 0 0 0 0 0 0 0 0 0 0 0 0 0 0 0 0 0 0 0 0 0 0 0 0 0 0 0 0 0 0 0 0 0 0 0 0 0 0 0 0 0 0 0 0 0 0 0 0 0 0 0 
# name: freq
# type: matrix
# rows: 1
# columns: 359
 50.0 50.0 50.0 50.0 50.0 50.0 50.0 50.0 50.0 50.0 50.0 50.0 50.0 50.0 50.0 50.0 50.0 50.0 50.0 50.0 50.0 50.0 50.0 50.0 50.0 50.0 50.0 50.0 50.0 50.0 50.0 50.0 50.0 50.0 50.0 50.0 50.0 50.0 50.0 50.0 50.0 50.0 50.0 50.0 50.0 50.0 50.0 50.0 50.0 50.0 50.0 50.0 50.0 50.0 50.0 50.0 50.0 50.0 50.0 50.0 50.0 50.0 50.0 50.0 50.0 50.0 50.0 50.0 50.0 50.0 50.0 50.0 50.0 50.0 50.0 50.0 50.0 50.0 50.0 50.0 50.0 50.0 50.0 50.0 50.0 50.0 50.0 50.0 50.0 50.0 50.0 50.0 50.0 50.0 50.0 50.0 50.0 50.0 50.0 50.0 50.0 50.0 50.0 50.0 50.0 50.0 50.0 50.0 50.0 50.0 50.0 50.0 50.0 50.0 50.0 50.0 50.0 50.0 50.0 50.0 50.0 50.0 50.0 50.0 50.0 50.0 50.0 50.0 50.0 50.0 50.0 50.0 50.0 50.0 50.0 50.0 50.0 50.0 50.0 50.0 50.0 50.0 50.0 50.0 50.0 50.0 50.0 50.0 50.0 50.0 50.0 50.0 50.0 50.0 50.0 50.0 50.0 50.0 50.0 50.0 50.0 50.0 50.0 50.0 50.0 50.0 50.0 50.0 50.0 50.0 50.0 50.0 50.0 50.0 50.0 50.0 50.0 50.0 50.0 50.0 50.0 50.0 50.0 50.0 50.0 50.0 50.0 50.0 50.0 50.0 50.0 50.0 50.0 50.0 50.0 50.0 50.0 50.0 50.0 50.0 50.0 50.0 50.0 50.0 50.0 50.0 50.0 50.0 50.0 50.0 50.0 50.0 50.0 50.0 50.0 50.0 50.0 50.0 50.0 50.0 50.0 50.0 50.0 50.0 50.0 50.0 50.0 50.0 50.0 50.0 50.0 50.0 50.0 50.0 50.0 50.0 50.0 50.0 50.0 50.0 50.0 50.0 50.0 50.0 50.0 50.0 50.0 50.0 50.0 50.0 50.0 50.0 50.0 50.0 50.0 50.0 50.0 50.0 50.0 50.0 50.0 50.0 50.0 50.0 50.0 50.0 50.0 50.0 50.0 50.0 50.0 50.0 50.0 50.0 50.0 50.0 50.0 50.0 50.0 50.0 50.0 50.0 50.0 50.0 50.0 50.0 50.0 50.0 50.0 50.0 50.0 50.0 50.0 50.0 50.0 50.0 50.0 50.0 50.0 50.0 50.0 50.0 50.0 50.0 50.0 50.0 50.0 50.0 50.0 50.0 50.0 50.0 50.0 50.0 50.0 50.0 50.0 50.0 50.0 50.0 50.0 50.0 50.0 50.0 50.0 50.0 50.0 50.0 50.0 50.0 50.0 50.0 50.0 50.0 50.0 50.0 50.0 50.0 50.0 50.0 50.0 50.0 50.0 50.0 50.0 50.0 50.0 50.0 50.0 50.0 50.0 50.0 50.0 50.0 50.0 50.0 50.0 50.0 50.0 
# name: reacPower
# type: matrix
# rows: 1
# columns: 359
 0.0 0.724 0.0 0.0 0.103 0.103 0.103 0.103 0.103 0.103 0.103 0.103 0.103 0.103 0.103 0.103 0.103 0.103 0.103 0.103 0.103 0.103 0.103 0.103 0.103 0.103 0.103 0.103 0.103 0.103 0.103 0.103 0.103 0.103 0.103 0.103 -0.31 -0.414 -0.414 -0.414 -0.414 -0.414 -0.414 -0.414 -0.414 -0.414 -0.414 -0.414 -0.414 -0.414 -0.414 -0.414 -0.414 -0.414 -0.414 -0.414 -0.414 -0.414 -0.414 -0.414 -0.414 -0.414 -0.414 -0.414 -0.414 -0.414 -0.414 -0.414 -0.414 -0.414 -0.414 -0.414 -0.414 -0.414 -0.414 -0.414 -0.414 -0.414 -0.414 -0.414 -0.414 -0.414 -0.414 -0.517 -0.414 -0.414 -0.414 -0.414 -0.414 -0.414 -0.414 -0.414 -0.414 -0.414 -0.414 -0.414 -0.414 -0.414 -0.414 -0.414 -0.414 -0.414 -0.414 -0.414 -0.414 -0.414 -0.517 -0.414 -0.414 -0.517 -0.414 -0.414 -0.414 -0.414 -0.414 -0.414 -0.414 -0.414 -0.414 -0.414 -0.414 -0.414 -0.414 -0.414 -0.414 -0.414 -0.414 -0.414 -0.414 -0.517 -0.414 -0.414 -0.414 -0.517 -0.414 -0.517 -0.517 -0.517 -0.414 -0.414 -0.414 -0.414 -0.414 -0.414 -0.414 -0.414 -0.517 -0.414 -0.414 -0.414 -0.414 -0.414 -0.414 -0.414 -0.414 -0.414 -0.414 -0.414 -0.414 -0.414 -0.414 -0.414 -0.414 -0.414 -0.414 -0.414 -0.414 -0.414 -0.414 -0.414 -0.414 -0.414 -0.414 -0.414 -0.414 -0.517 -0.414 -0.414 -0.414 -0.414 -0.414 -0.414 -0.414 -0.414 -0.414 -0.414 -0.414 -0.414 -0.414 -0.414 -0.414 -0.414 -0.414 -0.414 -0.414 -0.414 -0.414 -0.517 -0.414 -0.414 -0.414 -0.414 -0.414 -0.414 -0.414 -0.414 -0.414 -0.414 -0.414 -0.414 -0.414 -0.414 -0.414 -0.414 -0.414 -0.414 -0.517 -0.414 -0.414 -0.414 -0.414 -0.414 -0.414 -0.414 -0.414 -0.414 -0.414 -0.414 -0.414 -0.414 -0.414 -0.414 -0.414 -0.414 -0.414 -0.414 -0.517 -0.414 -0.414 -0.414 -0.517 -0.414 -0.414 -0.414 -0.414 -0.414 -0.414 -0.414 -0.414 -0.517 -0.414 -0.414 -0.414 -0.414 -0.414 -0.414 -0.517 -0.414 -0.414 -0.517 -0.414 -0.517 -0.517 -0.517 -0.414 -0.517 -0.517 -0.517 -0.414 -0.414 -0.414 -0.414 -0.517 -0.414 -0.414 -0.517 -0.517 -0.414 -0.517 -0.517 -0.517 0.103 0.0 0.103 0.103 0.103 0.103 0.103 0.103 0.103 0.103 0.103 0.103 0.103 0.103 0.103 0.103 0.103 0.0 0.0 0.0 -0.414 -0.414 -0.414 -0.414 -0.414 -0.414 -0.414 -0.517 -0.517 -0.414 -0.414 -0.414 -0.414 -0.517 -0.517 -0.517 -0.414 -0.517 -0.517 -0.414 -0.517 -0.517 -0.517 -0.517 -0.517 -0.414 -0.517 -0.517 -0.517 -0.517 -0.517 -0.414 -0.517 -0.517 -0.414 -0.414 -0.517 -0.517 -0.517 -0.517 -0.414 -0.517 -0.414 -0.517 -0.517 -0.517 -0.517 -0.517 -0.517 -0.517 -0.517 -0.517 -0.517 -0.517 -0.517 -0.517 -0.517 -0.517 
# name: power
# type: matrix
# rows: 1
# columns: 359
 0.0 1.656 0.0 2.484 1.966 1.759 1.449 1.449 1.449 1.345 1.449 1.449 1.449 1.449 1.449 1.449 1.449 1.345 1.449 1.449 1.449 1.449 1.345 1.449 1.449 1.449 1.449 1.345 1.449 1.449 1.449 1.449 1.449 1.345 1.449 1.449 4.761 4.761 4.865 4.865 4.865 4.968 4.968 4.968 4.968 4.968 5.072 5.072 5.072 5.072 5.072 5.072 5.072 5.072 5.072 5.072 5.176 5.176 5.176 5.176 5.176 5.176 5.176 5.176 5.176 5.176 5.176 5.176 5.176 5.176 5.176 5.176 5.176 5.176 5.176 5.176 5.176 5.176 5.176 5.176 5.176 5.176 5.176 5.176 5.176 5.176 5.176 5.176 5.176 5.176 5.176 5.176 5.176 5.176 5.176 5.176 5.176 5.176 5.176 5.176 5.176 5.176 5.176 5.176 5.176 5.176 5.176 5.176 5.176 5.176 5.176 5.176 5.176 5.176 5.176 5.279 5.279 5.176 5.176 5.176 5.176 5.176 5.176 5.176 5.176 5.176 5.176 5.176 5.176 5.176 5.176 5.176 5.176 5.279 5.176 5.176 5.279 5.176 5.176 5.176 5.176 5.176 5.176 5.176 5.176 5.176 5.176 5.176 5.176 5.176 5.176 5.176 5.176 5.176 5.176 5.176 5.176 5.176 5.176 5.176 5.176 5.176 5.176 5.176 5.176 5.176 5.176 5.176 5.176 5.176 5.176 5.176 5.176 5.176 5.176 5.176 5.176 5.176 5.176 5.176 5.176 5.176 5.176 5.176 5.176 5.176 5.176 5.176 5.176 5.176 5.176 5.176 5.176 5.176 5.176 5.176 5.176 5.176 5.176 5.176 5.176 5.176 5.176 5.176 5.176 5.176 5.176 5.279 5.176 5.176 5.176 5.176 5.176 5.176 5.176 5.176 5.176 5.176 5.176 5.176 5.176 5.176 5.279 5.279 5.176 5.176 5.176 5.176 5.176 5.176 5.279 5.176 5.176 5.176 5.176 5.176 5.279 5.176 5.176 5.176 5.279 5.279 5.176 5.176 5.176 5.176 5.176 5.176 5.176 5.176 5.176 5.176 5.176 5.176 5.176 5.176 5.279 5.176 5.176 5.176 5.176 5.176 5.279 5.176 5.279 5.279 5.279 5.176 5.279 5.279 5.176 5.279 5.279 5.279 5.279 5.279 5.279 5.383 5.383 5.383 5.279 1.759 2.898 1.966 1.966 1.966 2.07 2.07 2.173 2.07 2.07 2.07 2.07 2.07 2.07 2.07 2.07 2.07 0.0 3.002 2.691 5.176 5.072 5.072 5.176 5.176 5.176 5.176 5.279 5.176 5.176 5.176 5.176 5.176 5.176 5.279 5.176 5.176 5.176 5.176 5.176 5.176 5.176 5.176 5.176 5.176 5.279 5.279 5.279 5.176 5.279 5.176 5.279 5.279 5.176 5.176 5.176 5.279 5.279 5.279 5.176 5.279 5.279 5.279 5.279 5.279 5.279 5.279 5.279 5.279 5.279 5.279 5.279 5.279 5.176 5.279 5.279 5.279 5.279 
