# name: phAngle
# type: matrix
# rows: 1
# columns: 362
 0 0 0 0 0 0 0 0 0 0 0 0 0 0 0 0 0 0 0 0 0 0 0 0 0 0 0 0 0 0 0 0 0 0 0 0 0 0 0 0 0 0 0 0 0 0 0 0 0 0 0 0 0 0 0 0 0 0 0 0 0 0 0 0 0 0 0 0 0 0 0 0 0 0 0 0 0 0 0 0 0 0 0 0 0 0 0 0 0 0 0 0 0 0 0 0 0 0 0 0 0 0 0 0 0 0 0 0 0 0 0 337 336 336 336 336 336 336 336 336 336 336 336 337 336 336 336 336 336 336 336 336 336 336 336 336 336 336 336 336 336 336 336 336 336 336 336 336 336 336 333 336 336 336 336 336 336 336 336 336 336 336 336 336 336 336 336 336 336 336 336 336 336 336 336 336 336 336 336 336 336 336 336 336 336 336 0 0 0 0 0 0 0 0 0 0 0 0 0 0 0 0 0 0 0 0 0 0 0 0 0 0 0 0 0 0 0 0 0 0 0 0 0 0 0 0 0 0 0 0 0 0 0 0 0 0 0 0 0 0 0 0 356 0 356 0 356 0 0 356 0 0 0 0 0 0 0 356 0 0 0 0 0 0 0 0 356 356 0 0 356 0 0 356 356 0 0 0 0 0 356 0 337 337 337 337 337 337 337 337 337 337 337 337 337 337 337 337 337 337 337 337 337 337 337 337 337 337 337 337 337 337 337 337 337 337 337 337 337 337 337 337 337 337 337 337 337 337 0 0 0 0 0 0 0 0 0 0 0 0 0 0 0 0 0 0 0 0 0 0 0 0 0 0 0 0 0 0 0 0 0 0 
# name: freq
# type: matrix
# rows: 1
# columns: 362
 50.0 50.0 50.0 50.0 50.0 50.0 50.0 50.0 50.0 50.0 50.0 50.0 50.0 50.0 50.0 50.0 50.0 50.0 50.0 50.0 50.0 50.0 50.0 50.0 50.0 50.0 50.0 50.0 50.0 50.0 50.0 50.0 50.0 50.0 50.0 50.0 50.0 50.0 50.0 50.0 50.0 50.0 50.0 50.0 50.0 50.0 50.0 50.0 50.0 50.0 50.0 50.0 50.0 50.0 50.0 50.0 50.0 50.0 50.0 50.0 50.0 50.0 50.0 50.0 50.0 50.0 50.0 50.0 50.0 50.0 50.0 50.0 50.0 50.0 50.0 50.0 50.0 50.0 50.0 50.0 50.0 50.0 50.0 50.0 50.0 50.0 50.0 50.0 50.0 50.0 50.0 50.0 50.0 50.0 50.0 50.0 50.0 50.0 50.0 50.0 50.0 50.0 50.0 50.0 50.0 50.0 50.0 50.0 50.0 50.0 50.0 50.0 50.0 50.0 50.0 50.0 50.0 50.0 50.0 50.0 50.0 50.0 50.0 50.0 50.0 50.0 50.0 50.0 50.0 50.0 50.0 50.0 50.0 50.0 50.0 50.0 50.0 50.0 50.0 50.0 50.0 50.0 50.0 50.0 50.0 50.0 50.0 50.0 50.0 50.0 50.0 50.0 50.0 50.0 50.0 50.0 50.0 50.0 50.0 50.0 50.0 50.0 50.0 50.0 50.0 50.0 50.0 50.0 50.0 50.0 50.0 50.0 50.0 50.0 50.0 50.0 50.0 50.0 50.0 50.0 50.0 50.0 50.0 50.0 50.0 50.0 50.0 50.0 50.0 50.0 50.0 50.0 50.0 50.0 50.0 50.0 50.0 50.0 50.0 50.0 50.0 50.0 50.0 50.0 50.0 50.0 50.0 50.0 50.0 50.0 50.0 50.0 50.0 50.0 50.0 50.0 50.0 50.0 50.0 50.0 50.0 50.0 50.0 50.0 50.0 50.0 50.0 50.0 50.0 50.0 50.0 50.0 50.0 50.0 50.0 50.0 50.0 50.0 50.0 50.0 50.0 50.0 50.0 50.0 50.0 50.0 50.0 50.0 50.0 50.0 50.0 50.0 50.0 50.0 50.0 50.0 50.0 50.0 50.0 50.0 50.0 50.0 50.0 50.0 50.0 50.0 50.0 50.0 50.0 50.0 50.0 50.0 50.0 50.0 50.0 50.0 50.0 50.0 50.0 50.0 50.0 50.0 50.0 50.0 50.0 50.0 50.0 50.0 50.0 50.0 50.0 50.0 50.0 50.0 50.0 50.0 50.0 50.0 50.0 50.0 50.0 50.0 50.0 50.0 50.0 50.0 50.0 50.0 50.0 50.0 50.0 50.0 50.0 50.0 50.0 50.0 50.0 50.0 50.0 50.0 50.0 50.0 50.0 50.0 50.0 50.0 50.0 50.0 50.0 50.0 50.0 50.0 50.0 50.0 50.0 50.0 50.0 50.0 50.0 50.0 50.0 50.0 50.0 50.0 50.0 50.0 50.0 50.0 50.0 50.0 50.0 50.0 50.0 50.0 50.0 50.0 50.0 50.0 50.0 50.0 50.0 50.0 
# name: reacPower
# type: matrix
# rows: 1
# columns: 362
 0.0 0.0 0.0 0.0 0.0 0.0 0.0 0.0 0.0 0.0 0.0 0.0 0.0 0.0 0.0 0.0 0.0 0.0 0.0 0.0 0.0 0.0 0.0 0.0 0.0 0.0 0.0 0.0 0.0 0.0 0.0 0.0 0.0 0.0 0.0 0.0 0.0 0.0 0.0 0.0 0.0 0.0 0.0 0.0 0.0 0.0 0.0 0.0 0.0 0.0 0.0 0.0 0.0 0.0 0.0 0.0 0.0 0.0 0.0 0.0 0.0 0.0 0.0 0.0 0.0 0.0 0.0 0.0 0.0 0.0 0.0 0.0 0.0 0.0 0.0 0.0 0.0 0.0 0.0 0.0 0.0 0.0 0.0 0.0 0.0 0.0 0.0 0.0 0.0 0.0 0.0 0.0 0.0 0.0 0.0 0.0 0.0 0.0 0.0 0.0 0.0 0.0 0.0 0.0 0.0 0.0 0.0 0.0 0.0 0.0 0.0 -10.662 -10.973 -10.973 -11.076 -11.076 -11.076 -11.18 -11.18 -11.18 -11.18 -11.283 -11.283 -11.283 -11.387 -11.387 -11.387 -11.283 -11.387 -11.387 -11.387 -11.387 -11.387 -11.49 -11.49 -11.387 -11.387 -11.387 -11.387 -11.49 -11.49 -11.49 -11.49 -11.594 -11.49 -11.594 -11.594 -11.594 -11.697 -11.697 -11.594 -11.697 -11.697 -11.697 -11.697 -11.801 -11.697 -11.697 -11.801 -11.697 -11.801 -11.801 -12.111 -12.111 -12.215 -12.111 -12.215 -12.215 -12.111 -12.111 -12.111 -12.215 -12.215 -12.111 -12.215 -12.318 -12.111 -12.111 -12.318 -12.215 -12.111 -12.111 -12.215 -12.318 -12.215 -12.215 0.0 0.0 0.0 0.0 0.0 0.0 0.0 0.0 0.0 0.0 0.0 0.0 0.0 0.0 0.0 0.0 0.0 0.0 0.0 0.0 0.0 0.0 0.0 0.0 0.0 0.0 0.0 0.0 0.0 0.0 0.0 0.0 0.0 0.0 0.0 0.0 0.0 0.0 0.0 0.0 0.0 0.0 0.0 0.0 0.0 0.0 0.0 0.0 0.0 0.0 0.0 -1.242 -1.242 -1.863 -1.966 -1.552 -2.07 -1.552 -2.07 -1.656 -2.07 -1.863 -1.552 -2.07 -1.449 -1.552 -1.552 -1.552 -1.552 -1.759 -1.863 -2.07 -1.863 -1.759 -1.656 -1.759 -1.966 -1.863 -1.759 -1.759 -2.07 -2.07 -1.863 -1.966 -2.173 -1.656 -1.966 -2.173 -2.173 -1.863 -1.863 -1.863 -1.759 -1.863 -2.07 -1.863 -11.387 -11.076 -10.973 -11.076 -10.973 -11.076 -10.973 -11.283 -11.076 -10.973 -11.387 -10.973 -11.076 -11.283 -11.076 -10.973 -10.973 -11.076 -11.387 -11.283 -11.076 -10.973 -11.387 -11.387 -10.869 -11.076 -11.076 -10.973 -10.662 -10.869 -11.49 -11.387 -11.18 -11.076 -10.973 -11.283 -11.49 -11.283 -11.076 -10.766 -11.283 -11.387 -11.387 -11.076 -11.283 -10.869 0.0 0.0 0.0 0.0 0.0 0.0 0.0 0.0 0.0 0.0 0.0 0.0 0.0 0.0 0.0 0.0 0.0 0.0 0.0 0.0 0.0 0.0 0.0 0.0 0.0 0.0 0.0 0.0 0.0 0.0 0.0 0.0 0.0 0.0 
# name: power
# type: matrix
# rows: 1
# columns: 362
 0.0 0.0 0.0 0.0 0.0 0.0 0.0 0.0 0.0 0.0 0.0 0.0 0.0 0.0 0.0 0.0 0.0 0.0 0.0 0.0 0.0 0.0 0.0 0.0 0.0 0.0 0.0 0.0 0.0 0.0 0.0 0.0 0.0 0.0 0.0 0.0 0.0 0.0 0.0 0.0 0.0 0.0 0.0 0.0 0.0 0.0 0.0 0.0 0.0 0.0 0.0 0.0 0.0 0.0 0.0 0.0 0.0 0.0 0.0 0.0 0.0 0.0 0.0 0.0 0.0 0.0 0.0 0.0 0.0 0.0 0.0 0.0 0.0 0.0 0.0 0.0 0.0 0.0 0.0 0.0 0.0 0.0 0.0 0.0 0.0 0.0 0.0 0.0 0.0 0.0 0.0 0.0 0.0 0.0 0.0 0.0 0.0 0.0 0.0 0.0 0.0 0.0 0.0 0.0 0.0 0.0 0.0 0.0 0.0 0.0 0.0 26.087 24.637 24.534 24.12 23.913 23.602 23.706 24.016 24.43 23.913 24.223 24.534 24.844 24.637 24.534 23.913 23.292 23.292 24.534 23.499 23.499 23.085 23.706 24.12 22.981 22.878 22.878 22.878 22.774 23.085 22.981 23.085 24.637 22.774 24.223 24.534 22.878 24.43 24.223 22.463 24.43 24.12 22.878 24.327 24.016 22.878 24.223 24.016 22.774 24.223 24.223 24.534 23.706 24.12 23.499 23.913 23.809 23.292 23.292 23.188 24.016 24.43 23.292 24.223 24.327 23.188 23.188 24.327 23.292 23.188 23.085 23.292 23.913 23.292 23.395 0.0 0.0 0.0 0.0 0.0 0.0 0.0 0.0 0.0 0.0 0.0 0.0 0.0 0.0 0.0 0.0 0.0 0.0 0.0 0.0 0.0 0.0 0.0 0.0 0.0 0.0 0.0 0.0 0.0 0.0 0.0 0.0 0.0 0.0 0.0 0.0 0.0 0.0 0.0 0.0 0.0 0.0 0.0 0.0 0.0 0.0 0.0 0.0 0.0 0.0 0.0 32.815 32.815 33.54 33.644 33.126 33.747 32.919 33.644 33.023 33.54 33.333 32.919 33.54 32.919 33.126 33.023 33.023 33.23 33.437 33.54 33.747 33.54 33.437 33.333 33.333 33.54 33.54 33.333 33.333 33.644 33.644 33.437 33.54 33.644 33.126 33.437 33.644 33.644 33.333 33.126 33.23 32.919 33.023 33.23 33.23 26.397 25.466 25.362 25.466 25.362 25.569 25.258 26.087 25.569 25.362 26.397 25.362 25.569 25.88 25.466 25.362 25.258 25.466 26.501 25.88 25.569 25.466 26.19 26.294 25.155 25.466 25.466 25.258 24.844 25.051 26.604 26.397 25.776 25.466 25.258 26.19 26.604 25.983 25.466 24.948 26.087 26.501 26.294 25.569 26.087 25.155 0.0 0.0 0.0 0.0 0.0 0.0 0.0 0.0 0.0 0.0 0.0 0.0 0.0 0.0 0.0 0.0 0.0 0.0 0.0 0.0 0.0 0.0 0.0 0.0 0.0 0.0 0.0 0.0 0.0 0.0 0.0 0.0 0.0 0.0 
