# name: phAngle
# type: matrix
# rows: 1
# columns: 359
 0 0 0 0 0 0 0 0 0 0 0 0 0 0 0 0 0 0 0 0 0 0 0 0 0 0 0 0 0 0 0 0 0 0 0 0 0 0 0 0 0 0 0 0 0 0 0 0 0 0 0 0 0 0 0 0 0 0 0 0 3 3 3 3 3 0 0 0 0 0 0 0 0 0 0 0 0 0 0 0 0 0 0 0 0 0 0 0 0 0 0 0 0 0 0 0 0 0 0 0 0 0 0 0 0 0 0 0 0 0 0 0 0 0 0 0 0 0 0 0 0 0 0 0 0 0 0 0 0 0 0 0 0 0 0 0 0 0 0 0 0 0 0 0 0 0 0 0 0 0 0 0 0 0 0 0 0 0 0 0 0 0 0 0 0 0 0 0 0 0 0 0 0 0 0 0 0 0 0 0 0 0 0 357 357 357 357 357 357 357 357 357 357 357 357 357 357 357 357 357 357 357 357 357 356 356 357 357 353 353 353 353 353 353 353 353 353 353 353 353 353 349 349 349 349 349 349 349 349 349 349 349 349 349 349 349 349 349 349 349 349 349 349 349 349 349 349 349 349 349 349 349 349 349 349 349 349 349 349 349 349 349 349 349 349 349 349 349 349 0 0 0 0 0 0 0 0 0 0 0 0 0 0 0 0 0 0 0 0 0 0 0 0 0 0 0 0 0 0 0 0 0 0 0 0 0 0 0 0 0 0 0 0 0 0 0 0 0 0 0 0 0 0 0 0 0 0 0 3 0 0 0 0 0 0 0 0 0 0 0 0 0 0 0 0 0 0 0 0 0 0 0 0 0 0 0 0 0 0 
# name: freq
# type: matrix
# rows: 1
# columns: 359
 50.0 49.9 49.9 49.9 50.0 50.0 49.9 50.0 49.9 50.0 50.0 49.9 50.0 50.0 50.0 50.0 49.9 49.9 50.0 50.0 49.9 49.9 50.0 50.0 50.0 50.0 49.9 50.0 50.0 50.0 50.0 50.0 50.0 50.0 50.0 50.0 50.0 49.9 50.0 50.0 50.0 50.0 50.0 50.0 50.0 50.0 50.0 50.0 50.0 50.0 50.0 50.0 50.0 50.0 50.0 50.0 50.0 50.0 50.0 50.0 50.0 50.0 50.0 50.0 50.0 50.0 50.0 50.0 50.0 50.0 50.0 50.0 50.0 50.0 50.0 50.0 50.0 50.0 50.0 50.0 50.0 50.0 49.9 50.0 50.0 50.0 50.0 50.0 50.0 50.0 50.0 50.0 50.0 50.0 50.0 50.0 50.0 50.0 50.0 50.0 50.0 50.0 50.0 50.0 50.0 50.0 50.0 50.0 50.0 50.0 50.0 50.0 50.0 50.0 50.0 50.0 50.0 50.0 50.0 50.0 50.0 50.0 50.0 50.0 50.0 50.0 50.0 50.0 50.0 50.0 50.0 50.0 50.0 50.0 50.0 50.0 50.0 50.0 50.0 50.0 50.0 50.0 50.0 50.0 50.0 50.0 50.0 50.0 50.0 50.0 50.0 50.0 50.0 50.0 50.0 50.0 50.0 50.0 50.0 50.0 50.0 50.0 50.0 50.0 50.0 50.0 50.0 50.0 50.0 50.0 50.0 50.0 50.0 50.0 50.0 50.0 50.0 50.0 50.0 50.0 50.0 50.0 50.0 50.0 50.0 50.0 50.0 50.0 50.0 50.0 50.0 50.0 50.0 50.0 50.0 50.0 50.0 50.0 50.0 50.0 50.0 50.0 50.0 50.0 50.0 50.0 50.0 50.0 50.0 50.0 50.0 50.0 50.0 50.0 50.0 50.0 50.0 50.0 50.0 50.0 50.0 50.0 50.0 50.0 50.0 50.0 50.0 50.0 50.0 50.0 50.0 50.0 50.0 50.0 50.0 50.0 50.0 50.0 50.0 50.0 50.0 50.0 50.0 50.0 50.0 50.0 50.0 50.0 50.0 50.0 50.0 50.0 50.0 50.0 50.0 50.0 50.0 50.0 50.0 50.0 50.0 50.0 50.0 50.0 50.0 50.0 50.0 50.0 50.0 50.0 50.0 50.0 50.0 50.0 50.0 50.0 50.0 50.0 50.0 50.0 50.0 50.0 50.0 50.0 50.0 50.0 50.0 50.0 50.0 50.0 50.0 50.0 50.0 50.0 50.0 50.0 50.0 50.0 50.0 50.0 50.0 50.0 50.0 50.0 50.0 50.0 50.0 50.0 50.0 50.0 50.0 50.0 50.0 50.0 50.0 50.0 50.0 50.0 50.0 50.0 50.0 50.0 50.0 50.0 50.0 50.0 50.0 50.0 50.0 50.0 50.0 50.0 50.0 50.0 50.0 50.0 50.0 50.0 50.0 50.0 50.0 50.0 50.0 50.0 50.0 50.0 50.0 50.0 50.0 50.0 50.0 50.0 50.0 50.0 50.0 50.0 50.0 50.0 50.0 
# name: reacPower
# type: matrix
# rows: 1
# columns: 359
 0.0 0.0 0.0 0.0 0.0 0.0 0.0 0.0 0.0 0.0 0.0 0.0 0.0 0.0 0.0 0.0 0.0 0.0 0.0 0.0 0.0 0.0 0.0 0.0 0.0 0.0 0.0 0.0 0.0 0.0 0.0 0.0 0.0 0.0 0.0 0.0 0.0 0.0 0.0 0.0 0.0 0.0 0.0 0.0 0.0 0.0 0.0 0.0 0.0 0.0 0.0 0.0 0.0 0.0 0.0 0.0 0.0 0.0 0.0 0.0 3.434 3.018 2.601 2.289 1.977 1.873 1.769 1.665 1.561 1.457 1.353 1.248 1.144 1.144 1.04 1.04 0.936 0.936 0.936 0.832 0.832 0.832 0.832 0.728 0.624 0.728 0.728 0.728 0.624 0.624 0.624 0.52 0.52 0.52 0.52 0.416 0.416 0.416 0.416 0.312 0.312 0.208 0.312 0.312 0.312 0.208 0.208 0.208 0.208 0.208 0.208 0.208 0.208 0.208 0.104 0.104 0.104 0.104 0.104 0.104 0.104 0.0 0.0 0.0 0.0 0.0 -0.416 0.0 0.0 0.0 0.0 0.0 0.0 0.0 0.0 0.0 0.0 0.0 0.0 0.0 0.0 0.0 0.0 0.0 0.0 0.0 0.0 0.0 0.0 0.0 0.0 0.0 0.0 0.0 0.0 0.0 0.0 0.0 0.0 0.0 0.0 0.0 0.0 0.0 0.0 0.0 0.0 0.0 0.0 0.0 0.0 0.0 0.0 0.0 0.0 0.0 0.0 0.0 0.0 0.0 0.0 0.0 0.0 -2.081 -2.393 -2.706 -2.81 -3.018 -3.122 -3.226 -3.226 -3.33 -3.434 -3.538 -3.538 -3.642 -3.642 -3.746 -3.746 -3.746 -3.746 -3.746 -3.85 -3.746 -3.85 -3.85 -3.85 -3.85 -3.955 -3.955 -3.955 -3.955 -3.955 -3.955 -3.955 -3.955 -3.955 -4.059 -4.059 -4.059 -4.059 -6.765 -6.973 -6.973 -6.869 -6.869 -6.973 -6.869 -6.973 -6.973 -6.869 -6.869 -6.973 -6.869 -6.869 -6.869 -6.869 -6.869 -6.869 -6.869 -6.869 -6.973 -6.973 -6.869 -6.869 -6.973 -6.973 -6.973 -6.973 -6.973 -6.973 -6.973 -6.869 -6.869 -6.973 -6.973 -6.973 -6.973 -6.973 -6.973 -6.973 -6.973 -6.973 -7.077 -6.973 -6.973 -6.973 -6.973 -6.973 0.0 0.0 0.0 0.0 0.0 0.0 0.0 0.0 0.0 0.0 0.0 0.0 0.0 0.0 0.0 0.0 0.0 0.0 0.0 0.0 0.0 0.0 0.0 0.0 0.0 0.0 0.0 0.0 0.0 0.0 0.0 0.0 0.0 0.0 0.0 0.0 0.0 0.0 0.0 0.0 0.0 0.0 0.0 0.0 0.0 0.0 0.0 0.0 0.0 0.0 0.0 0.0 0.0 0.0 0.0 0.0 0.0 0.0 1.457 2.081 1.665 1.457 1.248 1.04 0.832 0.832 0.832 0.624 0.52 0.416 0.416 0.416 0.312 0.208 0.208 0.208 0.208 0.104 0.104 0.104 0.104 0.104 0.0 0.0 0.0 0.0 0.0 0.0 0.0 0.0 
# name: power
# type: matrix
# rows: 1
# columns: 359
 0.0 0.0 0.0 0.0 0.0 0.0 0.0 0.0 0.0 0.0 0.0 0.0 0.0 0.0 0.0 0.0 0.0 0.0 0.0 0.0 0.0 0.0 0.0 0.0 0.0 0.0 0.0 0.0 0.0 0.0 0.0 0.0 0.0 0.0 0.0 0.0 0.0 0.0 0.0 0.0 0.0 0.0 0.0 0.0 0.0 0.0 0.0 0.0 0.0 0.0 0.0 0.0 0.0 0.0 0.0 0.0 0.0 0.0 0.0 0.0 40.695 40.174 39.862 39.758 39.238 39.446 39.029 39.029 38.717 38.925 38.717 38.509 38.613 38.509 38.509 38.509 38.509 38.301 38.405 38.197 38.197 38.093 38.093 38.197 37.78 38.301 38.405 38.405 38.197 38.301 38.197 38.301 38.197 38.197 38.197 37.78 37.885 38.093 38.093 37.885 37.572 37.364 37.78 37.572 37.572 37.572 37.26 37.364 37.468 37.364 37.364 37.572 37.468 37.468 37.052 37.468 37.26 37.364 37.364 37.26 37.364 37.156 37.26 36.948 37.26 37.156 16.548 0.0 0.0 0.0 0.0 0.0 0.0 0.0 0.0 0.0 0.0 0.0 0.0 0.0 0.0 0.0 0.0 0.0 0.0 0.0 0.0 0.0 0.0 0.0 0.0 0.0 0.0 0.0 0.0 0.0 0.0 0.0 0.0 0.0 0.0 0.0 0.0 0.0 0.0 0.0 0.0 0.0 0.0 0.0 0.0 0.0 0.0 0.0 0.0 0.0 0.0 0.0 0.0 0.0 0.0 0.0 0.0 35.074 34.658 34.658 34.658 34.45 34.554 34.242 34.138 34.242 34.242 34.242 33.93 34.138 34.034 34.034 34.034 33.721 33.617 33.721 33.721 33.721 33.409 33.513 33.721 33.617 33.825 33.409 33.721 33.409 33.721 33.513 33.513 33.305 33.721 33.617 33.409 33.721 33.825 29.87 30.079 30.287 30.183 30.183 30.183 30.079 30.183 30.287 30.183 30.183 30.183 30.079 29.974 29.766 30.079 29.87 29.87 29.87 29.974 29.974 30.079 29.974 29.974 30.183 30.079 30.183 30.079 30.183 29.974 29.974 29.974 29.87 29.974 29.87 29.974 29.974 30.079 30.079 29.974 29.974 30.079 30.183 30.079 29.974 29.974 30.079 30.079 0.0 0.0 0.0 0.0 0.0 0.0 0.0 0.0 0.0 0.0 0.0 0.0 0.0 0.0 0.0 0.0 0.0 0.0 0.0 0.0 0.0 0.0 0.0 0.0 0.0 0.0 0.0 0.0 0.0 0.0 0.0 0.0 0.0 0.0 0.0 0.0 0.0 0.0 0.0 0.0 0.0 0.0 0.0 0.0 0.0 0.0 0.0 0.0 0.0 0.0 0.0 0.0 0.0 0.0 0.0 0.0 0.0 0.0 42.88 38.925 38.509 38.509 38.301 38.197 38.301 38.093 38.093 37.989 37.989 37.885 37.885 37.78 37.78 37.989 37.885 37.885 37.885 37.989 37.885 37.885 37.78 37.676 37.78 37.572 37.676 37.572 37.468 37.468 37.468 37.26 
