# name: phAngle
# type: matrix
# rows: 1
# columns: 359
 0 0 0 0 0 0 0 0 0 0 0 0 0 0 0 0 0 0 0 0 0 0 0 0 0 0 0 0 0 0 0 0 351 350 350 350 350 350 350 350 350 350 350 350 350 350 350 350 350 350 350 350 350 350 350 350 350 350 350 350 350 350 350 350 350 350 350 350 350 350 350 350 350 350 350 350 350 350 350 350 350 350 350 350 350 350 350 350 350 350 350 350 350 350 350 350 350 347 347 350 347 350 350 350 350 350 350 350 350 350 350 347 347 347 347 347 347 347 347 347 347 347 347 347 347 347 347 347 347 347 347 347 347 347 347 347 347 347 347 347 347 347 347 347 347 347 347 347 347 347 347 347 0 0 0 0 0 0 0 0 351 350 350 350 350 350 351 351 351 351 351 351 351 351 351 351 351 351 0 0 0 0 0 0 0 0 0 0 0 0 0 0 0 0 0 0 0 0 0 0 0 0 0 0 0 0 0 0 0 0 0 0 0 0 0 0 0 0 0 0 0 0 0 0 0 0 0 0 0 0 0 0 0 0 0 0 0 0 0 0 0 0 0 0 0 0 0 0 10 10 10 10 10 10 10 10 10 10 10 10 10 10 9 9 10 10 9 10 9 9 10 10 9 10 10 10 10 9 10 10 9 9 10 10 10 9 10 10 10 9 10 8 0 0 0 0 0 0 0 0 0 0 0 0 0 0 0 0 354 350 350 350 350 350 350 350 350 350 347 347 347 347 347 347 347 347 347 347 347 0 0 0 0 0 0 0 0 0 0 0 0 0 0 0 0 0 0 0 0 0 0 0 0 0 0 0 0 0 0 
# name: freq
# type: matrix
# rows: 1
# columns: 359
 50.0 50.0 50.0 50.0 50.0 50.0 50.0 50.0 50.0 50.0 50.0 50.0 50.0 50.0 50.0 50.0 50.0 50.0 50.0 50.0 50.0 50.0 50.0 50.0 50.0 50.0 50.0 50.0 50.0 50.0 50.0 50.0 50.0 50.0 50.0 50.0 50.0 50.0 50.0 50.0 50.0 50.0 50.0 50.0 50.0 50.0 50.0 50.0 50.0 50.0 50.0 50.0 50.0 50.0 50.0 50.0 50.0 50.0 50.0 50.0 50.0 50.0 50.0 50.0 50.0 50.0 50.0 50.0 50.0 50.0 50.0 50.0 50.0 50.0 50.0 50.0 50.0 50.0 50.0 50.0 50.0 50.0 50.0 50.0 50.0 50.0 50.0 50.0 50.0 50.0 50.0 50.0 50.0 50.0 50.0 50.0 49.9 50.0 50.0 50.0 50.0 50.0 50.0 50.0 50.0 50.0 50.0 50.0 50.0 50.0 50.0 50.0 50.0 50.0 50.0 50.0 50.0 50.0 50.0 50.0 50.0 50.0 50.0 50.0 50.0 50.0 50.0 50.0 50.0 50.0 50.0 50.0 50.0 50.0 50.0 50.0 50.0 50.0 50.0 50.0 50.0 50.0 50.0 50.0 50.0 50.0 50.0 50.0 50.0 50.0 50.0 50.0 50.0 50.0 50.0 50.0 50.0 50.0 50.0 50.0 50.0 50.0 50.0 50.0 50.0 50.0 50.0 50.0 50.0 50.0 50.0 50.0 50.0 50.0 50.0 50.0 50.0 50.0 50.0 50.0 50.0 50.0 50.0 50.0 50.0 50.0 50.0 50.0 50.0 50.0 50.0 49.9 50.0 50.0 50.0 50.0 50.0 50.0 50.0 50.0 50.0 50.0 50.0 50.0 50.0 50.0 50.0 50.0 50.0 50.0 50.0 50.0 50.0 50.0 50.0 50.0 50.0 50.0 50.0 50.0 50.0 50.0 50.0 50.0 50.0 50.0 50.0 50.0 50.0 50.0 50.0 50.0 50.0 50.0 50.0 50.0 50.0 50.0 50.0 50.0 50.0 50.0 50.0 50.0 50.0 50.0 50.0 50.0 50.0 50.0 50.0 50.0 50.0 50.0 50.0 50.0 50.0 50.0 50.0 50.0 50.0 50.0 50.0 50.0 50.0 50.0 50.0 50.0 50.0 50.0 50.0 50.0 50.0 50.0 50.0 50.0 50.0 50.0 50.0 50.0 50.0 50.0 50.0 50.0 50.0 50.0 50.0 50.0 50.0 50.0 50.1 50.0 50.0 50.0 50.0 50.0 50.0 50.0 50.0 50.0 50.0 50.0 50.0 50.0 50.0 50.0 50.0 50.0 50.0 50.0 50.0 50.0 50.0 50.0 50.0 50.0 50.0 50.0 50.0 50.0 50.0 50.0 50.0 50.0 50.0 50.0 50.0 50.0 50.0 50.0 50.0 50.0 50.0 50.0 50.0 50.0 50.0 50.0 50.0 50.0 50.0 50.0 50.0 50.0 50.0 50.0 50.0 50.0 50.0 50.0 50.0 50.0 50.0 50.0 50.0 50.0 50.0 50.0 50.0 
# name: reacPower
# type: matrix
# rows: 1
# columns: 359
 0.0 0.0 0.0 0.0 0.0 0.0 0.0 0.0 0.0 0.0 0.0 0.0 0.0 0.0 0.0 0.0 0.0 0.0 0.0 0.0 0.0 0.0 0.0 0.0 0.0 0.0 0.0 0.0 0.0 0.0 0.0 0.0 -6.244 -6.661 -6.765 -6.765 -6.869 -6.973 -6.973 -7.181 -7.285 -7.181 -7.285 -7.285 -6.869 -6.869 -6.765 -6.869 -6.869 -6.869 -6.869 -6.973 -6.869 -6.973 -6.765 -6.661 -6.765 -6.765 -6.661 -6.765 -6.765 -6.869 -6.869 -6.869 -6.765 -6.869 -6.869 -6.869 -6.869 -6.869 -6.973 -6.973 -6.973 -6.973 -7.701 -7.701 -7.701 -7.701 -7.805 -7.597 -7.701 -7.701 -7.701 -7.805 -7.805 -7.701 -7.701 -7.597 -7.701 -7.805 -7.701 -7.805 -7.805 -7.805 -7.805 -7.805 -7.805 -7.91 -7.91 -7.805 -7.91 -7.91 -7.805 -7.91 -7.805 -7.805 -7.805 -7.805 -7.805 -7.805 -7.805 -8.118 -8.222 -8.118 -8.118 -8.118 -8.118 -8.118 -8.118 -8.118 -8.118 -8.222 -8.222 -8.118 -8.118 -8.118 -8.118 -8.118 -8.118 -8.222 -8.118 -8.118 -8.222 -8.118 -8.118 -8.222 -8.222 -8.222 -8.222 -8.222 -8.222 -8.222 -8.222 -8.222 -8.326 -8.222 -8.222 -8.326 -8.326 -8.326 -8.43 -8.326 0.0 0.0 0.0 0.0 0.0 0.0 0.0 0.0 -6.661 -6.348 -6.452 -6.452 -6.452 -6.452 -6.973 -6.973 -6.973 -7.077 -7.077 -7.077 -7.077 -7.077 -7.077 -7.077 -7.077 -7.077 0.0 0.0 0.0 0.0 0.0 0.0 0.0 0.0 0.0 0.0 0.0 0.0 0.0 0.0 0.0 0.0 0.0 0.0 0.0 0.0 0.0 0.0 0.0 0.0 0.0 0.0 0.0 0.0 0.0 0.0 0.0 0.0 0.0 0.0 0.0 0.0 0.0 0.0 0.0 0.0 0.0 0.0 0.0 0.0 0.0 0.0 0.0 0.0 0.0 0.0 0.0 0.0 0.0 0.0 0.0 0.0 0.0 0.0 0.0 0.0 0.0 0.0 0.0 0.0 0.0 0.0 0.0 0.0 0.0 0.0 8.638 8.638 8.534 8.534 8.43 8.43 8.222 8.222 9.575 9.471 9.367 9.367 9.263 9.263 9.054 9.159 9.263 9.054 8.95 9.054 8.846 8.95 8.95 9.054 8.846 9.159 8.95 9.054 9.263 8.95 9.054 9.054 8.95 8.95 8.846 8.846 8.95 8.742 8.95 8.742 8.846 8.742 8.846 5.099 0.0 0.0 0.0 0.0 0.0 0.0 0.0 0.0 0.0 0.0 0.0 0.0 0.0 0.0 0.0 0.0 -5.308 -6.869 -6.869 -7.493 -7.597 -7.701 -7.701 -7.805 -7.805 -7.805 -7.91 -8.014 -7.91 -7.91 -8.014 -8.014 -8.014 -8.118 -8.118 -8.222 -8.222 0.0 0.0 0.0 0.0 0.0 0.0 0.0 0.0 0.0 0.0 0.0 0.0 0.0 0.0 0.0 0.0 0.0 0.0 0.0 0.0 0.0 0.0 0.0 0.0 0.0 0.0 0.0 0.0 0.0 0.0 
# name: power
# type: matrix
# rows: 1
# columns: 359
 0.0 0.0 0.0 0.0 0.0 0.0 0.0 0.0 0.0 0.0 0.0 0.0 0.0 0.0 0.0 0.0 0.0 0.0 0.0 0.0 0.0 0.0 0.0 0.0 0.0 0.0 0.0 0.0 0.0 0.0 0.0 0.0 38.301 37.052 37.26 37.468 37.468 37.468 37.468 37.052 36.74 37.364 37.26 37.468 35.491 35.699 35.491 35.699 35.387 35.491 35.699 35.595 35.699 35.595 34.762 34.97 34.554 34.554 34.762 34.658 34.45 34.138 34.242 34.242 34.554 34.346 34.346 34.554 34.45 34.45 34.45 34.346 34.554 34.242 36.323 36.011 36.323 36.011 35.803 36.011 35.699 36.115 35.907 35.595 35.699 35.699 35.699 36.115 36.011 35.699 36.115 36.115 36.011 35.907 36.011 36.011 36.011 35.803 35.595 35.803 35.699 35.491 35.803 35.595 35.595 35.699 35.387 35.283 35.491 35.178 35.699 36.531 36.011 36.323 36.427 36.219 36.323 36.427 36.219 36.427 36.219 35.907 35.907 35.803 35.907 36.219 36.115 36.219 36.323 35.907 36.011 36.219 36.011 36.115 36.115 36.011 36.115 36.219 36.011 36.323 36.323 36.219 36.219 36.323 36.115 36.323 36.219 36.011 36.115 36.219 36.011 36.427 0.0 0.0 0.0 0.0 0.0 0.0 0.0 0.0 39.029 37.26 36.844 36.844 37.052 37.052 39.238 39.238 39.446 39.446 39.55 39.342 39.029 39.446 39.029 38.717 38.821 39.133 0.0 0.0 0.0 0.0 0.0 0.0 0.0 0.0 0.0 0.0 0.0 0.0 0.0 0.0 0.0 0.0 0.0 0.0 0.0 0.0 0.0 0.0 0.0 0.0 0.0 0.0 0.0 0.0 0.0 0.0 0.0 0.0 0.0 0.0 0.0 0.0 0.0 0.0 0.0 0.0 0.0 0.0 0.0 0.0 0.0 0.0 0.0 0.0 0.0 0.0 0.0 0.0 0.0 0.0 0.0 0.0 0.0 0.0 0.0 0.0 0.0 0.0 0.0 0.0 0.0 0.0 0.0 0.0 0.0 0.0 46.107 45.795 46.107 45.899 45.899 46.003 46.419 46.211 49.021 48.917 49.229 49.229 49.333 49.333 49.75 49.75 48.917 49.437 49.541 49.229 49.646 49.541 49.229 49.333 49.646 48.917 49.541 49.333 49.125 49.541 49.333 49.437 49.646 49.541 49.333 49.333 49.229 49.646 49.333 49.437 49.437 49.541 49.229 28.205 0.0 0.0 0.0 0.0 0.0 0.0 0.0 0.0 0.0 0.0 0.0 0.0 0.0 0.0 0.0 0.0 38.197 34.762 34.762 37.052 36.531 36.531 36.636 36.636 36.844 36.948 36.844 36.636 36.844 36.74 36.531 36.636 36.636 36.323 36.323 35.907 36.011 0.0 0.0 0.0 0.0 0.0 0.0 0.0 0.0 0.0 0.0 0.0 0.0 0.0 0.0 0.0 0.0 0.0 0.0 0.0 0.0 0.0 0.0 0.0 0.0 0.0 0.0 0.0 0.0 0.0 0.0 
