# name: phAngle
# type: matrix
# rows: 1
# columns: 353
 272 272 272 272 272 272 272 272 272 272 272 272 272 272 272 272 272 272 272 272 272 272 272 272 272 272 272 272 272 272 272 272 272 272 272 272 272 272 272 272 272 272 272 272 272 272 272 272 272 272 272 272 272 272 272 319 319 319 322 319 326 315 315 315 315 315 315 315 315 319 319 319 319 326 272 272 272 272 272 272 272 272 272 272 272 272 272 272 272 272 272 272 272 272 272 272 272 272 272 272 272 272 320 315 315 315 315 315 315 315 315 315 315 315 319 315 319 272 272 319 319 272 272 319 315 315 315 315 315 315 315 315 315 315 315 315 315 315 315 315 315 315 315 315 315 315 315 315 315 315 315 315 315 315 315 315 315 315 315 315 315 315 315 315 315 315 315 315 315 315 315 315 315 318 318 318 318 318 319 319 319 272 272 272 272 272 272 272 272 272 272 272 272 272 272 272 272 272 272 272 272 272 272 272 272 272 272 272 272 272 272 272 272 272 272 272 272 272 272 272 272 272 272 272 272 272 315 315 315 315 315 315 315 315 315 315 315 315 315 315 315 315 315 315 315 315 318 318 318 318 318 315 315 319 319 315 315 315 315 315 315 319 315 315 315 315 315 315 315 315 319 319 315 315 315 315 315 315 315 315 315 315 315 315 315 315 315 315 315 315 315 315 318 315 318 318 315 315 315 318 315 315 315 315 315 315 315 315 318 318 318 315 315 315 315 315 315 315 315 315 315 315 315 315 315 315 315 315 315 315 315 315 315 315 315 315 315 315 315 315 315 315 315 315 315 315 315 315 315 315 315 315 315 
# name: freq
# type: matrix
# rows: 1
# columns: 353
 50.0 50.0 50.0 50.0 50.0 50.0 50.0 50.0 50.0 50.0 50.0 50.0 50.0 50.0 50.0 50.0 50.0 50.0 50.0 50.0 50.0 50.0 50.0 50.0 50.0 50.0 50.0 50.0 50.0 50.0 50.0 50.0 50.0 50.0 50.0 50.0 50.0 50.0 50.0 50.0 50.0 50.0 50.0 50.0 50.0 50.0 50.0 50.0 50.0 50.0 50.0 50.0 50.0 50.0 50.0 50.0 50.0 50.0 50.0 50.0 50.0 50.0 50.0 50.0 50.0 50.0 50.0 50.0 50.0 50.0 50.0 50.0 50.0 50.0 50.0 50.0 50.0 50.0 50.0 50.0 50.0 50.0 50.0 50.0 50.0 50.0 50.0 50.0 50.0 50.0 50.0 50.0 50.0 50.0 50.0 50.0 50.0 50.0 50.0 50.0 50.0 50.0 50.0 50.0 50.0 50.0 50.0 50.0 50.0 50.0 50.0 50.0 50.0 50.0 50.0 50.0 50.0 50.0 50.0 50.0 50.0 50.0 50.0 50.0 50.0 50.0 50.0 50.0 50.0 50.0 50.0 50.0 50.0 50.0 50.0 50.0 50.0 50.0 50.0 50.0 50.0 50.0 50.0 50.0 50.0 50.0 50.0 50.0 50.0 50.0 50.0 50.0 50.0 50.0 50.0 50.0 50.0 50.0 50.0 50.0 50.0 50.0 50.0 50.0 50.0 50.0 50.0 50.0 50.0 50.0 50.0 50.0 50.0 50.0 50.0 50.0 50.0 50.0 50.0 50.0 50.0 50.0 50.0 50.0 50.0 50.0 50.0 50.0 50.0 50.0 50.0 50.0 50.0 50.0 50.0 50.0 50.0 50.0 50.0 50.0 50.0 50.0 50.0 50.0 50.0 50.0 50.0 50.0 50.0 50.0 50.0 50.0 50.0 50.0 50.0 50.0 50.0 50.0 50.0 50.0 50.0 50.0 50.0 50.0 50.0 50.0 50.0 50.0 50.0 50.0 50.0 50.0 50.0 50.0 50.0 50.0 50.0 50.0 50.0 50.0 50.0 50.0 50.0 50.0 50.0 50.0 50.0 50.0 50.0 50.0 50.0 50.0 50.0 50.0 50.0 50.0 50.0 50.0 50.0 50.0 50.0 50.0 50.0 50.0 50.0 50.0 50.0 50.0 50.0 50.0 50.0 50.0 50.0 50.0 50.0 50.0 50.0 50.0 50.0 50.0 50.0 50.0 50.0 50.0 50.0 50.0 50.0 50.0 50.0 50.0 50.0 50.0 50.0 50.0 50.0 50.0 50.0 50.0 50.0 50.0 50.0 50.0 50.0 50.0 50.0 50.0 50.0 50.0 50.0 50.0 50.0 50.0 50.0 50.0 50.0 50.0 50.0 50.0 50.0 50.0 50.0 50.0 50.0 50.0 50.0 50.0 50.0 50.0 50.0 50.0 50.0 50.0 50.0 50.0 50.0 50.0 50.0 50.0 50.0 50.0 50.0 50.0 50.0 50.0 50.0 50.0 50.0 50.0 50.0 50.0 50.0 50.0 50.0 
# name: reacPower
# type: matrix
# rows: 1
# columns: 353
 -7.039 -7.039 -7.039 -7.039 -7.039 -7.039 -7.039 -7.039 -7.039 -7.039 -7.039 -7.039 -7.039 -7.039 -7.039 -7.039 -7.039 -7.039 -7.039 -7.039 -7.039 -7.039 -7.039 -7.039 -7.039 -7.039 -7.039 -7.039 -7.039 -7.039 -7.039 -7.039 -7.039 -7.142 -7.142 -7.039 -7.039 -7.039 -6.521 -6.625 -6.625 -6.521 -6.521 -6.521 -6.521 -6.107 -6.107 -6.107 -6.107 -6.107 -6.107 -6.521 -6.521 -6.521 -6.521 -15.631 -15.631 -15.735 -15.528 -15.735 -13.043 -17.08 -17.08 -17.184 -17.184 -17.08 -17.184 -17.184 -17.184 -16.045 -16.045 -16.045 -16.045 -13.354 -6.107 -6.211 -6.211 -6.107 -6.107 -6.107 -6.625 -6.625 -6.625 -6.625 -6.625 -6.625 -6.521 -7.039 -7.039 -7.039 -7.039 -7.039 -7.039 -7.039 -7.039 -7.039 -7.039 -7.039 -6.625 -6.625 -6.625 -6.625 -12.008 -14.803 -14.803 -14.803 -14.803 -14.803 -14.803 -14.803 -14.803 -14.803 -14.803 -14.803 -14.596 -14.803 -14.596 -6.004 -6.004 -14.699 -14.596 -6.004 -6.521 -16.045 -16.149 -17.287 -17.391 -17.391 -17.494 -17.494 -17.391 -17.494 -17.287 -17.287 -17.391 -17.391 -17.391 -17.391 -17.391 -17.287 -17.494 -17.391 -17.391 -17.391 -17.391 -17.598 -17.701 -17.701 -17.598 -17.701 -17.701 -17.598 -17.598 -17.494 -17.598 -17.598 -17.598 -17.598 -17.598 -17.598 -17.598 -17.494 -17.494 -17.494 -17.701 -17.701 -17.701 -17.805 -17.805 -17.701 -17.805 -17.805 -17.805 -17.287 -17.287 -17.287 -17.391 -17.287 -16.252 -16.252 -16.252 -6.625 -6.625 -6.728 -6.625 -6.625 -6.625 -6.211 -6.211 -6.211 -6.211 -6.211 -6.728 -6.625 -6.728 -6.625 -6.625 -6.728 -6.728 -7.142 -7.142 -7.142 -7.142 -7.246 -7.142 -7.246 -7.246 -7.246 -7.142 -7.142 -7.142 -7.142 -7.142 -7.142 -7.142 -7.142 -7.039 -7.142 -7.142 -7.142 -7.142 -7.142 -7.142 -7.142 -7.142 -7.142 -17.805 -17.805 -17.701 -17.805 -17.805 -17.701 -17.701 -17.701 -17.701 -17.805 -17.805 -17.701 -17.805 -17.805 -17.805 -17.805 -17.701 -17.909 -17.909 -17.909 -17.391 -17.391 -17.391 -17.391 -17.391 -17.287 -17.287 -16.149 -16.252 -15.113 -15.113 -15.113 -15.113 -15.113 -15.113 -15.113 -15.113 -15.113 -15.113 -15.113 -15.113 -15.113 -15.113 -15.113 -16.149 -16.149 -17.287 -17.287 -17.287 -17.391 -17.287 -17.391 -17.391 -17.287 -17.391 -17.287 -17.391 -17.391 -17.391 -17.391 -17.391 -17.391 -17.391 -17.391 -17.391 -17.391 -17.494 -17.494 -17.494 -17.598 -17.494 -17.494 -17.494 -17.598 -17.494 -17.494 -17.494 -17.494 -17.494 -17.598 -17.598 -17.598 -17.701 -17.598 -17.598 -17.598 -17.598 -17.598 -17.598 -17.598 -17.598 -17.494 -17.494 -17.494 -17.494 -17.494 -17.494 -17.494 -17.494 -17.494 -17.494 -17.494 -17.494 -17.494 -17.494 -17.494 -17.494 -17.494 -17.494 -17.494 -17.494 -17.494 -17.494 -17.494 -17.494 -17.494 -17.494 -17.494 -17.494 -17.494 -17.494 -17.494 -17.494 -17.494 -17.494 -17.494 -17.494 
