# name: phAngle
# type: matrix
# rows: 1
# columns: 360
 0 0 0 0 0 0 0 0 0 0 0 0 0 0 354 0 355 2 0 0 0 0 0 0 0 0 0 0 0 0 0 0 0 0 0 0 0 0 0 0 0 0 0 0 0 0 0 0 0 0 0 0 0 0 0 0 0 0 0 0 0 0 0 0 0 0 0 0 0 348 348 347 347 347 347 347 347 347 344 344 344 344 344 344 344 344 344 344 344 344 344 344 344 344 344 344 344 344 344 344 344 344 344 344 344 344 344 344 344 344 344 344 344 344 344 344 344 344 344 344 344 344 344 344 344 344 344 344 344 344 344 344 344 344 344 344 344 344 344 344 344 344 344 344 344 344 344 344 0 0 0 0 0 0 0 0 0 0 0 0 0 0 0 0 0 0 0 0 0 0 0 0 0 0 0 0 0 0 0 0 0 0 0 0 0 0 0 0 0 0 0 0 0 0 0 0 0 0 0 0 0 0 0 0 0 0 0 0 0 0 0 0 0 0 0 0 0 0 0 0 0 0 0 0 0 0 0 0 0 0 0 0 0 0 0 0 0 0 0 0 0 0 0 0 0 0 0 0 0 0 0 0 0 0 0 0 0 0 0 0 0 0 0 0 0 0 0 0 0 0 0 0 0 0 0 0 0 0 0 0 0 0 0 0 0 0 0 0 0 0 0 0 0 0 0 0 0 0 0 0 0 0 0 0 0 0 0 0 0 0 0 0 0 0 0 0 0 0 0 0 0 0 0 0 0 0 0 0 0 0 0 347 347 347 347 347 344 344 344 344 344 344 344 344 344 344 344 344 344 344 344 344 344 344 344 344 344 344 344 0 
# name: freq
# type: matrix
# rows: 1
# columns: 360
 50.0 50.0 50.0 50.0 50.0 50.0 50.0 50.0 50.0 50.0 50.0 50.0 50.0 50.0 50.0 50.0 50.0 50.0 50.0 50.0 50.0 50.0 50.0 50.0 50.0 50.0 50.0 50.0 50.0 50.0 50.0 50.0 50.0 50.0 50.0 50.0 50.0 50.0 50.0 50.0 50.0 50.0 50.0 50.0 50.0 50.0 50.0 50.0 50.0 50.0 50.0 50.0 50.0 50.0 50.0 50.0 50.0 50.0 50.0 50.0 50.0 50.0 50.0 50.0 50.0 50.0 50.0 50.0 50.0 50.0 50.0 50.0 50.0 50.0 50.0 50.0 50.0 50.0 50.0 50.0 50.0 50.0 50.0 50.0 50.0 50.0 50.0 50.0 50.0 50.0 50.0 50.0 50.0 50.0 50.0 50.0 50.0 50.0 50.0 50.0 50.0 50.0 50.0 50.0 50.0 50.0 50.0 50.0 50.0 50.0 50.0 50.0 50.0 50.0 50.0 50.0 50.0 50.0 50.0 50.0 50.0 50.0 50.0 50.0 50.0 50.0 50.0 50.0 50.0 50.0 50.0 50.0 50.0 50.0 50.0 50.0 50.0 50.0 50.0 50.0 50.0 50.0 50.0 50.0 50.0 50.0 50.0 50.0 50.0 50.0 50.0 50.0 50.0 50.0 50.0 50.0 50.0 50.0 50.0 50.0 50.0 50.0 50.0 50.0 50.0 50.0 50.0 50.0 50.0 50.0 50.0 50.0 50.0 50.0 50.0 50.0 50.0 50.0 50.1 50.0 50.1 50.0 50.0 50.1 50.0 50.0 50.0 50.0 50.0 50.0 50.0 50.0 50.0 50.0 50.0 50.0 50.0 50.0 50.0 50.0 50.0 50.0 50.0 50.0 50.1 50.1 50.1 50.0 50.0 50.0 50.0 50.0 50.1 50.1 50.1 50.0 50.1 50.0 50.0 50.0 50.0 50.0 50.0 50.0 50.0 50.0 50.0 50.0 50.0 50.0 50.0 50.0 50.0 50.0 50.0 50.0 50.0 50.0 50.0 50.0 50.0 50.0 50.0 50.0 50.0 50.0 50.0 50.0 50.0 50.0 50.0 50.1 50.0 50.1 50.1 50.0 50.1 50.0 50.0 50.0 50.0 50.0 50.0 50.0 50.0 50.0 50.0 50.0 50.0 50.0 50.0 50.0 50.0 50.0 50.0 50.0 50.0 50.0 50.0 50.0 50.0 50.0 50.0 50.0 50.0 50.0 50.0 50.0 50.0 50.0 50.0 50.0 50.0 50.1 50.1 50.0 50.0 50.0 50.0 50.0 50.0 50.0 50.0 50.0 50.0 50.0 50.0 50.0 50.0 50.0 50.0 50.0 50.0 50.0 50.0 50.0 50.0 50.0 50.0 50.0 50.0 50.0 50.0 50.0 50.0 50.0 50.0 50.0 50.0 50.0 50.0 50.0 50.0 50.0 50.0 50.0 50.0 50.0 50.0 50.0 50.0 50.0 50.0 50.0 50.0 50.0 50.0 50.0 50.0 50.0 50.0 50.1 50.0 50.0 50.0 50.0 50.0 50.0 50.0 50.0 
# name: reacPower
# type: matrix
# rows: 1
# columns: 360
 0.0 0.0 0.0 0.0 0.0 0.0 0.0 0.0 0.0 0.0 0.0 0.0 0.0 0.0 -2.898 0.0 -5.279 2.07 1.242 1.035 0.931 0.828 0.621 0.517 0.31 0.31 0.207 0.103 0.103 0.0 0.0 -0.103 -0.103 -0.207 -0.207 -0.207 -0.207 -0.31 -0.207 -0.31 -0.31 -0.414 -0.31 -0.414 -0.517 -0.414 -0.517 -0.621 -0.621 -0.621 -0.724 -0.724 -0.724 -0.724 -0.724 -0.724 -0.621 0.0 0.0 0.0 0.0 0.0 0.0 0.0 0.0 0.0 0.0 0.0 0.0 -9.523 -9.73 -9.834 -9.937 -10.041 -10.144 -10.144 -10.248 -10.248 -10.352 -10.455 -10.559 -10.559 -10.662 -10.662 -10.766 -10.766 -10.766 -10.766 -10.869 -10.766 -10.766 -10.766 -10.766 -10.973 -10.973 -10.973 -10.973 -10.973 -10.973 -10.973 -11.076 -11.076 -11.076 -11.076 -11.076 -11.076 -11.076 -11.283 -11.283 -11.283 -11.387 -11.283 -11.387 -11.387 -11.387 -11.387 -11.49 -11.387 -11.387 -11.283 -11.283 -11.283 -11.49 -11.49 -11.49 -11.49 -11.49 -11.387 -11.387 -11.387 -11.49 -11.49 -11.49 -11.387 -11.387 -11.387 -11.49 -11.594 -11.594 -11.594 -11.594 -11.594 -11.594 -11.594 -11.594 -11.697 -11.697 -11.697 0.0 0.0 0.0 0.0 0.0 0.0 0.0 0.0 0.0 0.0 0.0 0.0 0.0 0.0 0.0 0.0 0.0 0.0 0.0 0.0 0.0 0.0 0.0 0.0 0.0 0.0 0.0 0.0 0.0 0.0 0.0 0.0 -0.621 0.31 0.0 -0.207 -0.31 -0.517 -0.724 -0.931 -1.035 -1.035 -1.138 -1.242 -1.345 -1.345 -1.345 -1.345 -1.449 -1.449 -1.552 -1.656 -1.656 -1.656 -1.759 -1.759 -1.759 -1.656 -1.552 -1.552 -1.656 -1.656 -1.552 -1.656 -1.656 -1.656 -1.759 -1.656 -1.656 -1.656 -1.656 -1.759 -1.656 -1.656 -1.656 -1.552 -1.552 -1.552 -1.863 -1.759 -1.759 -1.759 -1.759 -1.863 -1.656 -1.863 -1.863 -1.759 -1.759 -1.656 -1.656 -1.759 -1.656 -1.759 -1.656 -1.759 -1.759 -1.656 -1.656 -1.656 -1.656 -1.656 -1.656 -1.656 -1.656 -1.656 -1.656 -1.656 -1.552 -1.656 -1.863 -1.759 -1.863 -1.759 -1.759 -1.656 -1.656 -1.759 -1.759 -1.863 -1.759 -1.759 -1.759 -1.759 -1.759 -1.656 -1.656 -1.656 -1.656 -1.656 -1.759 -1.656 -1.656 -1.656 -1.759 -1.656 -1.656 -1.656 -1.759 -1.759 -1.759 -1.656 -1.759 -1.656 -1.656 -1.656 0.0 0.0 0.0 0.0 0.0 0.0 0.0 0.0 0.0 0.0 0.0 0.0 0.0 0.0 0.0 0.0 0.0 0.0 0.0 0.0 0.0 0.0 0.0 0.0 0.0 0.0 0.0 0.0 0.0 0.0 0.0 0.0 0.0 0.0 0.0 0.0 0.0 -9.73 -9.834 -9.937 -10.144 -10.248 -10.352 -10.455 -10.455 -10.559 -10.662 -10.662 -10.662 -10.766 -10.766 -10.766 -10.869 -10.973 -10.973 -10.973 -10.973 -10.973 -10.973 -10.973 -10.973 -10.973 -11.076 -11.076 -11.076 0.0 
# name: power
# type: matrix
# rows: 1
# columns: 360
 0.0 0.0 0.0 0.0 0.0 0.0 0.0 0.0 0.0 0.0 0.0 0.0 0.0 0.0 19.668 0.0 49.379 59.834 56.004 53.209 53.209 53.313 53.002 52.898 52.898 52.795 52.484 52.381 52.174 51.76 51.656 51.346 51.139 51.242 50.932 51.449 51.242 51.449 50.621 50.828 50.517 50.621 50.31 50.517 50.621 50.517 50.0 50.0 49.689 49.793 50.414 50.31 50.103 50.103 50.0 50.0 44.824 0.0 0.0 0.0 0.0 0.0 0.0 0.0 0.0 0.0 0.0 0.0 0.0 39.648 39.234 38.923 38.509 38.302 38.199 37.577 37.474 37.37 37.37 37.577 37.577 37.37 37.474 37.37 37.37 37.163 37.163 36.956 37.06 36.439 36.646 36.335 36.232 36.749 36.749 36.542 36.646 36.439 36.335 36.232 36.542 36.232 36.335 36.232 36.025 35.818 35.921 36.335 36.335 36.335 36.439 36.335 36.335 36.335 36.335 36.232 36.232 36.025 36.128 35.611 35.507 35.3 36.025 36.025 36.025 35.714 35.818 35.611 35.507 35.507 35.611 35.507 35.507 35.196 35.196 35.196 35.196 35.507 35.611 35.403 35.3 35.3 35.3 35.403 35.3 35.507 35.403 35.3 0.0 0.0 0.0 0.0 0.0 0.0 0.0 0.0 0.0 0.0 0.0 0.0 0.0 0.0 0.0 0.0 0.0 0.0 0.0 0.0 0.0 0.0 0.0 0.0 0.0 0.0 0.0 0.0 0.0 0.0 0.0 0.0 55.176 48.965 49.275 49.275 49.172 48.654 48.654 48.861 48.758 48.758 48.861 48.861 48.861 49.068 48.861 49.172 49.172 49.172 49.275 49.379 49.482 49.172 49.482 49.275 49.068 49.172 48.758 48.551 48.861 48.758 48.861 48.447 48.447 48.758 48.965 48.758 49.172 49.068 48.861 49.275 48.965 48.965 48.861 48.861 48.654 48.965 49.379 49.275 48.965 49.068 48.861 49.068 48.758 49.172 48.965 48.965 49.068 48.758 49.172 49.482 49.172 49.275 49.068 49.379 49.379 49.172 49.172 49.172 49.172 48.861 48.861 49.068 49.172 49.068 49.068 49.275 49.068 49.068 49.482 49.689 49.793 49.793 49.586 49.379 49.586 49.586 49.482 49.586 49.482 49.586 49.482 49.275 49.068 48.965 48.965 48.758 49.172 49.172 49.275 49.172 48.654 48.551 48.758 48.654 48.654 48.551 48.758 48.551 48.758 48.447 48.654 48.344 48.551 48.551 0.0 0.0 0.0 0.0 0.0 0.0 0.0 0.0 0.0 0.0 0.0 0.0 0.0 0.0 0.0 0.0 0.0 0.0 0.0 0.0 0.0 0.0 0.0 0.0 0.0 0.0 0.0 0.0 0.0 0.0 0.0 0.0 0.0 0.0 0.0 0.0 0.0 37.991 37.37 37.163 36.956 36.956 36.749 36.749 36.646 36.646 36.439 36.439 36.335 36.335 36.232 36.128 36.128 36.232 36.128 36.232 36.025 36.128 35.714 35.818 35.611 35.714 35.714 35.611 35.611 0.0 
