# name: phAngle
# type: matrix
# rows: 1
# columns: 360
 0 344 343 343 343 343 343 343 343 343 343 343 343 343 343 343 343 343 343 343 343 343 343 343 343 343 343 343 343 343 341 341 341 341 341 341 341 341 341 341 341 341 341 341 341 341 341 341 341 341 341 341 341 341 341 341 341 341 341 341 341 341 341 341 341 341 341 341 341 341 341 341 341 341 341 341 341 341 341 341 341 341 341 341 341 341 341 341 341 341 341 341 341 341 341 341 341 341 341 341 341 341 341 341 341 341 341 341 341 341 341 341 341 341 341 341 341 341 341 341 341 341 341 341 341 341 341 341 341 341 341 341 341 341 341 346 346 346 344 344 346 346 346 346 346 346 346 0 0 0 0 0 0 0 0 0 0 0 0 0 0 0 0 0 0 0 0 0 0 0 0 0 0 0 0 0 0 0 0 0 0 0 0 0 0 0 0 0 0 0 0 0 0 0 0 0 0 0 0 0 0 0 0 0 0 0 0 0 0 0 0 0 0 0 0 0 0 0 0 0 0 0 0 0 0 0 0 0 0 0 0 0 0 0 0 0 0 0 0 0 0 0 0 0 0 0 0 0 0 0 0 0 0 0 0 0 0 0 0 0 0 0 0 0 0 0 0 0 0 0 0 0 0 0 343 341 343 343 341 343 341 341 341 341 341 341 341 341 341 341 341 341 341 341 341 341 341 341 341 341 341 341 341 341 341 341 341 341 341 341 341 341 341 341 341 341 341 341 341 341 341 341 341 341 341 341 341 341 341 341 341 341 357 357 357 357 357 357 357 357 357 357 357 357 357 357 357 357 357 346 347 347 347 347 347 347 346 347 347 347 
# name: freq
# type: matrix
# rows: 1
# columns: 360
 50.0 50.0 50.0 50.0 50.0 50.0 50.0 50.0 50.0 50.0 50.0 50.0 50.0 50.0 50.0 50.0 50.0 50.0 50.0 50.0 50.0 50.0 50.0 50.0 50.0 50.0 50.0 50.0 50.0 50.0 50.0 50.0 50.0 50.0 50.0 50.0 50.0 50.0 50.0 50.0 50.0 50.0 50.0 50.0 50.0 50.0 50.0 50.0 50.0 50.0 50.0 50.0 50.0 50.0 50.0 50.0 50.0 50.0 50.0 50.0 50.0 50.0 50.0 50.0 50.0 50.0 50.0 50.0 50.0 50.0 50.0 50.0 50.0 50.0 50.0 50.0 50.0 50.0 50.0 50.0 50.0 50.0 50.0 50.0 50.0 50.0 50.0 50.0 50.0 50.0 50.0 50.0 50.0 50.0 50.0 50.0 50.0 50.0 50.0 50.0 50.0 50.0 50.0 50.0 50.0 50.0 50.0 50.0 50.1 50.0 50.0 50.0 50.0 50.0 50.0 50.0 50.0 50.0 50.0 50.0 50.0 50.0 50.0 50.0 50.0 50.0 50.0 50.0 50.0 50.0 50.0 50.0 50.0 50.0 50.0 50.0 50.0 50.0 50.0 50.0 50.0 50.0 50.0 50.0 50.0 50.0 50.0 50.0 50.0 50.0 50.0 50.0 50.0 50.0 50.0 50.0 50.0 50.0 50.0 50.0 50.0 50.0 50.0 50.0 50.0 50.0 50.0 50.0 50.0 50.0 50.0 50.0 50.0 50.0 50.0 50.0 50.0 50.0 50.0 50.0 50.0 50.0 50.0 50.0 50.0 50.0 50.0 50.0 50.0 50.0 50.0 50.0 50.0 50.0 50.0 50.0 50.0 50.0 50.0 50.0 50.0 50.0 50.0 50.0 50.0 50.0 50.0 50.0 50.0 50.0 50.0 50.1 50.0 50.0 50.0 50.0 50.0 50.0 50.0 50.0 50.0 50.0 50.0 50.0 50.0 50.0 50.0 50.0 50.0 50.0 50.0 50.0 50.0 50.0 50.0 50.0 50.0 50.0 50.0 50.0 50.0 50.0 50.0 50.0 50.0 50.0 50.0 50.0 50.0 50.0 50.0 50.0 50.0 50.0 50.0 50.0 50.0 50.0 50.0 50.0 50.0 50.0 50.0 50.0 50.0 50.0 50.0 50.0 50.0 50.0 50.0 50.0 50.0 50.0 50.0 50.0 50.0 50.0 50.0 50.0 50.0 50.0 50.0 50.0 50.0 50.0 50.0 50.0 50.0 50.0 50.0 50.0 50.0 50.0 50.0 50.0 50.0 50.0 50.0 50.0 50.0 50.0 50.0 50.0 50.0 50.0 50.0 50.0 50.0 50.0 50.0 50.0 50.0 50.0 50.0 50.0 50.0 50.0 50.0 50.0 50.0 50.0 50.0 50.0 50.0 50.0 50.0 50.0 50.0 50.0 50.0 50.0 50.0 50.0 50.0 50.0 50.0 50.0 50.0 50.0 50.0 50.0 50.0 50.0 50.0 50.0 50.0 50.0 50.0 50.0 50.1 50.0 50.0 50.0 50.0 50.0 50.0 50.0 50.0 50.0 
# name: reacPower
# type: matrix
# rows: 1
# columns: 360
 0.0 -10.303 -10.72 -10.824 -10.928 -11.032 -11.032 -11.136 -11.24 -11.344 -11.344 -11.344 -11.344 -11.448 -11.448 -11.448 -11.552 -11.552 -11.448 -11.448 -11.552 -11.552 -11.552 -11.552 -11.552 -11.552 -11.552 -11.552 -11.552 -11.552 -11.552 -11.552 -11.552 -11.552 -11.552 -11.552 -11.552 -11.552 -11.552 -11.552 -11.552 -11.552 -11.552 -11.552 -11.552 -11.552 -11.552 -11.552 -11.656 -11.552 -11.552 -11.552 -11.552 -11.552 -11.552 -11.552 -11.552 -11.552 -11.656 -11.552 -11.656 -11.656 -11.656 -11.552 -11.656 -11.656 -11.656 -11.656 -11.656 -11.656 -11.656 -11.761 -11.761 -11.656 -11.656 -11.656 -11.552 -11.552 -11.656 -11.656 -11.656 -11.761 -11.656 -11.656 -11.761 -11.656 -11.761 -11.656 -11.761 -11.761 -11.761 -11.761 -11.761 -11.761 -11.761 -11.761 -11.761 -11.761 -11.761 -11.761 -11.761 -11.761 -11.761 -11.761 -11.656 -11.761 -11.761 -11.761 -11.761 -11.761 -11.761 -11.761 -11.865 -11.865 -11.865 -11.761 -11.761 -11.761 -11.761 -11.761 -11.761 -11.761 -11.761 -11.761 -11.761 -11.761 -11.761 -11.761 -11.761 -11.761 -11.656 -11.761 -11.761 -11.656 -11.761 -9.783 -9.783 -9.783 -9.887 -9.887 -9.887 -9.783 -9.783 -9.783 -9.783 -9.783 -9.783 0.0 0.0 0.0 0.0 0.0 0.0 0.0 0.0 0.0 0.0 0.0 0.0 0.0 0.0 0.0 0.0 0.0 0.0 0.0 0.0 0.0 0.0 0.0 0.0 0.0 0.0 0.0 0.0 0.0 0.0 0.0 0.0 0.0 0.0 0.0 0.0 0.0 0.0 0.0 0.0 0.0 0.0 0.0 0.0 0.0 0.0 0.0 0.0 0.0 0.0 0.0 0.0 0.0 0.0 0.0 0.0 0.0 0.0 0.0 0.0 0.0 0.0 0.0 0.0 0.0 0.0 0.0 0.0 0.0 0.0 0.0 0.0 0.0 0.0 0.0 0.0 0.0 0.0 0.0 0.0 0.0 0.0 0.0 0.0 0.0 0.0 0.0 0.0 0.0 0.0 0.0 0.0 0.0 0.0 0.0 0.0 0.0 0.0 0.0 0.0 0.0 0.0 0.0 0.0 0.0 0.0 0.0 0.0 0.0 0.0 0.0 0.0 0.0 0.0 0.0 0.0 0.0 0.0 0.0 0.0 0.0 0.0 0.0 0.0 0.0 0.0 0.0 -10.616 -10.72 -10.824 -10.928 -11.032 -11.032 -11.032 -11.136 -11.136 -11.136 -11.136 -11.24 -11.24 -11.24 -11.24 -11.24 -11.24 -11.24 -11.344 -11.344 -11.344 -11.344 -11.344 -11.344 -11.24 -11.24 -11.448 -11.448 -11.448 -11.448 -11.552 -11.552 -11.552 -11.552 -11.552 -11.552 -11.552 -11.552 -11.656 -11.656 -11.656 -11.656 -11.656 -11.656 -11.656 -11.656 -11.656 -11.656 -11.656 -11.656 -11.656 -11.656 -11.761 -11.656 -11.761 -11.656 -11.761 -11.761 -2.497 -2.393 -2.393 -2.393 -2.497 -2.497 -2.393 -2.393 -2.393 -2.393 -2.393 -2.393 -2.393 -2.393 -2.393 -2.393 -2.393 -9.679 -9.783 -9.783 -9.783 -9.783 -9.783 -9.783 -9.783 -9.783 -9.783 -9.783 
# name: power
# type: matrix
# rows: 1
# columns: 360
 0.0 35.178 32.576 32.368 32.368 32.368 32.264 32.368 32.472 32.472 32.368 32.368 32.264 32.264 32.368 32.264 32.264 32.264 32.056 31.848 32.056 32.056 32.056 31.952 31.848 31.952 31.848 31.744 31.744 31.744 31.64 31.64 31.64 31.64 31.536 31.432 31.432 31.536 31.432 31.223 31.328 31.328 31.223 31.223 31.015 31.223 31.119 31.119 31.328 31.119 31.119 31.119 31.015 30.911 31.015 30.911 30.911 30.807 31.119 30.911 31.119 30.807 31.015 30.911 31.015 30.807 30.807 30.911 30.911 30.911 31.015 31.015 31.015 30.911 30.807 30.807 30.703 30.703 30.911 30.703 30.807 30.911 30.807 30.703 30.807 30.807 30.911 30.599 30.911 30.703 30.807 30.911 30.911 30.911 31.015 30.911 30.911 30.911 30.703 30.703 30.703 30.703 30.807 30.703 30.599 30.703 30.703 30.703 30.911 30.807 30.807 30.807 30.911 31.015 30.911 30.703 30.703 30.703 30.703 30.703 30.703 30.599 30.807 30.599 30.703 30.599 30.599 30.703 30.599 30.495 30.495 30.599 30.495 30.495 30.495 33.617 33.409 33.513 33.721 33.721 33.617 33.513 33.409 33.513 33.409 33.513 33.409 0.0 0.0 0.0 0.0 0.0 0.0 0.0 0.0 0.0 0.0 0.0 0.0 0.0 0.0 0.0 0.0 0.0 0.0 0.0 0.0 0.0 0.0 0.0 0.0 0.0 0.0 0.0 0.0 0.0 0.0 0.0 0.0 0.0 0.0 0.0 0.0 0.0 0.0 0.0 0.0 0.0 0.0 0.0 0.0 0.0 0.0 0.0 0.0 0.0 0.0 0.0 0.0 0.0 0.0 0.0 0.0 0.0 0.0 0.0 0.0 0.0 0.0 0.0 0.0 0.0 0.0 0.0 0.0 0.0 0.0 0.0 0.0 0.0 0.0 0.0 0.0 0.0 0.0 0.0 0.0 0.0 0.0 0.0 0.0 0.0 0.0 0.0 0.0 0.0 0.0 0.0 0.0 0.0 0.0 0.0 0.0 0.0 0.0 0.0 0.0 0.0 0.0 0.0 0.0 0.0 0.0 0.0 0.0 0.0 0.0 0.0 0.0 0.0 0.0 0.0 0.0 0.0 0.0 0.0 0.0 0.0 0.0 0.0 0.0 0.0 0.0 0.0 32.993 31.64 31.744 31.744 31.64 31.64 31.536 31.432 31.328 31.223 31.223 31.328 31.223 31.223 31.223 31.223 31.119 31.119 31.015 31.015 31.223 31.015 31.119 31.119 30.703 30.703 31.119 31.328 31.223 31.223 31.223 31.119 31.223 31.223 31.119 31.119 31.119 31.119 31.223 31.223 31.223 31.119 31.119 31.119 31.119 31.223 31.223 31.119 31.119 31.015 31.119 31.015 31.119 30.911 31.119 30.911 31.119 31.015 39.238 38.925 39.029 39.029 39.029 39.029 38.925 38.925 38.925 38.925 38.925 38.925 39.029 38.717 38.821 38.821 38.821 33.513 33.721 33.721 33.825 33.825 33.721 33.825 33.617 33.721 33.617 33.617 
