# name: phAngle
# type: matrix
# rows: 1
# columns: 359
 0 0 0 0 0 0 0 0 0 0 0 0 0 0 0 0 0 0 0 0 0 0 0 0 0 0 0 0 0 0 0 0 0 0 0 0 0 0 0 0 0 0 0 0 0 0 0 0 0 0 0 0 0 0 0 0 0 0 0 0 0 0 0 0 0 0 0 0 0 0 0 0 0 0 0 0 0 0 0 0 0 0 0 0 0 0 0 0 0 0 0 0 0 0 0 0 0 0 0 0 0 0 0 0 0 0 0 0 0 0 0 0 0 0 0 0 0 0 0 0 0 0 0 0 0 0 0 0 338 338 338 338 338 338 338 338 338 338 338 338 338 338 338 338 338 338 332 332 332 332 332 332 332 332 332 332 332 332 332 332 332 332 332 332 332 332 332 332 332 332 332 332 332 330 332 332 332 0 0 0 0 0 0 0 0 0 0 354 354 354 354 354 354 354 354 354 354 354 354 354 354 354 354 354 354 354 354 354 354 354 354 354 354 354 354 354 354 354 354 354 354 354 354 332 330 330 330 330 330 330 330 330 330 0 0 0 0 0 0 0 0 0 0 0 0 0 0 0 0 0 0 0 0 0 0 0 0 0 0 0 0 0 0 0 0 0 0 0 0 0 0 0 0 0 0 0 0 0 0 0 0 0 0 0 0 0 0 0 0 0 332 332 332 332 332 332 332 332 332 332 332 330 332 330 332 332 330 332 332 332 332 330 332 332 330 332 330 330 330 330 330 330 333 338 338 338 338 338 338 338 338 338 338 338 338 338 338 338 336 338 338 338 338 338 338 338 338 338 338 0 0 0 0 0 0 0 0 0 0 
# name: freq
# type: matrix
# rows: 1
# columns: 359
 50.0 50.0 50.0 50.0 50.0 50.0 50.0 50.0 50.0 50.0 50.0 50.0 50.0 50.0 50.0 50.0 50.0 50.0 50.0 50.0 50.0 50.0 50.0 50.0 50.0 50.0 50.0 50.0 50.0 50.0 50.0 50.0 50.0 50.0 50.0 50.0 50.0 50.0 50.0 50.0 50.0 50.0 50.0 50.0 50.0 50.0 50.0 50.0 50.0 50.0 50.0 50.0 50.0 50.0 50.0 50.0 50.0 50.0 50.0 50.0 50.0 50.0 50.0 50.0 50.0 50.0 50.0 50.0 50.0 50.0 50.0 50.0 50.0 50.0 50.0 50.0 50.0 50.0 50.0 50.0 50.0 50.0 50.0 50.0 50.0 50.0 50.0 50.0 50.0 50.0 50.0 50.0 50.0 50.0 50.0 50.0 50.0 50.0 50.0 50.0 50.0 50.0 50.0 50.0 50.0 50.0 50.0 50.0 50.0 50.0 50.0 50.0 50.0 50.0 50.0 50.0 50.0 50.0 50.0 50.0 50.0 50.0 50.0 50.0 50.0 50.0 50.0 50.0 50.0 50.0 50.0 50.0 50.0 50.0 50.0 50.0 50.0 50.0 50.0 50.0 50.0 50.0 50.0 50.0 50.0 50.0 50.0 50.0 50.0 50.0 50.0 50.0 50.0 50.0 50.0 50.0 50.0 50.0 50.0 50.0 50.0 50.0 50.0 50.0 50.0 50.0 50.0 50.0 50.0 50.0 50.0 50.0 50.0 50.0 50.0 50.0 50.0 50.0 50.0 50.0 50.0 50.0 50.0 49.9 50.0 50.0 50.0 50.0 50.0 50.0 50.0 50.0 50.0 50.0 50.0 50.0 50.0 50.0 50.0 50.0 50.0 50.0 50.0 50.0 50.0 50.0 50.0 50.0 50.0 50.0 50.0 50.0 50.0 50.0 50.0 50.0 50.0 50.0 50.0 50.0 50.0 50.0 50.0 50.0 50.0 50.0 50.0 50.0 50.0 50.0 50.0 50.0 50.0 50.0 50.0 50.0 50.0 50.0 50.0 50.0 50.0 50.0 50.0 50.0 50.0 50.0 50.0 50.0 50.0 50.0 50.0 50.0 50.0 50.0 50.0 50.0 50.0 50.0 50.0 50.0 50.0 50.0 50.0 50.0 50.0 50.0 50.0 50.0 50.0 50.0 50.0 50.0 50.0 50.0 50.0 50.0 50.0 50.0 50.0 50.0 50.0 50.0 50.0 50.0 50.0 50.0 50.0 50.0 50.0 50.0 50.0 50.0 50.0 50.0 50.0 50.0 50.0 50.0 50.0 50.0 50.0 50.0 50.0 50.0 50.0 50.0 50.0 50.0 50.0 50.0 50.0 50.0 50.0 50.0 50.0 50.0 50.0 50.0 50.0 50.0 50.0 50.0 50.0 50.0 50.0 50.0 50.0 50.0 50.0 50.0 50.0 50.0 50.0 50.0 50.0 50.0 50.0 50.0 50.0 50.0 50.0 50.0 50.0 50.0 50.0 50.0 50.0 50.0 50.0 50.0 50.0 50.0 50.0 50.0 50.0 50.0 50.0 50.0 50.0 
# name: reacPower
# type: matrix
# rows: 1
# columns: 359
 0.0 0.0 0.0 0.0 0.0 0.0 0.0 0.0 0.0 0.0 0.0 0.0 0.0 0.0 0.0 0.0 0.0 0.0 0.0 0.0 0.0 0.0 0.0 0.0 0.0 0.0 0.0 0.0 0.0 0.0 0.0 0.0 0.0 0.0 0.0 0.0 0.0 0.0 0.0 0.0 0.0 0.0 0.0 0.0 0.0 0.0 0.0 0.0 0.0 0.0 0.0 0.0 0.0 0.0 0.0 0.0 0.0 0.0 0.0 0.0 0.0 0.0 0.0 0.0 0.0 0.0 0.0 0.0 0.0 0.0 0.0 0.0 0.0 0.0 0.0 0.0 0.0 0.0 0.0 0.0 0.0 0.0 0.0 0.0 0.0 0.0 0.0 0.0 0.0 0.0 0.0 0.0 0.0 0.0 0.0 0.0 0.0 0.0 0.0 0.0 0.0 0.0 0.0 0.0 0.0 0.0 0.0 0.0 0.0 0.0 0.0 0.0 0.0 0.0 0.0 0.0 0.0 0.0 0.0 0.0 0.0 0.0 0.0 0.0 0.0 0.0 0.0 0.0 -14.803 -14.906 -14.906 -15.01 -15.01 -15.113 -15.113 -15.113 -15.217 -15.217 -15.217 -15.217 -15.321 -15.321 -15.321 -15.321 -15.321 -15.321 -17.391 -17.494 -17.494 -17.598 -17.598 -17.494 -17.598 -17.598 -17.598 -17.598 -17.598 -17.598 -17.598 -17.701 -17.701 -17.598 -17.701 -17.701 -17.701 -17.701 -17.701 -17.701 -17.805 -17.701 -17.701 -17.805 -17.805 -17.701 -17.805 -17.805 -17.805 0.0 0.0 0.0 0.0 0.0 0.0 0.0 0.0 0.0 0.0 -5.176 -5.176 -5.072 -5.072 -5.072 -5.176 -5.176 -5.176 -5.176 -5.176 -5.176 -5.279 -5.176 -5.176 -5.176 -5.279 -5.279 -5.279 -5.279 -5.279 -5.279 -5.279 -5.279 -5.279 -5.279 -5.279 -5.279 -5.279 -5.279 -5.383 -5.279 -5.383 -5.279 -5.279 -5.279 -5.279 -18.219 -18.219 -18.219 -18.219 -18.323 -18.219 -18.219 -18.323 -18.219 -18.219 0.0 0.0 0.0 0.0 0.0 0.0 0.0 0.0 0.0 0.0 0.0 0.0 0.0 0.0 0.0 0.0 0.0 0.0 0.0 0.0 0.0 0.0 0.0 0.0 0.0 0.0 0.0 0.0 0.0 0.0 0.0 0.0 0.0 0.0 0.0 0.0 0.0 0.0 0.0 0.0 0.0 0.0 0.0 0.0 0.0 0.0 0.0 0.0 0.0 0.0 0.0 0.0 0.0 0.0 0.0 0.0 0.0 -17.494 -17.494 -17.494 -17.701 -17.701 -17.701 -17.805 -17.805 -17.805 -17.805 -17.805 -17.805 -17.909 -17.805 -17.909 -17.909 -18.012 -18.012 -18.012 -18.012 -18.012 -18.012 -18.116 -18.116 -18.116 -18.116 -18.116 -18.116 -18.116 -18.116 -18.116 -18.116 -13.457 -15.838 -15.838 -15.838 -15.838 -15.838 -15.942 -15.942 -15.942 -15.942 -15.838 -15.838 -15.838 -15.838 -15.838 -15.838 -15.838 -15.838 -15.838 -15.838 -15.942 -15.838 -15.942 -15.838 -15.942 -15.942 -15.942 0.0 0.0 0.0 0.0 0.0 0.0 0.0 0.0 0.0 0.0 
# name: power
# type: matrix
# rows: 1
# columns: 359
 0.0 0.0 0.0 0.0 0.0 0.0 0.0 0.0 0.0 0.0 0.0 0.0 0.0 0.0 0.0 0.0 0.0 0.0 0.0 0.0 0.0 0.0 0.0 0.0 0.0 0.0 0.0 0.0 0.0 0.0 0.0 0.0 0.0 0.0 0.0 0.0 0.0 0.0 0.0 0.0 0.0 0.0 0.0 0.0 0.0 0.0 0.0 0.0 0.0 0.0 0.0 0.0 0.0 0.0 0.0 0.0 0.0 0.0 0.0 0.0 0.0 0.0 0.0 0.0 0.0 0.0 0.0 0.0 0.0 0.0 0.0 0.0 0.0 0.0 0.0 0.0 0.0 0.0 0.0 0.0 0.0 0.0 0.0 0.0 0.0 0.0 0.0 0.0 0.0 0.0 0.0 0.0 0.0 0.0 0.0 0.0 0.0 0.0 0.0 0.0 0.0 0.0 0.0 0.0 0.0 0.0 0.0 0.0 0.0 0.0 0.0 0.0 0.0 0.0 0.0 0.0 0.0 0.0 0.0 0.0 0.0 0.0 0.0 0.0 0.0 0.0 0.0 0.0 35.921 35.714 35.611 35.818 35.818 35.611 35.611 35.611 35.714 35.507 35.507 35.611 35.611 35.714 35.507 35.403 35.403 35.403 31.263 31.366 31.47 31.47 31.366 31.263 31.47 31.366 31.263 31.263 31.263 31.159 31.056 31.159 31.159 31.159 31.056 31.159 31.056 31.056 31.056 31.056 31.056 30.952 30.952 30.952 30.952 30.745 30.952 30.952 30.952 0.0 0.0 0.0 0.0 0.0 0.0 0.0 0.0 0.0 0.0 42.857 42.753 42.753 42.857 42.753 42.65 42.857 42.857 42.857 42.857 42.96 43.064 42.96 42.65 42.65 42.65 42.857 42.857 42.753 42.857 42.96 42.857 42.96 42.753 42.753 42.857 42.857 42.546 42.65 42.857 42.857 42.857 42.753 42.753 42.857 42.753 30.952 30.642 30.849 30.745 30.849 30.642 30.745 30.849 30.745 30.642 0.0 0.0 0.0 0.0 0.0 0.0 0.0 0.0 0.0 0.0 0.0 0.0 0.0 0.0 0.0 0.0 0.0 0.0 0.0 0.0 0.0 0.0 0.0 0.0 0.0 0.0 0.0 0.0 0.0 0.0 0.0 0.0 0.0 0.0 0.0 0.0 0.0 0.0 0.0 0.0 0.0 0.0 0.0 0.0 0.0 0.0 0.0 0.0 0.0 0.0 0.0 0.0 0.0 0.0 0.0 0.0 0.0 31.78 31.159 31.159 31.47 31.263 31.159 31.056 30.952 31.159 30.952 31.056 30.952 30.952 30.849 30.952 30.952 30.849 31.056 30.952 30.952 30.952 30.849 30.952 30.952 30.952 30.952 30.849 30.849 30.952 30.849 30.849 30.849 26.604 35.196 35.196 35.196 35.196 35.196 35.3 35.3 35.3 35.196 35.093 35.093 35.196 35.093 35.093 35.093 34.989 35.093 35.093 35.093 35.093 35.093 35.196 35.093 35.196 35.093 35.196 0.0 0.0 0.0 0.0 0.0 0.0 0.0 0.0 0.0 0.0 
