# name: phAngle
# type: matrix
# rows: 1
# columns: 358
 315 315 315 315 315 315 315 315 315 315 315 315 315 315 315 315 319 319 319 315 315 315 272 322 315 272 315 311 323 326 326 323 326 323 326 322 322 337 322 322 322 322 322 322 322 322 322 322 323 272 272 272 272 272 272 272 272 272 272 272 272 272 272 272 272 272 272 272 272 272 272 272 272 272 272 272 272 272 272 272 272 272 272 272 272 272 272 272 272 272 272 272 272 272 272 315 311 311 311 315 315 315 315 315 315 315 315 315 311 311 311 311 315 315 315 315 315 315 315 315 315 315 315 315 315 315 315 315 315 315 315 315 315 315 315 315 315 315 315 315 315 315 315 315 315 315 315 315 315 315 315 311 311 311 315 315 315 315 315 315 315 315 315 311 311 311 311 311 311 311 311 315 315 315 315 315 315 315 315 315 315 315 315 315 315 315 315 315 315 315 315 315 315 315 311 311 311 311 315 311 311 311 311 311 311 311 311 315 315 315 315 315 315 315 315 315 322 322 322 322 322 322 322 322 322 322 322 322 322 322 322 322 322 322 322 322 326 326 272 272 272 272 272 272 272 272 272 272 272 272 272 272 272 272 272 272 272 272 272 272 272 272 272 272 272 272 272 272 272 272 272 272 272 272 272 272 272 272 272 272 272 272 272 272 272 272 272 272 272 272 272 272 272 272 272 272 272 272 272 272 318 311 315 315 311 315 315 315 315 315 315 315 315 315 315 315 315 315 315 315 315 315 315 315 315 315 315 315 315 315 315 315 315 315 315 315 315 315 315 315 315 315 315 315 315 315 315 315 315 315 315 315 315 315 315 315 315 315 
# name: freq
# type: matrix
# rows: 1
# columns: 358
 50.0 50.0 50.0 50.0 50.0 50.0 50.0 50.0 50.0 50.0 50.0 50.0 50.0 50.0 50.0 50.0 50.0 50.0 50.0 50.0 50.0 50.0 50.0 50.0 50.0 50.0 50.0 50.0 50.0 50.0 50.0 50.0 50.0 50.0 50.0 50.0 50.0 50.0 50.0 50.0 50.0 50.0 50.0 50.0 50.0 50.0 50.0 50.0 50.0 50.0 50.0 50.0 50.0 50.0 50.0 50.0 50.0 50.0 50.0 50.0 50.0 50.0 50.0 50.0 50.0 50.0 50.0 50.0 50.0 50.0 50.0 50.0 50.0 50.0 50.0 50.0 50.0 50.0 50.0 50.0 50.0 50.0 50.0 50.0 50.0 50.0 50.0 50.0 50.0 50.0 50.0 50.0 50.0 50.0 50.0 50.0 50.0 50.0 50.0 50.0 50.0 50.0 50.0 50.0 50.0 50.0 50.0 50.0 50.0 50.0 50.0 50.0 50.0 50.0 50.0 50.0 50.0 50.0 50.0 50.0 50.0 50.0 50.0 50.0 50.0 50.0 50.0 50.0 50.0 50.0 50.0 50.0 50.0 50.0 50.0 50.0 50.0 50.0 50.0 50.0 50.0 50.0 50.0 50.0 50.0 50.0 50.0 50.0 50.0 50.0 50.0 50.0 50.0 50.0 50.0 50.0 50.0 50.0 50.0 50.0 50.0 50.0 50.0 50.0 50.0 50.0 50.0 50.0 50.0 50.0 50.0 50.0 50.0 50.0 50.0 50.0 50.0 50.0 50.0 50.0 50.0 50.0 50.0 50.0 50.0 50.0 50.0 50.0 50.0 50.0 50.0 50.0 50.0 50.0 50.0 50.0 50.0 50.0 50.0 50.0 50.0 50.0 50.0 50.0 50.0 50.0 50.0 50.0 50.0 50.0 50.0 50.0 50.0 50.0 50.0 50.0 50.0 50.0 50.0 50.0 50.0 50.0 50.0 50.0 50.0 50.0 50.0 50.0 50.0 50.0 50.0 50.0 50.0 50.0 50.0 50.0 50.0 50.0 50.0 50.0 50.0 50.0 50.0 50.0 50.0 50.0 50.0 50.0 50.0 50.0 50.0 50.0 50.0 50.0 50.0 50.0 50.0 50.0 50.0 50.0 50.0 50.0 50.0 50.0 50.0 50.0 50.0 50.0 50.0 50.0 50.0 50.0 50.0 50.0 50.0 50.0 50.0 50.0 50.0 50.0 50.0 50.0 50.0 50.0 50.0 50.0 50.0 50.0 50.0 50.0 50.0 50.0 50.0 50.0 50.0 50.0 50.0 50.0 50.0 50.0 50.0 50.0 50.0 50.0 50.0 50.0 50.0 50.0 50.0 50.0 50.0 50.0 50.0 50.0 50.0 50.0 50.0 50.0 50.0 50.0 50.0 50.0 50.0 50.0 50.0 50.0 50.0 50.0 50.0 50.0 50.0 50.0 50.0 50.0 50.0 50.0 50.0 50.0 50.0 50.0 50.0 50.0 50.0 50.0 50.0 50.0 50.0 50.0 50.0 50.0 50.0 50.0 50.0 50.0 50.0 50.0 50.0 50.0 
# name: reacPower
# type: matrix
# rows: 1
# columns: 358
 -17.494 -17.391 -17.391 -17.494 -17.494 -17.494 -17.391 -17.391 -17.494 -17.494 -17.494 -17.391 -17.494 -17.494 -17.494 -17.494 -16.356 -16.356 -16.356 -15.321 -15.217 -15.631 -6.107 -15.321 -15.631 -6.107 -15.631 -16.77 -13.975 -13.975 -14.078 -14.078 -14.078 -14.078 -14.078 -15.113 -15.217 -11.283 -15.113 -15.217 -15.217 -15.217 -15.321 -15.217 -15.217 -15.217 -15.217 -15.321 -14.182 -6.935 -7.039 -7.142 -7.142 -7.142 -7.142 -7.142 -7.142 -7.142 -7.142 -7.142 -7.142 -7.142 -7.142 -7.142 -7.142 -7.142 -7.142 -7.246 -7.142 -7.142 -7.142 -7.246 -7.142 -7.246 -7.142 -7.142 -7.142 -7.246 -7.142 -7.142 -7.142 -7.142 -7.142 -7.142 -7.142 -7.142 -7.142 -7.142 -7.142 -7.142 -7.142 -7.142 -7.142 -7.142 -7.142 -18.116 -16.873 -16.873 -16.977 -15.735 -15.735 -15.735 -15.735 -15.735 -15.735 -15.631 -15.735 -15.735 -16.977 -16.977 -16.873 -16.977 -18.219 -18.323 -18.219 -18.219 -18.219 -18.219 -18.219 -18.219 -18.219 -18.323 -18.219 -18.219 -18.219 -18.219 -18.219 -18.219 -18.219 -18.219 -18.323 -18.219 -18.219 -18.219 -18.323 -18.219 -18.219 -18.116 -18.116 -18.116 -18.116 -18.116 -18.219 -18.116 -18.116 -18.116 -18.116 -18.116 -18.116 -18.116 -18.116 -16.873 -16.873 -16.873 -15.735 -15.735 -15.735 -15.735 -15.735 -15.735 -15.735 -15.735 -15.631 -16.873 -16.873 -16.873 -16.873 -16.873 -16.873 -16.873 -16.873 -18.116 -18.116 -18.012 -18.012 -18.012 -18.012 -18.012 -18.012 -18.012 -18.012 -18.012 -18.116 -18.116 -18.116 -18.116 -18.116 -18.116 -18.116 -18.116 -18.116 -18.116 -18.116 -18.116 -17.805 -17.909 -17.805 -16.77 -17.909 -17.909 -17.909 -17.909 -17.909 -17.909 -17.909 -17.909 -17.909 -18.116 -18.116 -18.116 -18.116 -18.116 -18.116 -18.116 -18.116 -18.116 -15.217 -15.113 -15.01 -15.113 -15.113 -15.217 -15.217 -15.113 -15.217 -15.217 -15.217 -15.217 -15.217 -15.321 -15.217 -15.321 -15.321 -15.321 -15.321 -15.321 -14.285 -14.285 -6.521 -6.521 -6.521 -6.521 -6.521 -6.521 -6.521 -6.521 -6.521 -6.521 -6.521 -6.521 -6.521 -6.521 -7.039 -7.039 -7.039 -7.039 -7.039 -7.039 -7.039 -7.039 -7.039 -7.142 -7.039 -7.039 -7.039 -7.142 -7.142 -7.039 -7.142 -7.039 -7.039 -7.039 -7.142 -7.142 -7.142 -7.142 -7.142 -7.039 -7.039 -7.039 -7.142 -7.142 -7.142 -7.142 -7.142 -7.142 -7.039 -7.142 -7.142 -7.142 -7.142 -7.142 -7.039 -7.039 -7.039 -7.039 -7.039 -7.039 -7.039 -7.039 -17.701 -16.666 -15.528 -15.528 -16.77 -18.012 -18.012 -18.012 -17.909 -17.909 -18.012 -18.012 -17.909 -18.012 -18.012 -18.012 -18.012 -18.116 -18.012 -18.012 -18.012 -18.012 -18.116 -18.012 -18.116 -18.116 -18.012 -18.116 -18.116 -18.116 -18.116 -18.116 -18.116 -18.116 -18.116 -18.116 -18.116 -18.116 -18.116 -18.116 -18.116 -18.116 -18.116 -18.116 -18.116 -18.116 -18.012 -18.012 -18.012 -18.012 -18.012 -18.012 -18.012 -18.012 -18.012 -18.012 -18.012 -18.012 
