# name: phAngle
# type: matrix
# rows: 1
# columns: 358
 0 0 350 348 348 347 347 347 347 347 347 347 347 347 347 347 347 347 347 347 347 347 344 344 347 344 344 344 344 344 344 344 344 344 344 344 344 344 344 344 344 344 344 344 344 344 344 344 344 344 344 344 344 344 344 344 344 344 344 344 344 344 344 344 344 344 344 344 344 344 344 344 344 344 344 344 344 344 344 344 344 344 344 344 344 344 344 344 344 344 344 344 344 344 344 344 344 344 344 344 344 344 344 344 343 344 344 344 344 344 343 344 344 344 344 344 344 343 343 343 343 343 343 344 343 343 343 343 343 343 343 343 343 0 0 0 0 0 0 0 0 0 0 0 0 349 0 0 0 0 0 0 0 0 0 0 0 0 0 0 0 0 0 0 0 0 0 0 0 0 0 0 0 0 0 0 0 0 0 0 0 0 0 0 0 0 0 0 0 0 0 0 0 0 358 0 0 0 0 0 0 0 0 0 0 0 0 0 0 0 0 0 0 0 0 0 0 0 0 0 0 0 0 0 0 0 0 0 0 0 0 0 0 0 0 0 0 0 0 0 0 0 0 0 0 0 0 0 0 0 0 0 0 0 0 0 0 0 0 0 0 0 0 0 0 0 0 0 0 0 0 0 0 0 0 0 0 0 0 0 0 0 0 0 0 0 0 0 0 0 0 0 0 0 0 0 0 0 0 0 0 0 0 0 0 0 0 0 0 0 0 0 0 0 0 0 0 0 0 0 0 0 0 0 0 0 0 0 0 0 0 0 0 0 0 0 0 0 0 0 0 0 0 0 0 0 0 344 344 344 344 344 344 344 344 344 344 344 
# name: freq
# type: matrix
# rows: 1
# columns: 358
 50.0 50.0 50.0 50.0 50.0 50.0 50.0 50.0 50.0 50.0 50.0 50.0 50.0 50.0 50.0 50.0 50.0 50.0 50.0 50.0 50.0 50.0 50.0 50.0 50.0 50.0 50.0 50.0 50.0 50.0 50.0 50.0 50.0 50.0 50.0 50.0 50.0 50.0 50.0 50.0 50.0 50.0 50.0 50.0 50.0 50.0 50.0 50.0 50.0 50.0 50.0 50.0 50.0 50.0 50.0 50.0 50.0 50.0 50.0 50.0 50.0 50.0 50.0 50.0 50.0 50.0 50.0 50.0 50.0 50.0 50.0 50.0 50.0 50.0 50.0 50.0 50.0 50.0 50.0 50.0 50.0 50.0 50.0 50.0 50.0 50.0 50.0 50.0 50.0 50.0 50.0 50.0 50.0 50.0 50.0 50.0 50.0 50.0 50.0 50.0 50.0 50.0 50.0 50.0 50.0 50.0 50.0 50.0 50.0 50.0 50.0 50.0 50.0 50.0 50.0 50.0 50.0 50.0 50.0 50.0 50.0 50.0 50.0 50.0 50.0 50.0 50.0 50.0 50.0 50.0 50.0 50.0 50.0 50.0 50.0 50.0 50.0 50.0 50.0 50.0 50.0 50.0 50.0 50.0 50.0 50.0 50.0 50.0 50.0 50.0 50.0 50.0 50.0 50.0 50.0 50.0 50.0 50.0 50.0 50.0 50.0 50.0 50.0 50.0 50.0 50.0 50.0 50.0 50.0 50.0 50.0 50.0 50.0 50.0 50.0 50.0 50.0 50.0 50.0 50.0 50.0 50.0 50.0 50.0 50.0 50.0 50.0 50.0 50.0 50.0 50.0 50.0 50.0 50.0 50.0 50.0 50.0 50.0 50.0 50.0 50.0 50.0 50.0 50.0 50.0 50.0 50.0 50.0 50.0 50.0 50.0 50.0 50.0 50.0 50.0 50.0 50.0 50.0 50.0 50.0 50.0 50.0 50.0 50.0 50.0 50.0 50.0 50.0 50.0 50.0 50.0 50.0 50.0 50.0 50.0 50.0 50.0 50.0 50.0 50.0 50.0 50.0 50.0 50.0 50.0 50.0 50.0 50.0 50.0 50.0 50.0 50.0 50.0 50.0 50.0 50.0 50.0 50.0 50.0 50.0 50.0 50.0 50.0 50.0 50.0 50.0 50.0 50.0 50.0 50.0 50.0 50.0 50.0 50.0 50.0 50.0 50.0 50.0 50.0 50.0 50.0 50.0 50.0 50.0 50.0 50.0 50.0 50.0 50.0 50.0 50.0 50.0 50.0 50.0 50.0 50.0 50.0 50.0 50.0 50.0 50.0 50.0 50.0 50.0 50.0 50.0 50.0 50.0 50.0 50.0 50.0 50.0 50.0 50.0 50.0 50.0 50.0 50.0 50.0 50.0 50.0 50.0 50.0 50.0 50.0 50.0 50.0 50.0 50.0 50.0 50.0 50.0 50.0 50.0 50.0 50.0 50.0 50.0 50.0 50.0 50.0 50.1 50.0 50.0 50.0 50.0 50.0 50.0 50.0 50.0 50.0 50.0 50.0 50.0 50.0 50.0 50.0 50.0 
# name: reacPower
# type: matrix
# rows: 1
# columns: 358
 0.0 0.0 -7.556 -8.281 -8.488 -8.695 -8.902 -9.006 -9.213 -9.316 -9.42 -9.627 -9.73 -9.834 -9.834 -9.937 -9.937 -10.041 -10.041 -10.041 -10.144 -10.248 -10.248 -10.248 -10.248 -10.352 -10.352 -10.352 -10.455 -10.455 -10.455 -10.455 -10.559 -10.559 -10.559 -10.559 -10.559 -10.559 -10.559 -10.559 -10.559 -10.559 -10.662 -10.662 -10.662 -10.662 -10.662 -10.662 -10.766 -10.766 -10.766 -10.766 -10.766 -10.766 -10.766 -10.766 -10.869 -10.766 -10.869 -10.869 -10.973 -10.869 -10.973 -10.869 -10.973 -10.973 -10.973 -10.973 -10.973 -10.973 -11.076 -11.076 -11.076 -11.076 -11.076 -10.973 -10.973 -10.973 -11.076 -11.076 -11.076 -11.076 -11.18 -11.18 -11.18 -11.18 -11.076 -11.18 -11.283 -11.18 -11.283 -11.283 -11.283 -11.283 -11.283 -11.283 -11.283 -11.283 -11.283 -11.283 -11.283 -11.283 -11.283 -11.283 -11.283 -11.283 -11.283 -11.387 -11.387 -11.387 -11.283 -11.387 -11.49 -11.49 -11.387 -11.387 -11.387 -11.387 -11.387 -11.387 -11.387 -11.387 -11.387 -11.387 -11.387 -11.387 -11.387 -11.387 -11.387 -11.387 -11.387 -11.387 -11.387 0.0 0.0 0.0 0.0 0.0 0.0 0.0 0.0 0.0 0.0 0.0 0.0 -8.902 -0.517 -0.621 -0.724 -0.828 -0.931 -1.138 -1.242 -1.242 -1.345 -1.449 -1.449 -1.552 -1.449 -1.552 -1.345 -1.449 -1.449 -1.552 -1.656 -1.656 -1.656 -1.656 -1.759 -1.759 -1.759 -1.759 -1.656 -1.656 -1.759 -1.759 -1.759 -1.759 -1.656 -1.656 -1.656 -1.759 -1.759 -1.759 -1.863 -1.656 -1.759 -1.656 -1.759 -1.759 -1.759 -1.759 -1.759 -1.863 -2.07 -1.966 -1.863 -1.863 -1.863 -1.759 -1.759 -1.759 -1.656 -1.656 -1.759 -1.656 -1.656 -1.656 -1.863 -1.759 -1.759 -1.759 -1.759 -1.759 -1.759 -1.759 -1.759 -1.759 -1.863 -1.863 -1.863 -1.863 -1.759 -1.759 -1.759 -1.759 -1.759 -1.759 -1.759 -1.656 -1.656 -1.759 -1.966 -1.863 -1.863 -1.863 -1.863 -1.863 -1.863 -1.759 -1.759 -1.863 -1.759 -1.759 -1.759 -1.863 -1.863 -1.759 -1.759 -1.863 -1.863 -1.863 -1.863 -1.863 -1.759 -1.759 -1.863 -1.863 -1.759 -1.759 -1.759 -1.863 -1.863 -1.759 -1.759 -1.863 -1.863 -1.759 -1.656 -1.863 -1.759 -1.863 -0.517 0.0 0.0 0.0 0.0 0.0 0.0 0.0 0.0 0.0 0.0 0.0 0.0 0.0 0.0 0.0 0.0 0.0 0.0 0.0 0.0 0.0 0.0 0.0 0.0 0.0 0.0 0.0 0.0 0.0 0.0 0.0 0.0 0.0 0.0 0.0 0.0 0.0 0.0 0.0 0.0 0.0 0.0 0.0 0.0 0.0 0.0 0.0 0.0 0.0 0.0 0.0 0.0 0.0 0.0 0.0 0.207 0.828 0.517 0.31 0.0 -0.103 -0.207 -0.414 -0.517 -0.621 -0.724 -0.828 -0.828 -0.828 -0.828 -0.828 -1.035 -1.035 -1.138 -10.662 -10.766 -10.766 -10.766 -10.766 -10.766 -10.766 -10.766 -10.869 -10.766 -10.766 
# name: power
# type: matrix
# rows: 1
# columns: 358
 0.0 0.0 39.13 40.062 39.337 39.13 38.82 38.716 38.82 38.613 38.406 38.509 38.406 38.302 38.199 37.991 37.991 37.991 37.784 37.577 37.681 37.681 37.577 37.37 37.163 37.267 37.06 37.163 37.06 37.06 36.956 36.956 36.956 36.956 36.853 36.749 36.646 36.542 36.542 36.335 36.335 36.232 36.232 36.232 36.025 35.921 36.025 36.025 36.232 36.025 36.025 36.025 35.818 35.714 35.818 35.714 35.714 35.611 35.921 35.714 35.818 35.611 35.714 35.507 35.714 35.611 35.507 35.507 35.507 35.611 35.714 35.714 35.611 35.507 35.507 35.3 35.093 35.093 35.403 35.403 35.403 35.403 35.403 35.403 35.403 35.3 35.196 35.3 35.507 35.3 35.403 35.403 35.3 35.403 35.3 35.3 35.3 35.196 35.196 35.196 35.196 35.196 35.196 35.093 34.989 35.093 35.093 35.196 35.196 35.196 34.989 35.3 35.3 35.403 35.093 35.093 35.093 34.989 34.886 34.989 34.989 34.989 34.989 35.093 34.886 34.886 34.886 34.782 34.782 34.782 34.782 34.679 34.679 0.0 0.0 0.0 0.0 0.0 0.0 0.0 0.0 0.0 0.0 0.0 0.0 43.064 48.965 48.758 48.551 48.344 48.344 48.24 48.136 48.033 48.136 48.24 48.136 48.24 47.929 48.136 48.033 48.136 48.033 48.136 48.033 48.24 48.344 48.344 48.551 48.551 48.447 48.344 48.24 47.929 48.136 48.24 48.136 48.24 48.136 48.136 47.929 48.033 48.344 48.447 48.344 48.136 48.344 48.24 48.344 48.447 48.447 48.447 48.447 48.447 48.861 48.447 48.136 48.136 48.033 48.033 48.24 48.033 47.826 47.722 48.24 48.033 47.929 48.136 48.447 48.136 48.24 48.136 48.033 48.136 48.033 47.929 48.136 47.929 48.136 48.24 48.136 48.136 48.033 47.929 47.929 47.722 47.722 47.826 47.826 47.619 47.515 47.722 48.344 48.344 48.136 48.24 48.24 48.136 48.033 47.826 48.033 48.344 48.033 48.24 48.24 48.344 48.344 48.033 48.24 48.136 48.24 48.344 48.24 48.24 47.929 48.136 48.447 48.344 48.033 47.929 48.033 48.033 48.24 47.929 47.929 48.136 48.24 48.136 47.929 48.24 47.929 48.136 15.942 0.0 0.0 0.0 0.0 0.0 0.0 0.0 0.0 0.0 0.0 0.0 0.0 0.0 0.0 0.0 0.0 0.0 0.0 0.0 0.0 0.0 0.0 0.0 0.0 0.0 0.0 0.0 0.0 0.0 0.0 0.0 0.0 0.0 0.0 0.0 0.0 0.0 0.0 0.0 0.0 0.0 0.0 0.0 0.0 0.0 0.0 0.0 0.0 0.0 0.0 0.0 0.0 0.0 0.0 0.0 53.934 49.793 49.586 49.275 49.275 49.275 49.172 48.758 49.172 49.172 49.172 49.172 48.965 48.758 48.654 48.447 48.758 48.551 48.654 35.714 36.025 36.025 36.025 36.025 35.921 35.921 35.921 35.921 35.818 35.818 
