# name: phAngle
# type: matrix
# rows: 1
# columns: 358
 0 0 0 0 0 0 0 0 0 0 0 0 0 0 0 0 0 0 0 0 0 0 0 0 0 0 0 0 0 0 0 0 0 0 0 0 0 0 0 0 0 0 0 0 0 0 0 0 0 0 0 0 0 0 0 0 0 347 347 347 347 347 347 347 347 347 347 347 347 347 347 347 347 347 347 347 347 347 347 347 347 347 347 347 347 347 347 347 347 347 347 347 347 347 347 347 347 347 347 347 347 347 347 347 347 347 347 347 347 347 347 347 347 347 347 347 347 347 347 347 347 347 347 347 347 347 347 347 347 347 347 347 347 347 347 347 347 347 347 347 347 347 347 347 347 347 347 341 341 341 341 341 341 341 341 341 341 341 341 341 341 341 341 341 341 341 341 341 341 341 341 341 341 341 338 338 338 341 341 341 0 0 0 0 0 0 0 0 0 0 0 0 0 0 0 0 0 0 0 0 0 0 0 0 0 0 0 0 0 0 0 0 0 0 0 0 0 0 0 0 0 0 0 0 0 0 0 0 0 0 0 0 0 0 0 0 0 0 0 0 0 0 0 0 0 0 0 0 0 0 0 0 0 0 0 0 0 0 0 0 0 0 0 0 0 0 0 0 0 0 0 0 0 0 0 0 0 0 0 0 0 0 0 0 0 0 0 0 0 0 0 0 344 343 343 343 343 343 343 343 343 343 343 343 341 343 343 343 341 343 341 343 343 343 343 341 341 341 341 341 341 341 341 341 341 341 341 341 344 347 347 347 347 344 347 347 347 344 347 344 344 344 347 344 344 344 344 344 344 344 347 347 347 347 347 347 347 0 
# name: freq
# type: matrix
# rows: 1
# columns: 358
 50.0 50.0 50.0 50.0 50.0 50.0 50.0 50.0 50.0 50.0 50.0 50.0 50.0 50.0 50.0 50.0 50.0 50.0 50.0 50.0 50.0 50.0 50.0 50.0 50.0 50.0 50.0 50.0 50.0 50.0 50.0 50.0 50.0 50.0 50.0 50.0 50.0 50.0 50.0 50.0 50.0 50.0 50.0 50.0 50.0 50.0 50.0 50.0 50.0 50.0 50.0 50.0 50.0 50.0 50.0 50.0 50.0 50.0 50.0 50.0 50.0 50.0 50.0 50.0 50.0 50.0 50.0 50.0 50.0 50.0 50.0 50.0 50.0 50.0 50.0 50.0 50.0 50.0 50.0 50.0 50.0 50.0 50.0 50.0 50.0 50.0 50.0 50.0 50.0 50.0 50.0 50.0 50.0 50.0 50.0 50.0 50.0 50.0 50.0 50.0 50.0 50.0 50.0 50.0 50.0 50.0 50.0 50.0 50.0 50.0 50.0 50.0 50.0 50.0 50.0 50.0 50.0 50.0 50.0 50.0 50.0 50.0 50.0 50.0 50.0 50.0 50.0 50.0 50.0 50.0 50.0 50.0 50.0 50.0 50.0 50.0 50.0 50.0 50.0 50.0 50.0 50.0 50.0 50.0 50.0 50.0 50.0 50.0 50.0 50.0 50.0 50.0 50.0 50.0 50.0 50.0 50.0 50.0 50.0 50.0 50.0 50.0 50.0 50.0 50.0 50.0 50.1 50.0 50.0 50.0 50.0 50.0 50.0 50.0 50.0 50.0 50.0 50.0 50.0 50.0 50.0 50.1 50.0 50.0 50.0 50.0 50.0 50.0 50.0 50.0 50.0 50.0 50.0 50.0 50.0 50.0 50.0 50.1 50.0 50.0 50.0 50.0 50.1 50.0 50.1 50.1 50.1 50.0 50.0 50.0 50.1 50.1 50.1 50.1 50.0 50.0 50.0 50.0 50.0 50.0 50.0 50.0 50.0 50.0 50.0 50.0 50.0 50.0 50.0 50.0 50.0 50.0 50.0 50.0 50.0 50.0 50.0 50.0 50.0 50.0 50.0 50.0 50.0 50.0 50.0 50.0 50.0 50.0 50.1 50.1 50.1 50.1 50.1 50.0 50.0 50.0 50.0 50.1 50.1 50.0 50.0 50.0 50.0 50.0 50.0 50.0 50.0 50.0 50.0 50.0 50.0 50.0 50.0 50.0 50.0 50.0 50.0 50.0 50.0 50.0 50.0 50.0 50.0 50.0 50.0 50.0 50.0 50.0 50.0 50.0 50.0 50.0 50.0 50.0 50.1 50.0 50.1 50.0 50.0 50.1 50.0 50.0 50.0 50.0 50.0 50.0 50.0 50.0 50.0 50.0 50.0 50.0 50.0 50.0 50.0 50.0 50.0 50.0 50.0 50.0 50.0 50.0 50.0 50.0 50.0 50.0 50.0 50.0 50.0 50.0 50.0 50.0 50.0 50.0 50.0 50.0 50.0 50.0 50.0 50.0 50.0 50.0 50.0 50.0 50.0 50.0 50.0 50.0 50.0 50.1 50.0 50.0 50.0 50.0 50.0 50.0 50.0 50.0 
# name: reacPower
# type: matrix
# rows: 1
# columns: 358
 0.0 0.0 0.0 0.0 0.0 0.0 0.0 0.0 0.0 0.0 0.0 0.0 0.0 0.0 0.0 0.0 0.0 0.0 0.0 0.0 0.0 0.0 0.0 0.0 0.0 0.0 0.0 0.0 0.0 0.0 0.0 0.0 0.0 0.0 0.0 0.0 0.0 0.0 0.0 0.0 0.0 0.0 0.0 0.0 0.0 0.0 0.0 0.0 0.0 0.0 0.0 0.0 0.0 0.0 0.0 0.0 0.0 -8.534 -8.638 -8.846 -8.95 -8.95 -8.95 -9.054 -9.159 -9.263 -9.263 -9.263 -9.367 -9.367 -9.367 -9.471 -9.367 -9.471 -9.471 -9.367 -9.367 -9.367 -9.471 -9.471 -9.471 -9.575 -9.575 -9.575 -9.575 -9.575 -9.575 -9.575 -9.679 -9.471 -9.575 -9.471 -9.471 -9.575 -9.679 -9.575 -9.575 -9.575 -9.575 -9.575 -9.679 -9.679 -9.679 -9.679 -9.575 -9.679 -9.679 -9.679 -9.783 -9.783 -9.783 -9.783 -9.783 -9.783 -9.783 -9.783 -9.783 -9.783 -9.679 -9.679 -9.679 -9.679 -9.783 -9.887 -9.783 -9.783 -9.783 -9.783 -9.679 -9.679 -9.783 -9.783 -9.679 -9.679 -9.679 -9.679 -9.679 -9.783 -9.783 -9.783 -9.783 -9.783 -9.679 -9.783 -9.783 -9.783 -9.783 -11.656 -11.552 -11.552 -11.552 -11.865 -11.761 -11.761 -11.761 -11.761 -11.761 -11.761 -11.761 -11.761 -11.761 -11.761 -11.552 -11.656 -11.552 -11.656 -11.761 -11.761 -11.656 -11.761 -11.761 -11.865 -11.865 -11.865 -11.865 -11.969 -11.865 -11.761 -11.761 -11.761 0.0 0.0 0.0 0.0 0.0 0.0 0.0 0.0 0.0 0.0 0.0 0.0 0.0 0.0 0.0 0.0 0.0 0.0 0.0 0.0 0.0 0.0 0.0 0.0 0.0 0.0 0.0 0.0 0.0 0.0 0.0 0.0 0.0 0.0 0.0 0.0 0.0 0.0 0.0 0.0 0.0 0.0 0.0 0.0 0.0 0.0 0.0 0.0 0.0 0.0 0.0 0.0 0.0 0.0 0.0 0.0 0.0 0.0 0.0 0.0 0.0 0.0 0.0 0.0 0.0 0.0 0.0 0.0 0.0 0.0 0.0 0.0 0.0 0.0 0.0 0.0 0.0 0.0 0.0 0.0 0.0 0.0 0.0 0.0 0.0 0.0 0.0 0.0 0.0 0.0 0.0 0.0 0.0 0.0 0.0 0.0 0.0 0.0 0.0 0.0 0.0 0.0 0.0 0.0 0.0 0.0 0.0 0.0 0.0 0.0 0.0 0.0 -10.72 -10.928 -11.136 -11.136 -11.24 -11.136 -11.344 -11.24 -11.344 -11.344 -11.448 -11.448 -11.344 -11.344 -11.448 -11.552 -11.448 -11.552 -11.552 -11.552 -11.552 -11.552 -11.656 -11.552 -11.552 -11.552 -11.552 -11.552 -11.552 -11.552 -11.552 -11.656 -11.656 -11.656 -11.656 -11.656 -9.887 -9.783 -9.783 -9.783 -9.783 -9.887 -9.887 -9.887 -9.887 -9.887 -9.887 -9.887 -9.887 -9.887 -9.783 -9.887 -9.887 -9.887 -9.887 -9.887 -9.887 -9.887 -9.783 -9.783 -9.783 -9.783 -9.783 -9.887 -9.783 0.0 
# name: power
# type: matrix
# rows: 1
# columns: 358
 0.0 0.0 0.0 0.0 0.0 0.0 0.0 0.0 0.0 0.0 0.0 0.0 0.0 0.0 0.0 0.0 0.0 0.0 0.0 0.0 0.0 0.0 0.0 0.0 0.0 0.0 0.0 0.0 0.0 0.0 0.0 0.0 0.0 0.0 0.0 0.0 0.0 0.0 0.0 0.0 0.0 0.0 0.0 0.0 0.0 0.0 0.0 0.0 0.0 0.0 0.0 0.0 0.0 0.0 0.0 0.0 0.0 36.948 36.636 36.948 36.74 36.427 36.115 36.219 36.427 36.427 36.115 36.323 36.115 36.219 36.011 36.115 36.011 36.011 36.011 35.595 35.387 35.283 35.595 35.491 35.491 35.491 35.491 35.491 35.387 35.178 35.178 35.074 35.387 34.762 34.97 34.658 34.658 34.97 35.178 34.866 34.762 34.658 34.658 34.658 34.866 34.866 34.866 34.658 34.45 34.554 34.45 34.658 34.762 34.762 34.866 34.762 34.658 34.658 34.762 34.762 34.658 34.45 34.346 34.138 34.138 33.93 34.658 34.658 34.554 34.242 34.346 34.242 34.138 34.034 34.242 34.138 34.034 33.93 33.825 33.721 33.93 34.138 34.034 33.93 34.138 33.93 33.825 34.138 34.242 34.034 33.93 30.807 30.807 30.807 30.807 31.432 31.223 31.223 31.015 31.119 31.015 31.119 31.223 31.015 31.223 31.119 30.599 30.703 30.599 30.807 30.911 31.119 30.911 30.911 31.015 31.119 31.015 31.119 31.223 31.328 31.223 30.911 30.911 31.015 0.0 0.0 0.0 0.0 0.0 0.0 0.0 0.0 0.0 0.0 0.0 0.0 0.0 0.0 0.0 0.0 0.0 0.0 0.0 0.0 0.0 0.0 0.0 0.0 0.0 0.0 0.0 0.0 0.0 0.0 0.0 0.0 0.0 0.0 0.0 0.0 0.0 0.0 0.0 0.0 0.0 0.0 0.0 0.0 0.0 0.0 0.0 0.0 0.0 0.0 0.0 0.0 0.0 0.0 0.0 0.0 0.0 0.0 0.0 0.0 0.0 0.0 0.0 0.0 0.0 0.0 0.0 0.0 0.0 0.0 0.0 0.0 0.0 0.0 0.0 0.0 0.0 0.0 0.0 0.0 0.0 0.0 0.0 0.0 0.0 0.0 0.0 0.0 0.0 0.0 0.0 0.0 0.0 0.0 0.0 0.0 0.0 0.0 0.0 0.0 0.0 0.0 0.0 0.0 0.0 0.0 0.0 0.0 0.0 0.0 0.0 0.0 34.346 32.264 32.368 32.264 32.264 31.744 32.056 31.848 31.848 31.848 31.848 31.848 31.64 31.64 31.744 31.848 31.64 31.744 31.64 31.744 31.744 31.744 31.744 31.536 31.536 31.432 31.328 31.328 31.432 31.432 31.328 31.328 31.432 31.223 31.328 31.223 35.074 34.242 34.242 34.242 34.242 34.554 34.45 34.346 34.346 34.45 34.346 34.45 34.346 34.346 34.138 34.346 34.242 34.242 34.346 34.242 34.242 34.346 33.93 34.034 33.825 33.93 33.93 34.034 34.034 0.0 
