# name: phAngle
# type: matrix
# rows: 1
# columns: 359
 0 0 0 0 0 0 333 336 333 336 336 336 336 336 336 336 336 336 336 336 336 336 336 333 336 336 336 0 0 0 0 0 0 0 0 0 0 0 0 0 0 0 0 0 0 0 0 0 0 0 0 0 0 0 0 0 0 0 0 0 0 0 0 0 0 0 0 0 0 0 0 0 0 0 0 0 0 356 356 0 0 0 0 0 0 356 0 0 0 0 0 0 356 0 0 0 356 356 356 0 0 0 0 0 0 0 356 356 356 0 356 356 356 356 356 0 356 0 356 356 356 356 356 356 356 0 356 356 356 356 356 356 356 356 356 356 356 356 356 356 0 356 356 356 0 0 356 356 0 356 356 356 356 356 0 356 356 0 356 356 356 0 337 337 337 337 337 337 337 337 337 337 337 337 337 337 337 337 337 337 337 337 337 337 337 337 337 337 337 337 337 337 337 337 337 337 337 337 337 337 337 337 337 337 337 337 337 337 337 337 337 337 337 337 337 337 337 337 337 337 337 337 337 337 337 337 337 337 337 337 337 337 337 337 337 337 337 337 0 0 0 0 0 0 0 0 0 0 0 0 0 0 0 0 0 0 0 0 0 0 0 0 0 0 0 0 0 0 0 0 0 0 0 0 0 0 0 0 0 0 0 0 0 0 0 0 0 0 0 0 0 0 0 0 0 0 0 0 0 0 337 337 337 337 337 337 337 337 337 337 337 337 337 337 337 337 337 337 337 337 337 337 337 337 337 337 337 337 337 337 337 337 337 337 337 0 0 0 0 0 0 0 0 0 0 0 0 0 0 0 0 0 0 0 0 0 0 0 0 
# name: freq
# type: matrix
# rows: 1
# columns: 359
 50.0 50.0 50.0 50.0 50.0 50.0 50.0 50.0 50.0 50.0 50.0 50.0 50.0 50.0 50.0 50.0 50.0 50.0 50.0 50.0 50.0 50.0 50.0 50.0 50.0 50.0 50.0 50.0 50.0 50.0 50.0 50.0 50.0 50.0 50.0 50.0 50.0 50.0 50.0 50.0 50.0 50.0 50.0 50.0 50.0 50.0 50.0 50.0 50.0 50.0 50.0 50.0 50.0 50.0 50.0 50.0 50.0 50.0 50.0 50.0 50.0 50.0 50.0 50.0 50.0 50.0 50.0 50.0 50.0 50.0 50.0 50.0 50.0 50.0 50.0 50.0 50.0 50.0 50.0 50.0 50.0 50.0 50.0 50.0 50.0 50.0 50.0 50.0 50.0 50.0 50.0 50.0 50.0 50.0 50.0 50.0 50.0 50.0 50.0 50.0 50.0 50.0 50.0 50.0 50.0 50.0 50.0 50.0 50.0 50.0 50.0 50.0 50.0 50.0 50.0 50.0 50.0 50.0 50.0 50.0 50.0 50.0 50.0 50.0 50.0 50.0 50.0 50.0 50.0 50.0 50.0 50.0 50.0 50.0 50.0 50.0 50.0 50.0 50.0 50.0 50.0 50.0 50.0 50.0 50.0 50.0 50.0 50.0 50.0 50.0 50.0 50.0 50.0 50.0 50.0 50.0 50.0 50.0 50.0 50.0 50.0 50.0 50.0 50.0 50.0 50.0 50.0 50.0 50.0 50.0 50.0 50.0 50.0 50.0 50.0 50.0 50.0 50.0 50.0 50.0 50.0 50.0 50.0 49.9 49.9 50.0 50.0 50.0 50.0 50.0 50.0 50.0 50.0 50.0 50.0 50.0 50.0 50.0 50.0 50.0 50.0 50.0 50.0 50.0 50.0 50.0 50.0 50.0 50.0 50.0 50.0 50.0 50.0 50.0 50.0 50.0 50.0 50.0 50.0 50.0 50.0 50.0 50.0 50.0 50.0 50.0 50.0 50.0 50.0 50.0 50.0 50.0 50.0 50.0 50.0 50.0 50.0 50.0 50.0 50.0 50.0 50.0 50.0 50.0 50.0 50.0 50.0 50.0 50.0 50.0 50.0 50.0 50.0 50.0 50.0 50.0 50.0 50.0 50.0 50.0 50.0 50.0 50.0 50.0 50.0 50.0 50.0 50.0 50.0 50.0 50.0 50.0 50.0 50.0 50.0 50.0 50.0 50.0 50.0 50.0 50.0 50.0 50.0 50.0 50.0 50.0 50.0 50.0 50.0 50.0 50.0 50.0 50.0 50.0 50.0 50.0 50.0 50.0 50.0 50.0 50.0 50.0 50.0 50.0 50.0 50.0 50.0 50.0 50.0 50.0 50.0 50.0 50.0 50.0 50.0 50.0 50.0 50.0 50.0 50.0 50.0 50.0 50.0 50.0 50.0 50.0 50.0 50.0 50.0 50.0 50.0 50.0 50.0 50.0 50.0 50.0 50.0 50.0 50.0 50.0 50.0 50.0 50.0 50.0 50.0 50.0 50.0 50.0 50.0 50.0 50.0 50.0 50.0 50.0 50.0 50.0 50.0 50.0 50.0 
# name: reacPower
# type: matrix
# rows: 1
# columns: 359
 0.0 0.0 0.0 0.0 0.0 0.0 -11.49 -11.801 -11.594 -11.904 -11.904 -11.904 -12.008 -11.904 -11.904 -12.111 -11.904 -12.008 -12.111 -12.008 -11.904 -12.111 -12.111 -11.801 -12.215 -12.111 -12.008 0.0 0.0 0.0 0.0 0.0 0.0 0.0 0.0 0.0 0.0 0.0 0.0 0.0 0.0 0.0 0.0 0.0 0.0 0.0 0.0 0.0 0.0 0.0 0.0 0.0 0.0 0.0 0.0 0.0 0.0 0.0 0.0 0.0 0.0 0.0 0.0 0.0 0.0 0.0 0.0 0.0 0.0 0.0 0.0 -0.931 -1.242 -1.242 -1.242 -1.138 -1.449 -2.173 -2.173 -1.966 -1.656 -1.759 -1.966 -1.656 -1.863 -2.07 -1.759 -1.759 -1.656 -1.656 -1.863 -1.863 -2.277 -1.863 -1.966 -1.966 -2.07 -2.07 -2.173 -1.863 -1.966 -1.966 -1.863 -1.966 -1.863 -1.656 -2.277 -2.38 -2.38 -1.966 -2.38 -2.173 -2.07 -2.173 -2.173 -1.966 -2.277 -1.966 -2.38 -2.07 -2.277 -2.277 -2.38 -2.277 -2.38 -1.966 -2.277 -2.07 -2.07 -2.173 -2.484 -2.173 -2.173 -2.484 -2.173 -2.484 -2.07 -2.173 -1.966 -2.38 -1.966 -2.38 -2.277 -2.07 -1.759 -1.863 -2.07 -2.38 -1.966 -2.484 -2.484 -2.38 -2.484 -2.277 -1.966 -2.173 -2.277 -1.863 -2.07 -1.966 -2.173 -1.863 -11.18 -10.973 -11.49 -11.283 -11.49 -11.594 -10.973 -10.973 -11.49 -11.076 -11.18 -11.49 -10.973 -11.387 -11.387 -11.49 -10.869 -11.387 -11.387 -10.973 -10.869 -11.387 -11.387 -11.283 -11.387 -11.387 -10.766 -11.283 -11.387 -11.076 -11.18 -11.387 -11.076 -10.973 -11.387 -11.283 -11.283 -11.387 -11.387 -10.973 -11.387 -11.387 -10.973 -11.283 -11.387 -10.869 -10.869 -11.283 -11.076 -10.869 -11.387 -10.973 -11.387 -11.49 -11.387 -11.387 -11.49 -11.49 -10.869 -11.49 -11.49 -10.973 -11.387 -11.387 -10.973 -11.076 -11.387 -10.869 -10.973 -11.387 -10.973 -11.387 -11.387 -11.387 -11.387 -11.387 0.0 0.0 0.0 0.0 0.0 0.0 0.0 0.0 0.0 0.0 0.0 0.0 0.0 0.0 0.0 0.0 0.0 0.0 0.0 0.0 0.0 0.0 0.0 0.0 0.0 0.0 0.0 0.0 0.0 0.0 0.0 0.0 0.0 0.0 0.0 0.0 0.0 0.0 0.0 0.0 0.0 0.0 0.0 0.0 0.0 0.0 0.0 0.0 0.0 0.0 0.0 0.0 0.0 0.0 0.0 0.0 0.0 0.0 0.0 0.0 0.0 0.0 -10.662 -10.455 -10.869 -10.973 -10.973 -10.973 -11.076 -10.973 -10.766 -11.18 -11.18 -11.076 -11.18 -11.076 -10.766 -11.18 -11.283 -11.18 -11.18 -10.869 -10.973 -11.18 -11.283 -11.076 -10.973 -11.18 -11.076 -10.766 -11.283 -10.766 -11.18 -10.662 -10.766 -11.283 -11.283 0.0 0.0 0.0 0.0 0.0 0.0 0.0 0.0 0.0 0.0 0.0 0.0 0.0 0.0 0.0 0.0 0.0 0.0 0.0 0.0 0.0 0.0 0.0 0.0 
# name: power
# type: matrix
# rows: 1
# columns: 359
 0.0 0.0 0.0 0.0 0.0 0.0 22.36 23.395 22.567 23.602 23.395 23.499 24.327 22.981 23.085 24.327 22.774 23.499 24.223 22.981 22.774 24.223 24.12 22.36 24.223 23.188 23.085 0.0 0.0 0.0 0.0 0.0 0.0 0.0 0.0 0.0 0.0 0.0 0.0 0.0 0.0 0.0 0.0 0.0 0.0 0.0 0.0 0.0 0.0 0.0 0.0 0.0 0.0 0.0 0.0 0.0 0.0 0.0 0.0 0.0 0.0 0.0 0.0 0.0 0.0 0.0 0.0 0.0 0.0 0.0 0.0 32.194 32.401 32.401 32.505 32.401 32.712 33.54 33.54 33.333 33.023 33.126 33.333 33.126 33.333 33.333 33.023 33.023 32.815 33.023 33.23 33.23 33.747 33.333 33.437 33.54 33.54 33.54 33.644 33.333 33.333 33.126 33.126 33.333 33.126 33.023 33.54 33.644 33.644 33.023 33.54 33.126 33.023 33.126 33.23 33.023 33.437 33.126 33.437 33.126 33.333 33.437 33.54 33.437 33.437 33.023 33.333 33.126 33.126 33.126 33.437 33.126 33.126 33.437 33.126 33.437 33.023 33.126 32.919 33.333 33.023 33.437 33.23 33.023 32.815 32.919 33.126 33.437 32.919 33.54 33.54 33.437 33.54 33.333 32.919 33.126 33.23 32.712 32.919 32.919 33.023 32.712 25.362 24.948 26.19 25.466 26.19 26.397 24.948 25.051 26.19 25.155 25.362 26.294 25.051 25.983 25.983 26.19 24.844 26.19 26.19 25.051 24.844 26.294 26.294 25.88 26.19 26.087 24.741 25.983 26.19 25.362 25.466 26.19 25.258 25.155 26.087 25.983 25.88 25.983 26.087 25.051 26.19 26.19 25.155 25.776 26.087 24.844 24.844 25.88 25.258 24.948 26.087 25.258 26.19 26.397 26.087 26.19 26.397 26.397 25.051 26.397 26.294 25.155 26.087 26.087 25.155 25.362 26.19 25.051 25.155 26.087 25.258 26.087 26.19 26.19 26.19 26.19 0.0 0.0 0.0 0.0 0.0 0.0 0.0 0.0 0.0 0.0 0.0 0.0 0.0 0.0 0.0 0.0 0.0 0.0 0.0 0.0 0.0 0.0 0.0 0.0 0.0 0.0 0.0 0.0 0.0 0.0 0.0 0.0 0.0 0.0 0.0 0.0 0.0 0.0 0.0 0.0 0.0 0.0 0.0 0.0 0.0 0.0 0.0 0.0 0.0 0.0 0.0 0.0 0.0 0.0 0.0 0.0 0.0 0.0 0.0 0.0 0.0 0.0 26.087 25.362 26.604 26.604 26.501 26.501 26.501 26.294 25.569 26.811 26.604 26.294 26.604 26.087 25.362 26.501 26.708 26.397 26.397 25.466 25.88 26.294 26.604 25.983 25.569 26.501 25.983 25.258 26.501 25.155 26.397 25.051 25.051 26.501 26.501 0.0 0.0 0.0 0.0 0.0 0.0 0.0 0.0 0.0 0.0 0.0 0.0 0.0 0.0 0.0 0.0 0.0 0.0 0.0 0.0 0.0 0.0 0.0 0.0 
