# name: phAngle
# type: matrix
# rows: 1
# columns: 359
 356 356 356 356 356 356 356 356 356 356 356 356 356 356 356 356 356 356 356 356 356 356 356 356 356 356 356 356 356 356 356 356 356 356 356 356 356 356 356 356 356 356 356 356 356 356 356 356 356 356 352 356 352 352 352 352 352 352 352 352 352 352 352 352 352 352 352 352 352 352 352 352 352 352 352 352 352 352 352 352 352 352 352 352 352 352 352 352 352 352 352 352 352 352 352 352 352 352 352 352 352 352 352 352 352 352 352 352 352 352 352 352 352 352 352 352 352 352 352 352 352 352 352 352 352 352 352 352 352 352 352 352 352 352 352 352 352 352 352 352 352 352 352 352 352 352 352 352 352 352 352 352 352 352 352 352 352 352 352 352 352 352 352 352 352 352 352 352 352 352 352 352 352 352 352 352 352 352 352 352 352 352 352 352 352 352 352 352 352 352 352 352 350 0 0 0 0 0 0 0 0 0 0 0 0 0 0 0 0 0 0 0 0 0 0 0 0 0 0 0 0 0 0 0 0 0 0 0 0 0 0 0 0 0 0 0 0 0 0 0 0 0 0 0 0 0 0 0 0 0 0 0 0 0 0 0 0 0 0 0 0 0 0 0 0 0 0 0 0 0 0 0 0 0 0 0 0 0 0 0 0 0 0 0 0 0 0 0 0 0 0 0 0 6 3 3 3 3 3 3 3 3 3 3 3 3 3 3 3 3 3 3 3 3 3 3 3 3 3 3 3 3 3 3 3 3 3 3 3 3 3 3 3 3 3 3 3 3 3 3 3 3 0 0 0 0 0 0 0 0 0 0 0 0 0 0 0 0 0 
# name: freq
# type: matrix
# rows: 1
# columns: 359
 50.0 50.0 50.0 50.0 50.0 50.0 50.0 50.0 50.0 50.0 50.0 50.0 50.0 50.0 50.0 50.0 50.0 50.0 50.0 50.0 50.0 50.0 50.0 50.0 50.0 50.0 50.0 50.0 50.0 50.0 50.0 50.0 50.0 50.0 50.0 50.0 50.0 50.0 50.0 50.0 50.0 50.0 50.0 50.0 50.0 50.0 50.0 50.0 50.0 50.0 50.0 50.0 50.0 50.0 50.0 50.0 50.0 50.0 50.0 50.0 50.0 50.0 50.0 50.0 50.0 50.0 50.0 50.0 50.0 50.0 50.0 50.0 50.0 50.0 50.0 50.0 50.0 50.0 50.0 50.0 50.0 50.0 50.0 50.0 50.0 50.0 50.0 50.0 50.0 50.0 50.0 50.0 50.0 50.0 50.0 50.0 50.0 50.0 50.0 50.0 50.0 50.0 50.0 50.0 50.0 50.0 50.0 50.0 50.0 50.0 50.0 50.0 50.0 50.0 50.0 50.0 50.0 50.0 50.0 50.0 50.0 50.0 50.0 50.0 50.0 50.0 50.0 50.0 50.0 50.0 50.0 50.0 50.0 50.0 50.0 50.0 50.0 50.0 50.0 50.0 50.0 50.0 50.0 50.0 50.0 50.0 50.0 50.0 50.0 50.0 50.0 50.0 50.0 50.0 50.0 50.0 50.0 50.0 50.0 50.0 50.0 50.0 50.0 50.0 50.0 50.0 50.0 50.0 50.0 50.0 50.0 50.0 50.0 50.0 50.0 50.0 50.0 50.0 50.0 50.0 50.0 50.0 50.0 50.0 50.0 50.0 50.0 50.0 50.0 50.0 50.0 50.0 50.0 50.0 50.0 50.0 50.0 50.0 50.0 50.0 50.0 50.0 50.0 50.0 50.0 50.0 50.0 50.0 50.0 50.0 50.0 50.0 50.0 50.0 50.0 50.0 50.0 50.0 50.0 50.0 50.0 50.0 50.0 50.0 50.0 50.0 50.0 50.0 50.0 50.0 50.0 50.0 50.0 50.0 50.0 50.0 50.0 50.0 50.0 50.0 50.0 50.0 50.0 50.0 50.0 50.0 50.0 50.0 50.0 50.0 50.0 50.0 50.0 50.0 50.0 50.0 50.0 50.0 50.0 50.0 50.0 50.0 50.0 50.0 50.0 50.0 50.0 50.0 50.0 50.0 50.0 50.0 50.0 50.0 50.0 50.0 50.0 50.0 50.0 50.0 50.0 50.0 50.0 50.0 50.0 50.0 50.0 50.0 50.0 50.0 50.0 50.0 50.0 50.0 50.0 50.0 50.0 50.0 50.0 50.0 50.0 50.0 50.0 50.0 50.0 50.0 50.0 50.0 50.0 50.0 50.0 50.0 50.0 50.0 50.0 50.0 50.0 50.0 50.0 50.0 50.0 50.0 50.0 50.0 50.0 50.0 50.0 50.0 50.0 50.0 50.0 50.0 50.0 50.0 50.0 50.0 50.0 50.0 50.0 50.0 50.0 50.0 50.0 50.0 50.0 50.0 50.0 50.0 50.0 50.0 50.0 50.0 50.0 50.0 50.0 50.0 50.0 50.0 50.0 
# name: reacPower
# type: matrix
# rows: 1
# columns: 359
 -2.588 -2.691 -2.691 -2.795 -2.795 -2.898 -2.898 -3.002 -3.002 -3.105 -3.105 -3.105 -3.209 -3.209 -3.209 -3.312 -3.312 -3.312 -3.416 -3.416 -3.416 -3.416 -3.519 -3.519 -3.519 -3.519 -3.623 -3.623 -3.623 -3.623 -3.726 -3.726 -3.726 -3.726 -3.83 -3.83 -3.83 -3.83 -3.83 -3.83 -3.933 -3.933 -3.933 -3.933 -3.933 -4.037 -4.037 -4.037 -4.037 -4.037 -4.037 -4.037 -4.037 -4.14 -4.14 -4.14 -4.14 -4.14 -4.14 -4.14 -4.14 -4.244 -4.244 -4.244 -4.244 -4.244 -4.347 -4.244 -4.347 -4.347 -4.347 -4.347 -4.347 -4.347 -4.347 -4.347 -4.347 -4.451 -4.451 -4.451 -4.451 -4.451 -4.451 -4.451 -4.451 -4.451 -4.451 -4.451 -4.451 -4.451 -4.554 -4.451 -4.554 -4.554 -4.554 -4.554 -4.554 -4.554 -4.554 -4.554 -4.554 -4.554 -4.554 -4.554 -4.554 -4.554 -4.554 -4.554 -4.554 -4.554 -4.554 -4.554 -4.554 -4.554 -4.554 -4.554 -4.554 -4.554 -4.554 -4.658 -4.658 -4.658 -4.658 -4.658 -4.658 -4.658 -4.658 -4.658 -4.658 -4.658 -4.658 -4.658 -4.658 -4.658 -4.658 -4.658 -4.658 -4.761 -4.761 -4.761 -4.761 -4.761 -4.761 -4.761 -4.761 -4.761 -4.761 -4.761 -4.761 -4.761 -4.761 -4.761 -4.761 -4.761 -4.761 -4.761 -4.865 -4.865 -4.761 -4.865 -4.865 -4.761 -4.761 -4.761 -4.761 -4.865 -4.761 -4.761 -4.761 -4.865 -4.761 -4.761 -4.761 -4.761 -4.761 -4.761 -4.761 -4.865 -4.865 -4.865 -4.865 -4.865 -4.865 -4.865 -4.865 -4.865 -4.865 -4.865 -4.865 -4.865 -4.865 -4.865 -0.103 0.0 0.0 0.0 0.0 0.0 0.0 0.0 0.0 0.0 0.0 0.0 0.0 0.0 0.0 0.0 0.0 0.0 0.0 0.0 0.0 0.0 0.0 0.0 0.0 0.0 0.0 0.0 0.0 0.0 0.0 0.0 0.0 0.0 0.0 0.0 0.0 0.0 0.0 0.0 0.0 0.0 0.0 0.0 0.0 0.0 0.0 0.0 0.0 0.0 0.0 0.0 0.0 0.0 0.0 0.0 0.0 0.0 0.0 0.0 0.0 0.0 0.0 0.0 0.0 0.0 0.0 0.0 0.0 0.0 0.0 0.0 0.0 0.0 0.0 0.0 0.0 0.0 0.0 0.0 0.0 0.0 0.0 0.0 0.0 0.0 0.0 0.0 0.0 0.0 0.0 0.0 0.0 0.0 0.0 0.0 0.0 0.0 0.0 0.0 0.0 4.14 3.726 3.623 3.519 3.416 3.312 3.312 3.209 3.209 3.105 3.105 3.105 3.002 3.002 3.002 3.002 3.002 2.898 2.898 2.898 2.898 2.898 2.795 2.795 2.898 2.795 2.795 2.795 2.795 2.795 2.795 2.795 2.691 2.691 2.691 2.691 2.691 2.691 2.691 2.691 2.691 2.691 2.691 2.691 2.691 2.691 2.691 2.691 2.691 0.0 0.0 0.0 0.0 0.0 0.0 0.0 0.0 0.0 0.0 0.0 0.0 0.0 0.0 0.0 0.0 0.0 
# name: power
# type: matrix
# rows: 1
# columns: 359
 33.954 34.058 33.747 33.747 33.644 33.644 33.54 33.54 33.333 33.437 33.23 33.23 33.126 33.23 33.023 33.126 33.126 33.023 32.919 32.919 32.815 32.815 32.712 32.712 32.712 32.608 32.505 32.505 32.298 32.401 32.298 32.401 32.401 32.401 32.298 32.298 32.194 32.298 32.194 32.194 32.194 32.194 32.091 32.194 31.987 32.091 31.987 31.987 32.091 32.091 32.091 31.987 31.987 31.987 31.987 31.884 31.884 31.78 31.47 31.78 31.47 31.78 31.884 31.987 31.987 31.987 31.987 31.884 31.884 31.78 31.884 31.78 31.884 31.78 31.78 31.677 31.677 31.677 31.78 31.573 31.677 31.677 31.78 31.47 31.677 31.677 31.677 31.573 31.573 31.47 31.47 31.366 31.47 31.47 31.263 31.263 31.263 31.159 31.263 31.159 31.159 31.159 31.263 31.263 31.263 31.263 31.159 31.056 31.056 31.056 31.056 31.056 30.952 30.849 30.849 30.952 30.849 30.849 30.745 31.159 31.056 31.056 31.159 31.159 31.056 31.159 31.056 31.056 30.952 31.159 31.056 31.056 31.056 31.056 31.056 31.056 31.056 31.056 31.159 31.159 31.159 31.159 31.263 31.263 31.366 31.366 31.263 31.366 31.366 31.366 31.366 31.263 31.263 31.263 31.263 31.263 31.47 31.366 31.263 31.263 31.263 31.263 31.263 31.263 31.263 31.366 31.159 31.159 31.159 31.263 31.056 31.056 31.056 30.952 30.952 30.952 30.952 31.056 31.159 31.159 31.159 31.263 31.056 31.159 31.159 31.263 31.159 31.056 31.056 31.263 31.159 31.056 1.035 0.0 0.0 0.0 0.0 0.0 0.0 0.0 0.0 0.0 0.0 0.0 0.0 0.0 0.0 0.0 0.0 0.0 0.0 0.0 0.0 0.0 0.0 0.0 0.0 0.0 0.0 0.0 0.0 0.0 0.0 0.0 0.0 0.0 0.0 0.0 0.0 0.0 0.0 0.0 0.0 0.0 0.0 0.0 0.0 0.0 0.0 0.0 0.0 0.0 0.0 0.0 0.0 0.0 0.0 0.0 0.0 0.0 0.0 0.0 0.0 0.0 0.0 0.0 0.0 0.0 0.0 0.0 0.0 0.0 0.0 0.0 0.0 0.0 0.0 0.0 0.0 0.0 0.0 0.0 0.0 0.0 0.0 0.0 0.0 0.0 0.0 0.0 0.0 0.0 0.0 0.0 0.0 0.0 0.0 0.0 0.0 0.0 0.0 0.0 0.0 41.822 37.991 37.784 37.577 37.474 37.37 37.267 37.163 37.267 36.956 37.06 37.163 37.06 37.06 37.267 37.267 37.267 37.267 37.267 37.267 37.163 37.163 37.06 37.06 36.956 37.06 36.956 36.956 36.956 36.749 36.749 36.749 36.853 36.853 36.853 36.749 36.646 36.646 36.853 36.853 36.853 36.853 37.06 37.06 37.06 36.956 36.853 36.956 36.853 0.0 0.0 0.0 0.0 0.0 0.0 0.0 0.0 0.0 0.0 0.0 0.0 0.0 0.0 0.0 0.0 0.0 
