# name: phAngle
# type: matrix
# rows: 1
# columns: 359
 71 71 71 71 71 71 71 71 71 71 71 71 71 71 71 71 71 71 71 71 71 71 71 71 71 71 71 71 71 71 71 71 71 71 71 71 71 71 71 71 71 71 71 71 71 71 71 71 71 71 71 71 71 71 71 71 71 71 71 71 71 76 76 71 76 71 71 71 71 71 71 71 71 71 71 71 71 71 71 71 71 71 71 71 71 71 71 71 71 71 71 71 71 71 71 71 71 71 71 71 71 71 71 71 71 71 71 71 71 71 71 71 71 71 76 71 71 71 76 71 76 76 76 76 71 76 76 71 76 76 76 71 76 76 76 76 76 76 76 76 76 76 76 76 76 76 76 76 76 76 76 76 76 63 63 63 63 63 63 63 63 63 63 63 63 63 63 63 63 63 63 63 63 63 63 63 63 63 63 63 63 63 63 63 63 63 63 63 63 63 63 63 63 63 63 63 63 63 63 63 63 63 63 63 63 63 63 63 63 63 63 63 63 63 63 63 63 63 63 63 63 63 63 63 63 63 63 63 63 63 63 63 63 63 63 63 63 63 63 63 63 63 63 63 63 63 63 63 63 63 63 63 63 63 63 76 63 63 63 63 63 63 63 63 63 63 63 63 63 63 63 63 63 63 63 63 63 63 63 63 63 63 63 63 63 63 63 63 63 63 63 63 63 63 63 63 63 63 63 63 63 63 63 63 63 63 63 63 63 63 63 63 63 63 63 63 63 76 76 76 76 76 76 76 76 76 76 76 76 76 76 76 76 76 76 76 76 76 76 76 76 76 76 76 76 76 76 76 76 76 76 76 76 76 76 76 76 76 76 
# name: freq
# type: matrix
# rows: 1
# columns: 359
 50.0 50.0 50.0 50.0 50.0 50.0 50.0 50.0 50.0 50.0 50.0 50.0 50.0 50.0 50.0 50.0 50.0 50.0 50.0 50.0 50.0 50.0 50.0 50.0 50.0 50.0 50.0 50.0 50.0 50.0 50.0 50.0 50.0 50.0 50.0 50.0 50.0 50.0 50.0 50.0 50.0 50.0 50.0 50.0 50.0 50.0 50.0 50.0 50.0 50.0 50.0 50.0 50.0 50.0 50.0 50.0 50.0 50.0 50.0 50.0 50.0 50.0 50.1 50.0 50.0 50.0 50.0 50.0 50.0 50.0 50.0 50.0 50.0 50.0 50.0 50.0 50.0 50.0 50.0 50.0 50.0 50.0 50.0 50.0 50.0 50.0 50.0 50.0 50.0 50.0 50.0 50.0 50.0 50.0 50.0 50.0 50.0 50.0 50.0 50.0 50.0 50.0 50.0 50.0 50.0 50.0 50.0 50.0 50.0 50.0 50.0 50.0 50.0 50.0 50.0 50.0 50.0 50.0 50.0 50.0 50.0 50.0 50.0 50.0 50.0 50.0 50.0 50.0 50.0 49.9 50.0 50.0 50.0 50.0 50.0 50.0 50.0 49.9 50.0 50.0 50.0 50.0 50.0 49.9 50.0 50.0 50.0 50.0 50.0 50.0 50.0 50.0 50.0 50.0 50.0 50.0 50.0 50.0 50.0 50.0 50.0 50.0 50.0 50.0 50.0 50.0 50.0 50.0 50.0 50.0 50.0 50.0 50.0 50.0 50.0 50.0 50.0 50.0 50.0 50.0 50.0 50.0 50.0 50.0 50.0 50.0 50.0 50.0 50.0 50.0 50.0 50.0 50.0 50.0 50.0 50.0 50.0 50.0 50.0 50.0 50.0 50.0 50.0 50.0 50.0 50.0 50.0 50.0 50.0 50.0 50.0 50.0 50.0 50.0 50.0 50.0 50.0 50.0 50.0 50.0 50.0 50.0 50.0 50.0 50.0 50.0 50.0 50.0 50.0 50.0 50.0 50.0 50.0 50.0 50.0 50.0 50.0 50.0 50.0 50.0 50.0 50.0 50.0 50.0 50.0 50.0 50.0 50.0 50.0 50.0 50.0 50.0 50.0 50.0 50.0 50.0 50.0 50.0 50.0 50.0 50.0 50.0 50.1 50.0 50.0 50.0 50.1 50.1 50.1 50.0 50.0 50.1 50.1 50.1 50.1 50.0 50.0 50.1 50.0 50.1 50.1 50.1 50.0 50.1 50.1 50.1 50.0 50.0 50.1 50.0 50.1 50.1 50.1 50.0 50.1 50.0 50.0 50.0 50.0 50.0 50.0 50.0 50.0 50.0 50.0 50.0 50.0 50.0 50.0 50.0 50.0 50.0 50.0 50.0 50.0 50.0 50.0 50.0 50.0 50.0 50.0 50.0 50.0 50.0 50.0 50.0 50.0 50.0 50.0 50.0 50.0 50.0 50.0 50.0 50.0 50.0 50.0 50.0 50.1 50.0 50.1 50.1 50.0 50.0 50.0 50.0 50.0 50.0 50.0 50.0 50.0 50.0 50.0 50.0 50.0 50.0 50.0 50.0 50.0 
# name: reacPower
# type: matrix
# rows: 1
# columns: 359
 7.597 7.597 7.597 7.597 7.597 7.597 7.493 7.493 7.493 7.493 7.493 7.493 7.493 7.597 7.597 7.701 7.597 7.493 7.597 7.597 7.597 7.597 7.493 7.597 7.597 7.701 7.597 7.701 7.701 7.701 7.701 7.701 7.701 7.701 7.701 7.597 7.597 7.597 7.597 7.597 7.597 7.597 7.597 7.597 7.493 7.597 7.597 7.701 7.597 7.597 7.701 7.701 7.701 7.701 7.805 7.805 7.805 7.805 7.805 7.805 7.805 7.91 7.91 7.805 7.91 7.805 7.805 7.805 7.805 7.805 7.805 7.805 7.805 7.805 7.701 7.701 7.701 7.701 7.701 7.701 7.701 7.597 7.597 7.597 7.701 7.701 7.701 7.701 7.701 7.701 7.701 7.701 7.701 7.701 7.701 7.701 7.701 7.701 7.701 7.805 7.805 7.805 7.805 7.701 7.701 7.701 7.805 7.805 7.805 7.805 7.805 7.91 7.805 7.805 7.91 7.91 7.805 7.91 7.91 7.805 7.91 7.91 7.91 7.91 7.91 7.91 7.91 7.805 7.91 7.91 7.91 7.91 7.91 7.91 7.91 7.91 8.118 8.118 8.222 8.222 8.118 8.118 8.118 8.014 8.118 8.118 8.118 8.118 8.118 8.014 8.014 8.014 8.014 8.014 8.014 8.014 7.91 7.91 7.91 7.91 7.91 8.014 7.91 7.91 7.91 8.014 8.014 8.014 7.91 7.91 7.91 7.91 8.014 7.91 8.118 8.014 8.014 8.014 8.014 8.014 8.014 8.014 7.91 7.91 7.91 8.014 8.014 8.014 7.91 8.014 8.014 8.014 8.014 8.014 7.91 8.014 8.014 8.014 8.014 8.014 8.014 8.014 8.014 8.118 8.014 8.118 8.014 8.014 8.014 8.118 8.014 8.014 8.118 8.014 8.118 8.118 8.118 8.118 8.118 8.118 8.118 8.118 8.118 8.014 8.014 8.014 8.118 8.118 8.222 8.118 8.014 8.118 8.014 8.118 8.118 8.118 8.118 8.118 8.118 8.118 8.118 8.118 8.118 8.118 8.118 8.118 8.118 8.222 8.222 8.326 8.326 8.326 8.326 8.118 8.222 8.118 8.222 8.118 8.014 8.222 8.118 8.222 8.222 8.222 8.118 8.118 8.118 8.118 8.118 8.222 8.222 8.222 8.118 8.014 8.118 8.118 8.014 8.014 8.014 8.014 8.118 8.014 8.014 8.014 8.014 8.014 8.014 8.014 8.014 8.118 8.118 8.118 8.118 8.118 8.118 8.118 8.014 8.014 8.118 8.118 8.118 8.118 8.118 8.118 8.014 8.118 8.118 8.014 8.118 8.118 8.118 8.118 8.118 8.118 8.118 8.118 8.014 8.014 8.014 7.91 7.91 8.014 8.014 8.014 8.118 8.118 8.014 8.014 8.118 8.118 8.014 8.118 8.118 8.014 8.014 8.014 8.014 8.014 8.014 8.014 8.118 8.118 8.014 8.014 8.118 8.118 8.118 8.118 8.222 8.222 8.222 8.222 8.222 8.118 8.222 8.222 8.222 8.222 8.222 
# name: power
# type: matrix
# rows: 1
# columns: 359
 3.746 3.746 3.746 3.746 3.746 3.746 3.746 3.746 3.746 3.746 3.746 3.746 3.746 3.746 3.746 3.746 3.746 3.746 3.746 3.746 3.746 3.746 3.746 3.746 3.746 3.746 3.746 3.746 3.85 3.746 3.85 3.746 3.746 3.85 3.746 3.746 3.746 3.746 3.746 3.746 3.746 3.746 3.746 3.746 3.746 3.746 3.746 3.746 3.746 3.746 3.746 3.746 3.85 3.85 3.85 3.85 3.85 3.85 3.85 3.85 3.85 3.85 3.85 3.85 3.85 3.85 3.85 3.85 3.85 3.85 3.85 3.85 3.85 3.85 3.85 3.85 3.85 3.85 3.746 3.85 3.746 3.746 3.746 3.746 3.746 3.85 3.746 3.85 3.85 3.746 3.746 3.85 3.85 3.85 3.85 3.85 3.85 3.85 3.85 3.85 3.85 3.85 3.85 3.85 3.85 3.746 3.85 3.85 3.85 3.85 3.85 3.85 3.85 3.85 3.85 3.85 3.85 3.85 3.85 3.85 3.85 3.85 3.85 3.85 3.85 3.85 3.85 3.85 3.85 3.85 3.85 3.85 3.85 3.85 3.85 3.85 3.85 3.85 3.955 3.85 3.85 3.85 3.85 3.85 3.85 3.85 3.85 3.85 3.85 3.85 3.85 3.85 3.85 4.267 4.267 4.163 4.163 4.163 4.163 4.267 4.267 4.267 4.267 4.267 4.163 4.267 4.267 4.267 3.955 3.955 3.955 3.955 3.955 3.955 3.955 5.203 5.203 5.203 5.203 5.203 5.203 5.203 5.203 5.203 5.203 5.203 5.203 5.203 5.203 5.203 5.203 5.203 5.203 5.203 5.203 5.203 5.203 5.203 5.203 5.203 5.203 5.203 5.203 5.203 5.203 5.203 5.203 5.203 5.203 5.203 5.203 5.203 5.203 5.203 5.203 5.203 5.203 5.203 5.203 5.308 5.203 5.203 5.203 5.203 5.203 5.203 5.308 5.308 5.308 5.203 5.203 5.203 5.203 5.203 5.203 5.203 5.203 5.203 5.203 5.203 5.203 5.203 5.203 5.308 5.203 5.308 5.308 5.308 5.308 5.308 5.308 5.308 5.308 5.308 5.308 4.891 4.059 4.059 4.059 4.059 4.059 4.059 4.059 4.059 4.059 4.059 4.059 4.059 4.059 4.059 4.059 4.059 4.059 4.059 4.059 4.059 4.059 4.059 4.059 4.059 4.059 4.059 4.059 4.059 4.059 4.059 4.059 3.955 4.059 4.163 4.059 4.059 4.059 4.059 4.059 4.059 3.955 4.059 4.059 4.059 4.059 4.059 4.059 3.955 4.059 4.059 4.059 4.059 3.955 4.059 4.059 4.059 4.059 4.059 4.059 4.059 4.059 2.81 2.497 2.497 2.497 2.497 2.497 2.497 2.497 2.497 2.497 2.497 2.497 2.497 2.497 2.497 2.497 2.497 2.497 2.497 2.497 2.497 2.497 2.497 2.497 2.601 2.497 2.497 2.497 2.497 2.497 2.497 2.497 2.497 2.601 2.497 2.497 2.601 2.497 2.497 2.601 2.601 2.601 
