# name: phAngle
# type: matrix
# rows: 1
# columns: 357
 90 90 90 90 90 90 90 90 90 90 90 90 90 90 90 90 90 90 90 90 90 63 63 63 63 63 63 63 63 63 63 63 63 63 63 63 63 63 63 63 63 63 63 63 63 63 63 63 63 63 63 63 63 63 63 63 63 63 63 63 45 45 45 45 45 45 45 45 45 45 45 45 45 45 45 45 45 45 45 45 45 45 45 45 45 45 45 45 45 45 45 45 45 45 45 45 45 45 45 45 45 45 45 45 45 45 45 45 45 45 45 45 45 45 45 45 45 45 45 45 45 45 45 45 45 45 45 45 45 45 45 45 45 45 45 45 45 45 45 45 45 45 45 45 45 45 45 45 45 45 45 45 45 45 45 45 45 45 45 45 45 45 45 45 45 45 45 45 45 45 45 45 45 45 45 45 45 45 45 45 45 45 45 45 45 45 45 45 45 45 45 45 45 45 45 45 45 45 45 45 45 45 45 45 45 45 45 45 45 45 45 45 45 45 45 45 45 45 45 45 45 45 45 45 45 45 45 45 45 45 45 45 45 45 45 45 45 45 45 45 45 45 45 45 45 45 45 45 45 45 45 45 45 45 45 45 45 45 45 45 45 45 45 45 45 45 45 45 45 45 45 45 45 45 45 45 45 45 45 45 45 45 45 45 45 45 45 45 45 45 45 45 45 45 45 45 45 45 45 45 45 45 45 45 45 45 45 45 45 45 45 45 45 45 45 45 45 45 45 45 45 45 45 45 45 45 45 45 45 45 45 45 45 45 45 45 45 45 45 45 45 45 45 45 45 45 45 45 45 45 45 45 45 45 45 45 45 
# name: freq
# type: matrix
# rows: 1
# columns: 357
 50.0 50.0 50.0 50.0 50.0 50.0 50.0 50.0 50.0 50.0 50.0 50.0 50.0 50.0 50.0 50.0 50.0 50.0 50.0 50.0 50.0 50.0 50.0 50.0 50.0 50.0 50.0 50.0 50.0 50.0 50.0 50.0 50.0 50.0 50.0 50.0 50.0 50.0 50.0 50.0 50.0 50.0 50.0 50.0 50.0 50.0 50.0 50.0 50.0 50.0 50.0 50.0 50.0 50.0 50.0 50.0 50.0 50.0 50.0 50.0 50.0 50.0 50.0 50.0 50.0 50.0 50.0 50.0 50.0 50.0 50.0 50.0 50.0 50.0 50.0 50.0 50.0 50.0 50.0 50.0 50.0 50.0 50.0 50.0 50.0 50.0 50.0 50.0 50.0 50.0 50.0 50.0 50.0 50.0 50.0 50.0 50.0 50.0 50.0 50.0 50.0 50.0 50.0 50.0 50.0 50.0 50.0 50.0 50.0 50.0 50.0 50.0 50.0 50.0 50.0 50.0 50.0 50.0 50.0 50.0 50.0 50.0 50.0 50.0 50.0 50.0 50.0 50.0 50.0 50.0 50.0 50.0 50.0 50.0 50.0 50.0 50.0 50.0 50.0 50.0 50.0 50.0 50.0 50.0 50.0 50.0 50.0 50.0 50.0 50.0 50.0 50.0 50.0 50.0 50.0 50.0 50.0 50.0 50.0 50.0 50.0 50.0 50.0 50.0 50.0 50.0 50.0 50.0 50.0 50.0 50.0 50.0 50.0 50.0 50.0 50.0 50.0 50.0 50.0 50.0 50.0 50.0 50.0 50.0 50.0 50.0 50.0 50.0 50.0 50.0 50.0 50.0 50.0 50.0 50.0 50.0 50.0 50.0 50.0 50.0 50.0 50.0 50.0 50.0 50.0 50.0 50.0 50.0 50.0 50.0 50.0 50.0 50.0 50.0 50.0 50.0 50.0 50.0 50.0 50.0 50.0 50.0 50.0 50.0 50.0 50.0 50.0 50.0 50.0 50.0 50.0 50.0 50.0 50.0 50.0 50.0 50.0 50.0 50.0 50.0 50.0 50.0 50.0 50.0 50.0 50.0 50.0 50.0 50.0 50.0 50.0 50.0 50.0 50.0 50.0 50.0 50.0 50.0 50.0 50.0 50.0 50.0 50.0 50.0 50.0 50.0 50.0 50.0 50.0 50.0 50.0 50.0 50.0 50.0 50.0 50.0 50.0 50.0 50.0 50.0 50.0 50.0 50.0 50.0 50.0 50.0 50.0 50.0 50.0 50.0 50.0 50.0 50.0 50.0 50.0 50.0 50.0 50.0 50.0 50.0 50.0 50.0 50.0 50.0 50.0 50.0 50.0 50.0 50.0 50.0 50.0 50.0 50.0 50.0 50.0 50.0 50.0 50.0 50.0 50.0 50.0 50.0 50.0 50.0 50.0 50.0 50.0 50.0 50.0 50.0 50.0 50.0 50.0 50.0 50.0 50.0 50.0 50.0 50.0 50.0 50.0 50.0 50.0 50.0 50.0 50.0 50.0 50.0 50.0 50.0 50.0 50.0 50.0 50.0 50.0 50.0 50.0 
# name: reacPower
# type: matrix
# rows: 1
# columns: 357
 4.163 4.163 4.163 4.163 4.163 4.163 4.163 4.163 4.163 4.163 4.163 4.163 4.163 4.163 4.163 4.163 4.059 4.163 4.163 4.163 4.059 4.059 4.163 4.163 4.059 4.163 4.163 4.163 4.059 4.163 4.059 4.163 4.163 4.163 4.163 4.163 4.163 4.163 4.163 4.163 4.163 4.163 4.163 4.163 4.163 4.267 4.163 4.163 4.163 4.163 4.163 4.163 4.059 4.163 4.059 4.059 4.059 4.163 4.163 4.163 4.163 4.163 4.163 4.163 4.059 4.163 4.163 4.163 4.163 4.163 4.163 4.163 4.163 4.163 4.163 4.163 4.163 4.163 4.059 4.163 4.163 4.163 4.163 4.163 4.163 4.163 4.163 4.163 4.163 4.267 4.163 4.267 4.267 4.267 4.267 4.267 4.267 4.267 4.267 4.267 4.163 4.267 4.267 4.267 4.267 4.267 4.267 4.371 4.371 4.371 4.371 4.371 4.267 4.371 4.267 4.267 4.267 4.267 4.267 4.267 4.267 4.267 4.267 4.267 4.267 4.267 4.371 4.267 4.267 4.267 4.371 4.267 4.371 4.371 4.371 4.267 4.267 4.267 4.267 4.267 4.267 4.267 4.267 4.371 4.371 4.267 4.371 4.267 4.267 4.267 4.267 4.267 4.267 4.163 4.163 4.163 4.163 4.163 4.163 4.059 4.059 4.059 4.059 4.059 4.059 4.163 4.059 4.059 4.059 4.059 4.163 4.059 4.059 4.059 4.059 4.059 4.163 4.163 4.163 4.163 4.163 4.163 4.163 4.163 4.163 4.163 4.163 4.163 4.163 4.163 4.163 4.163 4.163 4.163 4.163 4.163 4.059 4.059 4.059 4.059 4.163 4.163 4.163 4.163 4.163 4.163 4.163 4.163 4.163 4.163 4.059 4.163 4.163 4.163 4.163 4.059 4.059 4.059 4.059 4.059 4.059 4.059 4.059 4.059 4.059 4.059 4.059 4.059 4.059 4.163 4.163 4.059 4.163 4.059 4.163 4.163 4.163 4.163 4.163 4.163 4.059 4.059 4.163 4.163 4.163 4.059 4.163 4.059 4.059 4.163 4.163 4.163 4.163 4.163 4.163 4.163 4.267 4.267 4.163 4.163 4.163 4.163 4.163 4.163 4.163 4.163 4.163 4.163 4.163 4.163 4.163 4.163 4.163 4.163 4.163 4.163 4.163 4.163 4.163 4.059 4.163 4.163 4.059 4.163 4.163 4.163 4.163 4.163 4.267 4.267 4.267 4.267 4.267 4.267 4.267 4.163 4.163 4.267 4.163 4.163 4.163 4.267 4.163 4.267 4.163 4.163 4.163 4.267 4.267 4.267 4.267 4.163 4.267 4.267 4.267 4.267 4.163 4.163 4.163 4.163 4.163 4.163 4.163 4.267 4.163 4.267 4.163 4.267 4.163 4.267 4.163 4.267 4.163 4.163 4.163 4.163 4.163 4.163 4.163 4.163 4.163 4.059 4.059 4.059 4.059 4.163 4.059 4.059 4.059 4.163 4.059 4.059 4.059 4.059 4.059 4.163 4.267 
# name: power
# type: matrix
# rows: 1
# columns: 357
 1.353 1.353 1.353 1.353 1.353 1.353 1.353 1.353 1.353 1.353 1.353 1.353 1.353 1.353 1.353 1.353 1.353 1.353 1.353 1.353 1.353 1.977 1.977 1.977 1.977 1.977 1.977 1.977 1.977 1.977 1.977 1.977 1.977 1.977 1.977 1.977 1.977 1.977 1.977 1.977 1.977 1.977 1.977 1.977 1.977 1.977 1.977 1.977 1.977 1.977 1.977 1.977 1.977 1.977 1.977 1.977 1.977 1.977 1.977 1.977 4.059 4.267 4.371 4.267 4.163 4.371 4.163 4.579 4.163 4.371 4.163 4.371 4.267 4.267 4.267 4.163 4.475 4.371 4.371 4.267 4.475 4.163 4.267 4.267 4.163 4.475 4.475 4.371 4.371 4.475 4.371 4.475 4.579 4.267 4.579 4.267 4.267 4.371 4.163 4.475 4.371 4.475 4.371 4.475 4.371 4.475 4.683 4.475 4.475 4.475 4.267 4.475 4.579 4.475 4.579 4.371 4.579 4.371 4.683 4.371 4.371 4.579 4.371 4.683 4.371 4.475 4.579 4.579 4.475 4.683 4.267 4.683 4.891 4.579 4.475 4.267 4.475 4.579 4.579 4.371 4.267 4.371 4.475 4.475 4.475 4.371 4.267 4.683 4.787 4.579 4.579 4.267 4.475 4.475 4.475 4.475 4.371 4.371 4.683 4.683 4.579 4.371 4.163 4.475 4.475 4.371 4.475 4.371 4.371 4.475 4.579 4.579 4.475 4.267 4.267 4.683 4.683 4.579 4.371 4.371 4.267 4.579 4.787 4.579 4.371 4.267 4.371 4.683 4.787 4.787 4.475 4.475 4.475 4.683 4.683 4.475 4.371 4.371 4.371 4.579 4.683 4.475 4.475 4.371 4.267 4.579 4.579 4.371 4.371 4.475 4.267 4.579 4.579 4.579 4.891 4.475 4.579 4.683 4.683 4.683 4.579 4.475 4.475 4.475 4.579 4.579 4.475 4.579 4.683 4.475 4.579 4.579 4.579 4.683 4.475 4.579 4.475 4.579 4.683 4.579 4.891 4.475 4.579 4.475 4.683 4.579 4.475 4.891 4.683 4.475 4.579 4.683 4.683 4.475 4.683 4.475 4.475 4.579 4.683 4.683 4.475 4.683 4.579 4.371 4.683 4.683 4.891 4.579 4.579 4.683 4.475 4.475 4.683 4.683 4.683 4.475 4.579 4.475 4.579 4.683 4.579 4.475 4.683 4.579 4.579 4.475 4.683 4.683 4.579 4.683 4.579 4.683 4.579 4.579 4.787 4.579 5.099 4.891 4.579 4.579 4.475 4.891 4.683 4.891 4.787 4.579 4.683 4.579 4.579 4.683 4.683 4.683 4.683 4.683 4.579 4.683 4.683 4.475 4.683 4.475 4.579 4.579 4.579 4.891 4.891 4.579 5.099 4.683 4.683 4.683 4.683 4.787 4.683 4.579 4.579 4.787 4.579 4.683 4.891 4.891 4.475 4.787 4.683 4.579 4.683 4.475 4.787 4.579 4.683 4.683 4.683 4.683 4.683 4.579 4.579 4.683 4.683 
