# name: phAngle
# type: matrix
# rows: 1
# columns: 359
 22 20 22 22 22 22 22 22 22 22 22 22 22 22 22 22 22 22 22 22 22 22 22 22 22 20 22 22 22 22 22 22 22 22 22 22 22 22 22 22 22 22 22 22 22 22 22 20 22 22 22 22 22 22 20 22 22 22 22 22 22 22 22 22 22 22 20 22 22 22 22 22 22 22 22 22 22 22 22 22 22 22 22 22 22 22 22 22 22 22 22 22 22 22 22 22 22 22 22 22 22 22 22 22 22 22 22 22 22 20 22 22 22 22 22 22 22 22 22 22 20 22 22 22 20 22 22 22 22 22 20 22 22 22 22 20 22 20 22 22 22 22 22 22 22 22 22 22 22 22 22 22 22 22 22 22 22 22 22 22 22 22 20 22 20 22 20 22 20 22 22 22 22 22 22 22 22 22 22 22 22 22 22 27 27 27 27 24 27 27 27 27 27 27 27 27 27 27 27 27 27 27 27 27 27 27 27 27 27 27 27 27 27 27 27 27 27 27 27 27 27 27 27 27 27 27 27 27 27 27 27 27 27 27 27 27 27 27 27 27 27 27 27 27 27 27 27 27 27 27 27 27 27 27 27 27 27 27 27 27 27 27 27 27 27 27 27 27 27 27 27 27 27 27 27 27 27 27 27 27 27 27 27 27 27 27 27 27 27 27 27 27 27 27 27 27 27 27 27 27 27 27 27 27 27 27 27 27 27 27 27 27 56 71 71 71 71 71 71 71 71 71 71 71 71 71 71 71 71 71 71 71 71 71 71 71 71 71 71 71 71 71 71 71 71 71 76 71 76 76 71 76 76 76 71 71 71 71 71 
# name: freq
# type: matrix
# rows: 1
# columns: 359
 50.0 50.0 50.0 50.0 50.0 50.0 50.0 50.0 50.0 50.0 50.0 50.0 50.0 50.0 50.0 50.0 50.0 50.0 50.0 50.0 50.0 50.0 50.0 50.0 50.0 50.0 50.0 50.0 50.0 50.0 50.0 50.0 50.0 50.0 50.0 50.0 50.0 50.0 50.0 50.0 50.0 50.0 50.0 50.0 50.0 50.0 50.0 50.0 50.0 50.0 50.0 50.0 50.0 50.0 50.0 50.0 50.0 50.0 50.0 50.0 50.0 50.0 50.0 50.0 50.0 50.0 50.0 50.0 50.0 50.0 50.0 50.0 50.0 50.0 50.0 50.0 50.0 50.0 50.0 50.0 50.0 50.0 50.0 50.0 50.0 50.0 50.0 50.0 50.0 50.0 50.0 50.0 50.0 50.0 50.0 50.0 50.0 50.0 50.0 50.0 50.0 50.0 50.0 50.0 50.0 50.0 50.0 50.0 50.0 50.0 50.0 50.0 50.0 50.0 50.0 50.0 50.0 50.0 50.0 50.0 50.0 50.0 50.0 50.0 50.0 50.0 50.0 50.0 50.0 50.0 50.0 50.0 50.0 50.0 50.0 50.0 50.0 50.0 50.0 50.0 50.0 50.0 50.0 50.0 50.0 50.0 50.0 50.0 50.0 50.1 50.0 50.1 50.0 50.0 50.0 50.0 50.0 50.0 50.0 50.0 50.0 50.0 50.0 50.0 50.0 50.0 50.0 50.0 50.0 50.0 50.0 50.0 50.0 50.0 50.0 50.0 50.0 50.0 50.0 50.0 50.0 50.0 50.0 50.0 50.0 50.0 50.0 50.0 50.0 50.0 50.0 50.0 50.0 50.0 50.0 50.0 50.0 50.0 50.0 50.0 50.0 50.0 50.0 50.0 50.0 50.0 50.0 50.0 50.0 50.0 50.0 50.0 50.0 50.0 50.0 50.0 50.0 50.0 50.0 50.0 50.0 50.0 50.0 50.0 50.0 50.0 50.0 50.0 50.0 50.0 50.0 50.0 50.0 50.0 50.0 50.0 50.0 50.0 50.0 50.0 50.0 50.0 50.0 50.0 50.0 50.0 50.0 50.0 50.0 50.0 50.0 50.0 50.0 50.0 50.0 50.0 50.0 50.0 50.0 50.0 50.0 50.0 50.0 50.0 50.0 50.0 50.0 50.0 50.0 50.0 50.0 50.0 50.0 50.0 50.0 50.0 50.0 50.0 50.0 50.0 50.0 50.0 50.0 50.0 50.0 50.0 50.0 50.0 50.0 50.0 50.0 50.0 50.0 50.0 50.0 50.0 50.0 50.0 50.0 50.0 50.0 50.0 50.0 50.0 50.0 50.0 50.0 50.0 50.0 50.0 50.0 50.0 50.0 50.0 50.0 50.0 50.0 50.0 50.0 50.0 50.0 50.0 50.0 50.0 50.0 50.0 50.0 50.0 50.0 50.0 50.0 50.0 50.0 50.0 50.0 50.0 50.0 50.0 50.0 50.0 50.0 50.0 50.0 50.0 50.0 50.0 50.0 50.0 50.0 50.0 50.0 50.0 50.0 50.0 50.0 50.0 50.0 50.0 50.0 
# name: reacPower
# type: matrix
# rows: 1
# columns: 359
 8.799 8.902 8.902 8.902 8.799 8.592 8.592 8.902 8.799 8.902 8.902 8.799 8.799 8.902 8.902 8.902 8.695 8.799 8.902 8.695 8.799 8.799 8.799 8.799 8.799 8.799 8.799 8.799 8.799 8.799 8.799 8.488 8.488 8.592 8.902 8.902 8.902 8.902 8.902 8.799 8.799 8.902 8.902 8.799 8.695 8.695 8.799 8.799 8.799 8.799 8.799 8.799 8.695 8.799 8.799 8.695 8.799 8.799 8.799 8.799 8.695 8.799 8.799 8.799 8.695 8.695 8.281 8.799 8.799 8.695 8.799 8.799 8.799 8.799 8.695 8.799 8.799 8.695 8.695 8.695 8.799 8.695 8.799 8.695 8.695 8.799 8.799 8.799 8.695 8.799 8.695 8.695 8.695 8.799 8.799 8.695 8.488 8.799 8.592 8.799 8.799 8.592 8.799 8.799 8.799 8.799 8.799 8.385 8.799 9.006 8.385 9.006 9.006 9.006 9.006 8.695 8.385 8.799 9.006 9.006 9.006 9.006 8.695 8.902 8.902 9.006 9.006 9.006 9.006 8.902 9.006 9.006 9.006 8.902 8.902 9.006 8.902 9.006 9.006 8.799 8.799 8.902 8.799 8.902 8.902 8.799 8.799 8.799 8.799 8.799 8.695 8.695 8.695 8.902 8.695 8.902 8.902 8.902 8.592 8.695 8.902 8.902 8.799 8.902 8.902 8.902 8.902 8.799 9.006 8.799 8.799 8.799 8.902 8.799 8.902 8.902 8.902 8.902 8.799 9.006 9.006 8.902 8.902 8.902 8.902 8.902 8.799 8.799 8.799 8.799 8.799 8.799 8.902 8.902 8.902 8.902 8.799 8.799 8.902 8.799 8.902 8.902 8.902 8.695 8.799 8.902 8.902 8.902 8.799 8.799 8.799 8.799 8.695 8.695 8.695 8.799 8.799 8.799 8.695 8.695 8.695 8.695 8.695 8.695 8.592 8.695 8.695 8.695 8.385 8.592 8.695 8.695 8.592 8.695 8.695 8.695 8.695 8.695 8.592 8.281 8.695 8.592 8.695 8.592 8.592 8.695 8.695 8.695 8.592 8.695 8.592 8.695 8.695 8.592 8.695 8.592 8.592 8.592 8.592 8.281 8.281 8.592 8.592 8.695 8.695 8.592 8.592 8.592 8.592 8.695 8.695 8.695 8.592 8.592 8.695 8.592 8.592 8.592 8.592 8.695 8.695 8.695 8.695 8.695 8.695 8.695 8.695 8.695 8.695 8.695 8.799 8.799 8.695 8.695 8.695 8.695 8.695 8.695 8.695 8.695 8.695 8.695 8.799 8.695 8.695 8.592 8.695 8.592 8.695 8.695 8.592 8.695 7.971 7.971 7.971 7.971 7.971 7.867 7.971 7.971 7.867 7.867 7.867 7.867 7.971 7.867 7.971 7.867 7.971 7.971 8.074 8.074 8.074 8.074 8.074 8.074 8.074 8.074 8.178 8.178 8.178 8.178 8.178 8.178 8.178 8.178 8.178 8.178 8.281 8.178 8.178 8.178 8.281 8.178 8.178 8.178 8.178 8.178 8.178 
# name: power
# type: matrix
# rows: 1
# columns: 359
 21.325 22.774 22.36 22.463 22.567 21.325 22.256 22.67 21.325 21.221 22.153 22.256 22.153 21.325 22.153 21.946 21.221 22.256 21.325 21.325 22.153 21.325 21.221 21.946 21.739 22.67 21.325 21.325 21.532 21.221 21.842 21.842 22.36 21.739 21.221 21.739 21.325 22.567 22.463 21.325 22.153 22.153 21.325 21.325 22.36 21.221 21.842 22.67 21.325 21.221 22.36 22.256 22.049 21.221 22.67 21.325 21.635 21.842 21.635 21.325 21.739 22.36 21.428 21.325 22.049 21.221 22.878 21.842 21.325 21.325 22.049 22.049 21.325 22.567 21.325 21.221 21.325 21.221 21.325 21.221 21.739 21.221 22.463 21.221 21.221 22.049 22.256 22.049 21.325 22.567 21.221 21.946 21.221 22.463 21.842 21.739 21.221 21.221 22.567 21.221 21.221 21.325 21.325 21.325 21.325 21.428 21.842 22.463 21.325 22.67 21.428 21.325 21.946 21.532 21.428 21.946 22.463 21.325 22.36 21.325 22.774 21.428 21.739 21.428 22.67 22.256 21.532 21.428 21.428 22.256 22.878 21.428 21.428 22.36 21.325 22.878 21.325 22.981 21.428 21.635 21.635 21.635 21.428 22.049 21.739 21.325 21.428 21.325 21.428 21.635 22.049 22.153 21.532 22.567 21.428 21.325 22.463 21.325 22.463 22.153 22.36 21.325 22.981 21.325 23.188 21.325 23.085 21.325 22.981 21.325 21.842 21.325 22.567 21.325 22.567 21.428 22.67 21.428 22.36 22.256 21.428 21.428 21.946 17.598 17.701 17.701 16.873 18.53 16.873 16.873 16.873 16.977 16.977 16.873 16.977 16.977 16.873 16.873 16.873 16.873 16.873 16.873 16.873 16.873 16.873 16.873 16.873 16.873 16.77 16.77 16.77 16.77 16.77 16.77 16.77 16.77 16.77 16.77 16.77 16.666 16.77 16.666 16.77 16.77 16.77 16.666 16.666 16.666 16.666 16.666 16.666 16.666 16.666 16.666 16.666 16.666 16.666 16.666 16.666 16.666 16.666 16.666 16.666 16.666 16.666 16.666 16.666 16.666 16.666 16.666 16.666 16.666 16.666 16.666 16.666 16.666 16.666 16.666 16.666 16.666 16.666 16.666 16.666 16.666 16.666 16.666 16.666 16.666 16.666 16.666 16.666 16.666 16.666 16.666 16.666 16.666 16.563 16.666 16.666 16.666 16.666 16.666 16.666 17.598 17.391 17.391 17.391 17.391 17.391 17.391 17.391 17.391 17.391 17.391 17.391 17.391 17.391 17.391 17.391 17.391 17.391 17.391 17.391 17.391 17.391 17.391 17.391 17.391 17.391 17.287 17.287 17.287 4.14 3.83 3.83 3.726 3.83 3.726 3.726 3.83 3.726 3.726 3.83 3.726 3.83 3.726 3.83 3.83 3.83 3.83 3.83 3.83 3.83 3.83 3.83 3.83 3.83 3.83 3.83 3.83 3.83 3.83 3.83 3.83 3.83 3.83 3.83 3.83 3.83 3.83 3.83 3.83 3.83 3.83 3.83 3.83 3.83 3.83 3.83 
