# name: phAngle
# type: matrix
# rows: 1
# columns: 358
 0 0 0 0 0 0 0 0 0 0 0 0 0 0 0 0 0 0 0 0 0 0 0 0 0 0 0 0 0 0 0 0 0 0 0 0 0 0 0 0 0 0 0 0 0 0 0 0 0 0 0 0 0 0 0 0 0 0 0 0 0 0 0 0 0 0 0 0 0 0 0 0 0 0 0 0 0 0 0 0 0 0 0 0 0 0 0 0 0 0 0 0 0 0 0 0 0 0 0 0 0 0 0 0 0 0 0 0 0 0 0 0 0 0 0 0 0 0 0 0 0 0 0 0 0 0 0 0 0 0 0 0 0 0 0 0 0 0 0 0 0 0 0 0 0 0 0 0 0 0 0 0 0 0 0 0 0 0 0 0 0 0 0 0 0 0 0 0 0 0 0 0 0 0 0 0 0 0 0 0 0 0 0 0 0 0 0 0 0 0 0 0 0 0 0 0 0 0 0 0 0 0 0 0 0 0 0 0 0 0 0 0 0 0 0 0 0 0 0 0 0 0 0 0 0 0 0 0 0 0 0 0 0 0 0 0 0 0 0 0 0 0 0 0 0 0 0 0 0 0 0 0 0 0 0 0 0 0 0 0 0 0 0 0 0 0 0 0 0 0 0 0 0 0 0 0 0 0 0 0 0 0 0 0 0 0 0 0 0 0 0 0 0 0 0 0 0 0 0 0 0 0 0 0 0 0 0 0 0 0 0 0 0 0 0 0 0 0 0 0 0 0 0 0 0 0 0 0 0 0 0 0 0 0 0 0 0 0 0 0 0 0 0 0 0 0 0 0 0 0 0 0 0 0 0 0 0 0 
# name: freq
# type: matrix
# rows: 1
# columns: 358
 50.0 50.0 50.0 50.0 50.0 50.0 50.0 50.0 50.0 50.0 50.0 50.0 50.0 50.0 50.0 50.0 50.0 50.0 50.0 50.0 50.0 50.0 50.0 50.0 50.0 50.0 50.0 50.0 50.0 50.0 50.0 50.0 50.0 50.0 50.0 50.0 50.0 50.0 50.0 50.0 50.0 50.0 50.0 50.0 50.0 50.0 50.0 50.0 50.0 50.0 50.0 50.0 50.0 50.0 50.0 50.0 50.0 50.0 50.0 50.0 50.0 50.0 50.0 50.0 50.0 50.0 50.0 50.0 50.0 50.0 50.0 50.0 50.0 50.0 50.0 50.0 50.0 50.0 50.0 50.0 50.0 50.0 50.0 50.0 50.0 50.0 50.0 50.0 50.0 50.0 50.0 50.0 50.0 50.0 50.0 50.0 50.0 50.0 50.0 50.0 50.0 50.0 50.0 50.0 50.0 50.0 50.0 50.0 50.0 50.0 50.0 50.0 50.0 50.0 50.0 50.0 50.0 50.0 50.0 50.0 50.0 50.0 50.0 50.0 50.0 50.0 50.0 50.0 50.0 50.0 50.0 50.0 50.0 50.0 50.0 50.0 50.0 50.0 50.0 50.0 50.0 50.0 50.0 50.0 50.0 50.0 50.0 50.0 50.0 50.0 50.0 50.0 50.0 50.0 50.0 50.0 50.0 50.0 50.0 50.0 50.0 50.0 50.0 50.0 50.0 50.0 50.0 50.0 50.0 50.0 50.0 50.0 50.0 50.0 50.0 50.0 50.0 50.0 50.0 50.0 50.0 50.0 50.0 50.0 50.0 50.0 50.0 50.0 50.0 50.0 50.0 50.0 50.0 50.0 50.0 50.0 50.0 50.0 50.0 50.0 50.0 50.0 50.0 50.0 50.0 50.0 50.0 50.0 50.0 50.0 50.0 50.0 50.0 50.0 50.0 49.9 50.0 50.0 50.0 49.9 49.9 50.0 49.9 49.9 49.9 50.0 50.0 49.9 49.9 50.0 50.0 49.9 50.0 50.0 49.9 49.9 49.9 50.0 49.9 50.0 50.0 50.0 50.0 50.0 50.0 50.0 50.0 50.0 50.0 50.0 50.0 50.0 50.0 50.0 50.0 50.0 50.0 50.0 50.0 50.0 50.0 50.0 50.0 50.0 50.0 50.0 50.0 50.0 50.0 50.0 50.0 50.0 50.0 50.0 50.0 50.0 50.0 50.0 50.0 50.0 50.0 50.0 50.0 50.0 50.0 50.0 50.0 50.0 50.0 50.0 50.0 50.0 50.0 50.0 50.0 50.0 50.0 50.0 50.0 50.0 50.0 50.0 50.0 50.0 50.0 50.0 50.0 50.0 50.0 50.0 50.0 50.0 50.0 50.0 50.0 50.0 50.0 50.0 50.0 50.0 50.0 50.0 50.0 50.0 50.0 50.0 50.0 50.0 50.0 50.0 50.0 50.0 50.0 50.0 50.0 50.0 50.0 50.0 50.0 50.0 50.0 50.0 50.0 50.0 50.0 50.0 50.0 50.0 50.0 50.0 50.0 50.0 50.0 50.0 50.0 50.0 50.0 50.0 
# name: reacPower
# type: matrix
# rows: 1
# columns: 358
 -0.517 -0.517 -0.517 -0.414 -0.517 -0.517 -0.517 -0.414 -0.517 -0.517 -0.517 -0.517 -0.517 -0.517 -0.517 -0.621 -0.517 -0.517 -0.517 -0.621 -0.517 -0.517 -0.517 -0.517 -0.517 -0.517 -0.517 -0.517 -0.517 -0.517 -0.517 -0.517 -0.517 -0.414 -0.414 -0.517 -0.517 -0.517 -0.517 -0.414 -0.414 -0.517 -0.414 -0.414 -0.414 -0.414 -0.414 -0.414 -0.414 -0.414 -0.414 -0.414 -0.414 -0.414 -0.414 -0.414 -0.414 -0.414 -0.414 -0.414 -0.414 -0.414 -0.31 -0.414 -0.414 -0.414 -0.414 -0.414 -0.414 -0.414 -0.414 -0.414 -0.414 -0.517 -0.414 -0.414 -0.517 -0.517 -0.414 -0.414 -0.517 -0.414 -0.414 -0.414 -0.414 -0.414 -0.414 -0.414 -0.517 -0.414 -0.414 -0.414 -0.517 -0.414 -0.414 -0.414 -0.414 -0.414 -0.414 -0.414 -0.414 -0.517 -0.517 -0.517 -0.517 -0.517 -0.414 -0.517 -0.517 -0.517 -0.517 -0.517 -0.517 -0.517 -0.517 -0.517 -0.517 -0.517 -0.621 -0.621 -0.621 -0.621 -0.621 -0.621 -0.517 -0.621 -0.621 -0.517 -0.621 -0.517 -0.517 -0.517 -0.517 -0.621 -0.621 -0.621 -0.621 -0.621 -0.621 -0.621 -0.517 -0.517 -0.517 -0.517 -0.517 -0.621 -0.517 -0.517 -0.517 -0.621 -0.517 -0.517 -0.517 -0.517 -0.414 -0.517 -0.414 -0.517 -0.517 -0.517 -0.517 -0.517 -0.517 -0.621 -0.517 -0.621 -0.621 -0.621 -0.621 -0.517 -0.621 -0.621 -0.517 -0.517 -0.517 -0.621 -0.621 -0.621 -0.621 -0.621 -0.621 -0.621 -0.621 -0.621 -0.621 -0.621 -0.621 -0.621 -0.621 -0.621 -0.621 -0.621 -0.621 -0.621 -0.621 -0.621 -0.621 -0.621 -0.621 -0.621 -0.621 -0.621 -0.517 -0.517 -0.517 -0.517 -0.517 -0.621 -0.517 -0.621 -0.621 -0.517 -0.517 -0.517 -0.621 -0.414 -0.517 -0.517 -0.621 -0.621 -0.517 -0.517 -0.621 -0.621 -0.517 -0.621 -0.621 -0.517 -0.621 -0.621 -0.621 -0.621 -0.621 -0.517 -0.621 -0.517 -0.517 -0.517 -0.414 -0.517 -0.517 -0.517 -0.724 -0.517 -0.517 -0.517 -0.517 -0.621 -0.621 -0.517 -0.621 -0.621 -0.621 -0.621 -0.621 -0.724 -0.621 -0.621 -0.724 -0.517 -0.621 -0.724 -0.621 -0.517 -0.621 -0.517 -0.517 -0.517 -0.517 -0.517 -0.517 -0.517 -0.517 -0.517 -0.517 -0.517 -0.517 -0.414 -0.414 -0.621 -0.517 -0.414 -0.724 -0.414 -0.517 -0.414 -0.517 -0.517 -0.517 -0.517 -0.517 -0.517 -0.517 -0.517 -0.517 -0.517 -0.517 -0.517 -0.517 -0.517 -0.517 -0.517 -0.517 -0.517 -0.621 -0.621 -0.621 -0.621 -0.621 -0.621 -0.621 -0.517 -0.724 -0.517 -0.621 -0.621 -0.517 -0.621 -0.621 -0.724 -0.517 -0.517 -0.724 -0.621 -0.621 -0.621 -0.621 -0.517 -0.517 -0.621 -0.621 -0.621 -0.621 -0.621 -0.517 -0.621 -0.517 -0.414 -0.517 -0.517 -0.517 -0.517 -0.621 -0.621 -0.621 -0.517 -0.621 -0.517 -0.621 -0.621 -0.621 -0.621 -0.621 -0.621 -0.517 -0.621 -0.621 -0.621 
# name: power
# type: matrix
# rows: 1
# columns: 358
 9.834 9.834 9.937 9.937 9.834 9.834 9.834 9.834 9.834 9.834 9.834 9.834 9.834 9.834 9.834 9.834 9.834 9.937 9.73 9.834 9.937 9.834 9.834 9.834 9.834 9.834 9.834 9.834 9.834 9.834 9.834 9.834 9.834 9.834 9.834 9.834 9.834 9.834 9.73 9.834 9.73 9.834 9.834 9.834 9.834 9.834 9.834 9.834 9.937 9.834 9.834 9.937 9.834 9.834 9.834 9.834 9.834 9.834 9.834 9.834 9.834 9.834 9.834 9.834 9.834 9.834 9.834 9.834 9.834 9.834 9.834 9.834 9.834 9.834 9.834 9.834 9.834 9.834 9.834 9.834 9.73 9.834 9.834 9.834 9.834 9.834 9.834 9.834 9.834 9.834 9.73 9.834 9.834 9.834 9.834 9.834 9.834 9.834 9.834 9.834 9.937 9.834 9.834 9.834 9.834 9.834 9.834 9.834 9.834 9.834 9.834 9.834 9.834 9.834 9.834 9.834 9.834 9.937 9.834 9.834 9.834 9.834 9.834 9.834 9.834 9.834 9.834 9.834 9.834 9.834 9.834 9.834 9.834 9.834 9.834 9.937 9.937 9.834 9.937 9.834 9.834 9.937 9.937 9.834 9.937 9.937 9.834 9.834 9.834 9.834 9.834 9.834 9.834 9.834 9.834 9.834 9.834 9.834 9.834 9.834 9.834 9.834 9.834 9.834 9.834 9.937 9.937 9.834 9.937 9.937 9.937 9.937 9.834 9.937 9.937 9.937 9.937 9.937 9.937 9.937 9.834 9.834 9.834 9.834 9.834 9.834 9.937 9.834 9.834 9.937 9.834 9.834 9.834 9.834 9.834 9.834 9.834 9.834 9.834 9.834 9.834 9.834 9.834 9.834 9.834 9.834 9.834 9.937 9.834 9.834 9.834 9.834 9.834 9.834 9.834 9.834 9.73 9.834 9.834 9.834 9.834 9.834 9.834 9.834 9.834 9.834 9.937 9.834 9.834 9.834 9.834 9.834 9.834 9.834 9.834 9.834 9.834 9.834 9.834 9.834 9.834 9.834 9.834 9.834 9.834 9.834 9.73 9.834 9.834 9.834 9.834 9.834 9.73 9.73 9.73 9.834 9.834 9.834 9.834 9.834 9.834 9.834 9.73 9.73 9.834 9.834 9.834 9.834 9.834 9.834 9.834 9.834 9.834 9.834 9.834 9.834 9.834 9.834 9.834 9.834 9.834 9.834 9.834 9.834 9.834 9.834 9.834 9.73 9.834 9.834 9.937 9.937 9.937 9.834 9.834 9.834 9.834 9.834 9.834 9.834 9.834 9.834 9.834 9.834 9.834 9.834 9.834 9.834 9.834 9.834 9.834 9.834 9.834 9.834 9.834 9.834 9.834 9.834 9.73 9.834 9.834 9.834 9.834 9.834 9.834 9.834 9.937 9.834 9.834 9.834 9.834 9.834 9.834 9.834 9.834 9.834 9.834 9.834 9.834 9.937 9.937 9.937 9.937 9.937 9.834 9.937 9.937 9.937 9.834 9.937 9.834 9.834 9.834 9.834 9.834 9.834 9.834 9.937 
