# name: phAngle
# type: matrix
# rows: 1
# columns: 355
 273 315 323 323 323 323 323 323 323 329 329 329 329 329 329 329 329 329 329 329 329 329 329 329 329 329 329 329 329 329 329 329 329 329 329 329 329 329 329 329 329 329 329 329 329 329 329 329 329 329 329 329 329 329 329 329 329 329 329 329 329 329 329 329 329 329 329 329 329 329 329 329 329 329 329 329 329 329 329 329 329 329 329 329 329 329 329 329 329 329 329 329 329 329 329 329 329 329 329 329 329 329 329 329 329 329 329 329 329 329 329 329 329 329 329 329 329 329 329 329 329 329 329 329 329 329 329 329 329 329 329 329 329 329 329 329 329 329 329 329 329 329 329 329 329 329 329 329 329 329 329 329 329 329 329 329 329 329 329 329 338 329 329 329 329 338 329 329 329 329 329 329 329 329 329 329 329 329 329 329 329 329 329 329 329 329 329 329 329 329 329 329 329 329 329 329 329 329 329 329 329 329 329 329 329 329 329 329 329 329 329 338 329 329 329 329 329 329 329 329 329 329 329 329 329 329 329 329 329 329 329 329 329 329 329 329 329 329 329 329 329 329 329 329 329 329 329 329 329 329 329 329 329 329 329 329 329 329 329 329 329 329 329 329 329 329 329 329 329 329 329 329 329 329 329 329 329 329 329 329 329 329 329 329 329 329 329 329 329 329 329 329 329 323 329 329 329 329 329 329 329 329 329 329 329 329 329 329 329 329 329 329 329 329 329 329 323 329 329 323 329 329 329 329 323 323 329 329 329 329 329 329 329 329 323 329 329 329 329 329 329 329 329 329 329 329 329 329 329 323 329 329 329 329 329 
# name: freq
# type: matrix
# rows: 1
# columns: 355
 50.0 50.0 50.0 50.0 50.0 50.0 50.0 50.0 50.0 50.0 50.0 50.0 50.0 50.0 50.0 50.0 50.0 50.0 50.0 50.0 50.0 50.0 50.0 50.0 50.0 50.0 50.0 50.0 50.0 50.0 50.0 50.0 50.0 50.0 50.0 50.0 50.0 50.0 50.0 50.0 50.0 50.0 50.0 50.0 50.0 50.0 50.0 50.0 50.0 50.0 50.0 50.0 50.0 50.0 50.0 50.0 50.0 50.0 50.0 50.0 50.0 50.0 50.0 50.0 50.0 50.0 50.0 50.0 49.9 50.0 49.9 50.0 50.0 50.0 50.0 50.0 50.0 50.0 50.0 50.0 50.0 49.9 50.0 50.0 50.0 50.0 49.9 50.0 50.0 50.0 50.0 50.0 50.0 50.0 50.0 50.0 50.0 50.0 50.0 50.0 50.0 50.0 49.9 50.0 50.0 50.0 50.0 50.0 50.0 50.0 50.0 50.0 50.0 50.0 50.0 50.0 50.0 50.0 50.0 50.0 50.0 50.0 50.0 50.0 50.0 50.0 50.0 50.0 50.0 50.0 50.0 50.0 50.0 50.0 50.0 50.0 50.0 50.0 50.0 50.0 50.0 50.0 50.0 50.0 50.0 50.0 50.0 50.0 49.9 49.9 50.0 50.0 50.0 50.0 50.0 50.0 50.0 50.0 50.0 50.0 50.0 50.0 50.0 50.0 50.0 50.0 50.0 50.0 50.0 50.0 50.0 50.0 50.0 50.0 50.0 50.0 50.0 50.0 50.0 50.0 50.0 50.0 50.0 50.0 50.0 50.0 50.0 50.0 50.0 50.0 50.0 50.0 50.0 50.0 50.0 50.0 50.0 50.0 50.0 50.0 50.0 50.0 50.0 50.0 50.0 50.0 50.0 50.0 50.0 50.0 50.0 50.0 50.0 50.0 50.0 50.0 50.0 50.0 50.0 50.0 50.0 50.0 50.0 50.0 50.0 50.0 50.0 50.0 50.0 50.0 50.0 50.0 50.0 50.0 49.9 50.0 49.9 49.9 50.0 49.9 49.9 50.0 50.0 49.9 49.9 49.9 49.9 50.0 49.9 49.9 49.9 49.9 49.9 50.0 49.9 49.9 50.0 50.0 50.0 50.0 50.0 50.0 50.0 50.0 50.0 50.0 50.0 50.0 50.0 50.0 50.0 50.0 49.9 50.0 50.0 49.9 50.0 50.0 50.0 50.0 50.0 50.0 50.0 50.0 50.0 50.0 50.0 50.0 50.0 50.0 50.0 50.0 50.0 50.0 50.0 50.0 50.0 50.0 50.0 50.0 50.0 50.0 50.0 50.0 50.0 50.0 50.0 49.9 49.9 50.0 50.0 50.0 50.0 50.0 50.0 50.0 50.0 50.0 50.0 50.0 50.0 50.0 50.0 50.0 50.0 50.0 50.0 50.0 50.0 50.0 50.0 50.0 50.0 50.0 50.0 50.0 50.0 50.0 50.0 50.0 50.0 50.0 49.9 50.0 50.0 50.0 50.0 50.0 50.0 50.0 50.0 50.0 50.0 50.0 50.0 
# name: reacPower
# type: matrix
# rows: 1
# columns: 355
 -7.285 -6.244 -6.244 -6.244 -6.244 -6.244 -6.244 -6.244 -6.244 -6.244 -6.244 -6.765 -6.244 -6.244 -6.244 -6.244 -6.348 -6.244 -6.14 -6.036 -6.14 -6.036 -6.036 -6.348 -6.036 -6.14 -6.14 -6.036 -6.036 -6.973 -6.036 -6.452 -6.036 -6.244 -6.14 -6.14 -6.557 -6.036 -6.036 -6.14 -6.036 -6.036 -6.036 -6.036 -6.036 -6.244 -6.036 -6.036 -6.036 -6.036 -6.036 -6.036 -6.036 -6.036 -6.036 -6.14 -6.14 -6.036 -6.036 -6.036 -6.036 -6.036 -6.036 -6.036 -6.036 -6.452 -6.452 -6.036 -6.036 -6.036 -6.036 -6.036 -6.036 -6.036 -6.036 -6.244 -6.14 -6.036 -6.244 -6.14 -6.036 -6.036 -6.036 -5.932 -6.036 -6.036 -6.036 -6.557 -6.036 -6.036 -6.14 -6.036 -6.036 -6.036 -6.036 -6.036 -6.036 -6.036 -6.036 -6.036 -6.14 -6.036 -6.036 -6.036 -6.14 -6.036 -6.036 -6.036 -6.036 -6.036 -6.036 -6.036 -6.14 -6.036 -6.036 -5.932 -6.14 -6.036 -6.036 -6.036 -6.036 -6.036 -6.036 -6.036 -6.557 -6.244 -6.244 -6.14 -6.14 -6.14 -6.557 -6.14 -6.14 -6.036 -6.036 -5.932 -5.932 -5.932 -5.932 -5.932 -5.932 -5.932 -6.036 -5.932 -6.036 -6.036 -5.932 -5.932 -6.14 -6.14 -6.14 -6.14 -6.14 -6.14 -6.14 -6.14 -6.14 -6.14 -5.932 -6.036 -5.932 -5.932 -5.932 -6.244 -5.932 -5.828 -5.932 -5.932 -5.932 -5.932 -5.932 -6.036 -6.14 -6.14 -6.14 -6.14 -6.14 -6.452 -6.14 -6.14 -6.14 -6.14 -6.036 -6.036 -6.036 -5.932 -6.036 -6.036 -5.932 -5.932 -5.932 -5.932 -5.932 -5.932 -6.14 -6.244 -6.14 -6.14 -6.14 -6.14 -6.14 -6.14 -6.14 -6.14 -6.14 -5.932 -5.932 -6.14 -5.932 -5.932 -5.932 -5.932 -6.036 -5.932 -5.932 -5.932 -5.932 -5.932 -5.932 -5.932 -5.932 -5.932 -5.932 -5.932 -6.036 -6.14 -6.14 -6.036 -6.14 -6.14 -6.14 -6.14 -6.14 -6.14 -6.14 -6.14 -6.14 -6.14 -6.14 -6.14 -6.14 -6.14 -6.14 -6.036 -6.036 -6.036 -6.036 -6.036 -6.036 -6.036 -6.036 -6.036 -6.036 -6.036 -6.036 -6.036 -6.036 -6.036 -6.244 -6.14 -6.14 -6.244 -6.14 -6.14 -6.14 -6.244 -6.14 -6.14 -6.14 -6.14 -6.14 -6.14 -6.14 -6.14 -6.036 -5.932 -6.036 -6.036 -6.036 -6.036 -5.932 -6.036 -6.036 -6.036 -5.932 -6.036 -5.932 -5.932 -5.932 -6.036 -6.036 -6.036 -5.932 -6.14 -6.036 -5.932 -6.244 -6.14 -6.14 -6.14 -6.14 -6.14 -6.14 -6.14 -6.244 -6.14 -6.14 -6.036 -6.036 -6.14 -6.244 -6.036 -6.14 -6.14 -6.557 -6.244 -6.244 -6.348 -6.244 -6.14 -6.244 -6.244 -6.14 -6.244 -6.14 -6.14 -6.244 -6.348 -6.348 -6.452 -6.348 -6.348 -6.452 -6.452 -6.452 -6.348 -6.348 -6.348 -6.348 -6.348 -6.348 -6.348 -6.348 -6.348 -6.348 -6.244 -6.348 -6.14 -6.14 -6.14 -6.14 -6.14 -6.14 -6.14 -6.244 
