# name: phAngle
# type: matrix
# rows: 1
# columns: 359
 56 56 56 56 56 56 56 56 56 56 56 56 56 56 56 56 56 56 56 56 56 56 56 56 56 56 56 56 56 56 56 56 56 56 56 56 56 56 56 56 56 56 56 56 56 56 56 56 56 56 56 56 56 56 56 56 56 56 56 56 56 56 56 56 56 56 56 56 56 56 56 56 56 56 56 56 56 56 56 56 56 56 56 56 56 56 56 56 90 90 90 90 90 90 71 71 71 71 71 71 71 71 71 71 71 71 71 71 71 71 71 71 71 71 71 71 71 71 71 71 71 71 71 71 71 71 71 71 71 71 71 71 71 71 71 71 71 71 71 71 71 71 71 71 71 71 71 71 71 71 71 71 71 71 71 71 71 71 71 71 71 71 71 71 71 71 71 71 71 71 71 90 90 90 90 90 90 90 90 90 90 90 90 90 90 90 90 90 90 90 90 90 90 90 90 90 90 90 90 90 90 90 90 90 90 90 90 90 90 90 90 90 90 90 90 90 90 90 90 90 90 90 90 90 90 90 90 90 90 90 90 90 90 90 90 90 90 90 90 90 90 90 90 90 90 90 71 71 71 71 71 71 71 71 71 71 71 71 71 71 71 71 71 71 71 71 71 71 71 71 71 71 71 71 71 71 71 71 71 71 71 71 71 71 71 71 71 71 71 71 71 71 71 71 71 71 71 71 71 71 71 71 90 90 90 90 90 90 90 90 90 90 90 90 90 90 90 90 90 90 90 90 90 90 90 90 90 90 90 90 90 90 90 90 90 90 90 90 90 90 90 90 90 90 90 90 90 90 90 90 90 90 90 90 90 90 90 90 90 
# name: freq
# type: matrix
# rows: 1
# columns: 359
 50.0 50.0 50.0 50.0 50.0 50.0 50.0 50.0 50.0 50.0 50.0 50.0 50.0 50.0 50.0 50.0 50.0 50.0 50.0 49.9 50.0 50.0 50.0 50.0 50.0 50.0 50.0 50.0 50.0 50.0 50.0 50.0 49.9 50.0 50.0 50.0 50.0 50.0 50.0 50.0 50.0 50.0 50.0 50.0 50.0 50.0 50.0 50.0 50.0 50.0 50.0 50.0 50.0 50.0 50.0 50.0 50.0 50.0 50.0 50.0 50.0 50.0 50.0 50.0 50.0 50.0 50.0 50.0 50.0 50.0 50.0 50.0 50.0 50.0 50.0 50.0 50.0 50.0 50.0 50.0 50.0 50.0 50.0 50.0 50.0 50.0 50.0 50.0 50.0 50.0 50.0 50.0 50.0 50.0 50.0 50.0 50.0 50.0 50.0 50.0 50.0 50.0 50.0 50.0 50.0 50.0 50.0 50.0 50.0 50.0 50.0 50.0 50.0 50.0 50.0 50.0 50.0 50.0 50.0 50.0 50.0 50.0 50.0 50.0 50.0 50.0 50.0 50.0 50.0 50.0 50.0 50.0 50.0 50.0 50.0 50.0 50.0 50.0 50.0 50.0 50.0 50.0 50.0 50.1 50.0 50.0 50.0 50.0 50.0 50.0 50.0 50.0 50.0 50.0 50.0 50.0 50.0 50.0 50.0 50.0 50.0 50.0 50.0 50.0 50.0 50.0 50.0 50.0 50.0 50.0 50.0 50.0 50.0 50.0 50.0 50.0 50.0 50.0 50.0 50.0 50.0 50.0 50.0 50.0 50.0 50.0 50.0 50.0 50.0 50.0 50.0 50.0 50.0 50.0 50.0 50.0 50.0 50.0 50.0 50.0 50.0 50.0 50.0 50.0 50.0 50.0 50.0 50.0 50.0 50.0 50.0 50.0 50.0 50.0 50.0 50.0 50.0 50.0 50.0 50.0 50.0 50.0 50.0 50.0 50.0 50.0 50.0 50.0 50.0 50.0 50.0 50.0 50.0 50.0 50.0 50.0 50.0 50.0 50.0 50.0 50.0 50.0 50.0 50.0 50.0 50.0 50.0 50.0 50.0 50.0 50.0 50.0 50.0 50.0 50.0 50.0 50.0 50.0 50.0 50.0 50.0 50.0 50.0 50.0 50.0 50.0 50.0 50.0 50.0 50.0 50.0 50.0 50.0 50.0 50.0 50.0 50.0 50.0 50.0 50.0 50.0 50.0 50.0 50.0 50.0 50.0 50.0 50.0 50.0 50.0 50.0 50.0 50.0 50.0 50.0 50.0 50.0 50.0 50.0 50.0 50.0 50.0 50.0 50.0 50.0 50.0 50.0 50.0 50.0 50.0 50.0 50.0 50.0 50.0 50.0 50.0 50.0 50.0 50.0 50.0 50.0 50.0 50.0 50.0 50.0 50.0 50.0 50.0 50.0 50.0 50.0 50.0 50.0 50.0 50.0 50.0 50.0 50.0 50.0 50.0 50.0 50.0 50.0 50.0 50.0 50.0 50.0 50.0 50.0 50.0 50.0 50.0 50.0 50.0 50.0 50.0 50.0 50.0 50.0 
# name: reacPower
# type: matrix
# rows: 1
# columns: 359
 6.557 6.557 6.557 6.452 6.452 6.348 6.452 6.452 6.452 6.452 6.452 6.452 6.557 6.661 6.661 6.661 6.661 6.661 6.661 6.661 6.661 6.661 6.661 6.661 6.557 6.661 6.661 6.661 6.557 6.557 6.557 6.452 6.452 6.452 6.348 6.452 6.452 6.452 6.452 6.452 6.557 6.557 6.557 6.557 6.557 6.557 6.557 6.661 6.557 6.557 6.557 6.452 6.348 6.557 6.557 6.557 6.452 6.557 6.452 6.452 6.452 6.452 6.452 6.452 6.452 6.452 6.452 6.557 6.557 6.557 6.557 6.557 6.557 6.557 6.557 6.661 6.557 6.557 6.557 6.557 6.557 6.557 6.661 6.557 6.557 6.557 6.661 6.557 6.869 6.973 6.973 6.869 6.869 6.869 6.661 6.661 6.661 6.765 6.765 6.765 6.765 6.661 6.765 6.765 6.765 6.765 6.765 6.765 6.765 6.661 6.765 6.765 6.765 6.765 6.765 6.765 6.661 6.661 6.765 6.765 6.765 6.765 6.765 6.765 6.765 6.765 6.765 6.765 6.661 6.765 6.765 6.869 6.869 6.973 6.869 6.869 6.973 6.869 6.869 6.973 6.869 6.869 6.973 6.973 6.869 6.973 6.973 6.869 6.869 6.869 6.869 6.869 6.869 6.869 6.661 6.869 6.765 6.765 6.765 6.765 6.661 6.765 6.661 6.765 6.661 6.661 6.765 6.765 6.765 6.765 6.765 6.973 6.661 6.973 6.973 6.973 6.973 6.869 6.869 6.869 6.973 6.765 6.973 7.077 6.973 6.973 7.077 6.973 6.973 7.077 6.973 6.973 7.077 6.973 6.973 7.077 6.973 6.973 6.973 7.077 7.077 7.181 7.181 6.973 7.077 7.181 7.181 7.077 7.077 7.077 7.285 7.077 6.973 7.077 7.181 7.285 7.181 7.285 7.077 7.285 7.285 7.285 7.181 7.285 7.181 7.077 7.181 7.181 7.285 7.181 7.285 7.285 7.285 7.285 7.285 7.181 7.181 7.285 7.285 7.285 7.285 7.285 7.181 7.285 7.077 7.181 6.973 6.973 6.869 6.973 6.869 6.973 6.973 6.869 6.973 6.869 6.973 6.765 6.765 6.765 6.765 6.765 6.661 6.869 6.765 6.869 6.765 6.765 6.765 6.869 6.869 6.869 6.765 6.765 6.765 6.765 6.765 6.765 6.765 6.661 6.661 6.661 6.765 6.661 6.765 6.973 6.869 6.869 6.869 6.869 7.077 6.869 6.869 6.869 6.973 6.973 6.869 6.661 6.661 6.765 6.661 6.661 6.869 7.077 7.077 7.077 6.973 6.869 6.973 6.973 7.077 6.973 6.869 6.973 7.077 7.077 6.869 6.973 6.973 7.077 7.181 6.973 6.869 6.869 6.973 7.077 7.077 6.765 6.869 6.869 7.077 6.973 6.765 6.765 6.869 6.869 6.869 6.973 6.973 6.973 6.973 6.869 6.869 6.869 6.869 7.077 6.973 6.973 6.869 7.077 7.077 6.973 7.181 7.077 7.077 7.077 6.973 7.077 6.973 
# name: power
# type: matrix
# rows: 1
# columns: 359
 4.267 4.267 4.267 4.267 4.267 4.267 4.267 4.267 4.267 4.267 4.267 4.267 4.267 4.267 4.267 4.267 4.267 4.267 4.267 4.267 4.267 4.267 4.267 4.267 4.267 4.267 4.267 4.267 4.267 4.267 4.267 4.267 4.163 4.163 4.163 4.163 4.267 4.267 4.267 4.267 4.267 4.267 4.267 4.267 4.267 4.267 4.267 4.267 4.267 4.267 4.267 4.267 4.163 4.267 4.267 4.267 4.267 4.267 4.267 4.267 4.267 4.267 4.267 4.267 4.267 4.267 4.267 4.267 4.267 4.267 4.267 4.267 4.267 4.267 4.267 4.267 4.267 4.267 4.267 4.267 4.267 4.267 4.267 4.267 4.267 4.267 4.267 4.267 1.665 1.665 1.769 1.769 1.665 1.665 3.122 3.122 3.122 3.122 3.122 3.122 3.122 3.122 3.122 3.122 3.122 3.122 3.122 3.122 3.122 3.122 3.122 3.122 3.122 3.122 3.122 3.122 3.122 3.122 3.122 3.122 3.122 3.122 3.122 3.122 3.122 3.122 3.122 3.122 3.122 3.122 3.122 3.122 3.122 3.122 3.122 3.122 3.122 3.122 3.122 3.122 3.122 3.122 3.122 3.226 3.122 3.122 3.122 3.122 3.122 3.122 3.122 3.122 3.122 3.122 3.122 3.122 3.122 3.122 3.122 3.122 3.122 3.122 3.122 3.122 3.122 3.122 3.122 3.122 3.122 3.122 3.122 1.769 1.665 1.665 1.769 1.665 1.769 1.665 1.665 1.665 1.665 1.665 1.665 1.769 1.769 1.769 1.769 1.769 1.769 1.769 1.769 1.769 1.769 1.769 1.769 1.769 1.665 1.769 1.769 1.769 1.769 1.769 1.769 1.769 1.769 1.769 1.769 1.769 1.769 1.769 1.769 1.769 1.769 1.769 1.769 1.769 1.769 1.769 1.769 1.769 1.769 1.769 1.769 1.769 1.769 1.769 1.769 1.769 1.769 1.769 1.769 1.769 1.769 1.769 1.769 1.769 1.769 1.769 1.769 1.769 1.769 1.769 1.769 1.769 1.769 1.769 3.226 3.226 3.122 3.226 3.122 3.226 3.226 3.226 3.226 3.122 3.226 3.122 3.122 3.122 3.122 3.122 3.122 3.122 3.122 3.122 3.122 3.122 3.122 3.122 3.122 3.122 3.122 3.122 3.122 3.122 3.122 3.122 3.122 3.122 3.122 3.122 3.122 3.122 3.122 3.226 3.122 3.122 3.122 3.122 3.226 3.122 3.122 3.122 3.226 3.226 3.122 3.122 3.122 3.122 3.122 3.122 1.769 1.769 1.769 1.769 1.665 1.665 1.769 1.769 1.769 1.769 1.665 1.769 1.769 1.769 1.665 1.665 1.665 1.769 1.769 1.665 1.665 1.665 1.665 1.769 1.769 1.665 1.665 1.665 1.769 1.769 1.665 1.665 1.665 1.665 1.665 1.769 1.769 1.665 1.769 1.665 1.665 1.665 1.769 1.769 1.665 1.665 1.665 1.769 1.769 1.769 1.769 1.769 1.769 1.769 1.769 1.769 1.665 
