# name: phAngle
# type: matrix
# rows: 1
# columns: 359
 45 45 45 45 45 45 45 45 45 45 45 45 45 45 45 45 45 45 45 45 45 45 45 45 45 45 45 45 45 45 45 45 45 45 45 45 45 45 45 45 45 45 45 45 45 19 19 19 19 19 19 19 19 19 19 19 19 19 19 19 19 19 19 19 19 19 19 19 19 19 19 19 19 19 19 19 19 19 19 19 19 19 19 19 19 19 19 19 19 45 45 45 45 45 45 45 45 45 45 45 45 45 45 45 45 45 45 45 45 45 45 45 45 45 45 45 45 45 45 45 45 45 45 45 45 45 45 45 45 45 45 45 45 45 45 45 45 45 45 45 45 45 45 45 45 45 45 45 45 45 45 45 45 45 45 45 45 45 45 45 45 45 45 45 45 45 45 45 45 45 45 45 45 45 45 45 45 45 45 45 45 45 45 45 45 45 45 45 45 45 45 45 45 45 45 45 45 45 45 45 45 45 45 45 45 45 45 45 45 45 45 45 45 45 45 45 45 45 45 45 45 45 45 45 45 45 45 45 45 45 45 45 45 45 45 45 45 45 45 45 45 45 45 45 45 45 45 45 45 45 45 45 45 45 45 45 45 45 45 45 45 45 45 45 45 45 45 45 45 45 45 45 45 45 45 45 45 45 45 45 45 45 45 45 45 45 45 45 45 45 45 45 45 45 45 45 45 45 45 45 45 45 45 45 45 45 45 45 45 45 45 45 45 45 45 45 45 45 45 45 45 45 45 45 45 45 45 45 45 45 45 45 45 45 45 45 45 45 45 45 45 45 45 45 45 45 45 45 45 45 45 45 45 45 45 45 45 45 45 
# name: freq
# type: matrix
# rows: 1
# columns: 359
 50.0 50.0 50.0 50.0 50.0 50.0 50.0 50.0 50.0 50.0 50.0 50.0 50.0 50.0 50.0 50.0 50.0 50.0 50.0 50.0 50.0 50.0 50.0 50.0 50.0 50.0 50.0 50.0 50.0 50.0 50.0 50.0 50.0 50.0 50.0 50.0 50.0 50.0 50.0 50.0 50.0 50.0 50.0 50.0 50.0 50.0 50.0 50.0 50.0 50.0 50.0 50.0 50.0 50.0 50.0 50.0 50.0 50.0 50.0 50.0 50.0 50.0 50.0 50.0 50.0 50.0 50.0 50.0 50.0 50.0 50.0 50.0 50.0 50.0 50.0 50.0 50.0 50.0 50.0 50.0 50.0 50.0 50.0 50.0 50.0 50.0 50.0 50.0 50.0 50.0 50.0 50.0 50.0 50.0 50.0 50.0 50.0 50.0 50.0 50.0 50.0 50.0 50.0 50.0 50.0 50.0 50.0 50.0 50.0 50.0 50.0 50.0 50.0 50.0 50.0 50.0 50.0 50.0 50.1 50.0 50.0 50.1 50.1 50.0 50.1 50.0 50.0 50.0 50.0 50.1 50.0 50.0 50.1 50.1 50.0 50.1 50.0 50.1 50.1 50.0 50.1 50.0 50.1 50.1 50.0 50.1 50.0 50.1 50.1 50.1 50.1 50.1 50.1 50.1 50.0 50.0 50.0 50.0 50.0 50.0 50.0 50.0 50.1 50.1 50.0 50.0 50.0 50.0 50.0 50.0 50.0 50.0 50.1 50.0 50.0 50.0 50.0 50.0 50.0 50.0 50.0 50.0 50.0 50.0 50.1 50.0 50.1 50.1 50.0 50.0 50.0 50.0 50.1 50.0 50.0 50.0 50.0 50.0 50.0 50.1 50.0 50.0 50.0 50.1 50.0 50.0 50.0 50.0 50.0 50.0 50.0 50.0 50.0 50.0 50.0 50.0 50.0 50.0 50.0 50.0 50.0 50.0 50.0 50.0 50.0 50.0 50.0 50.0 50.0 50.0 50.0 50.0 50.0 50.0 50.0 50.0 50.0 50.0 50.0 50.0 50.0 50.0 50.0 50.0 50.0 50.0 50.0 50.0 50.0 50.0 50.0 50.0 50.0 50.0 50.0 50.0 50.0 50.1 50.0 50.0 50.0 50.0 50.0 50.0 50.0 50.0 50.0 50.0 50.0 50.0 50.0 50.0 50.0 50.0 50.1 50.0 50.0 50.0 50.0 50.0 50.0 50.0 50.0 50.0 50.0 50.0 50.0 50.0 50.0 50.0 50.0 50.0 50.0 50.0 50.0 50.0 50.0 50.0 50.0 50.0 50.0 50.0 50.0 50.0 50.0 50.0 50.0 50.0 50.0 50.0 50.0 50.0 50.0 50.0 50.0 50.0 50.0 50.0 50.0 50.0 50.0 50.0 50.0 50.0 50.0 50.0 50.0 50.0 50.0 50.0 50.0 50.0 50.0 50.0 50.0 50.0 50.0 50.0 50.0 50.0 50.0 50.0 50.0 50.0 50.0 50.0 50.0 50.0 50.0 50.0 50.0 50.0 50.0 50.0 50.0 50.0 50.0 50.0 50.0 
# name: reacPower
# type: matrix
# rows: 1
# columns: 359
 2.497 2.497 2.497 2.497 2.497 2.393 2.289 2.289 2.393 2.393 2.393 2.393 2.393 2.393 2.393 2.393 2.289 2.393 2.393 2.393 2.289 2.289 2.185 2.289 2.289 2.289 2.289 2.289 2.289 2.289 2.289 2.289 2.289 2.289 2.393 2.393 2.393 2.393 2.393 2.393 2.393 2.393 2.393 2.393 2.393 2.914 2.914 2.914 2.914 2.914 2.914 2.914 2.914 2.914 2.914 2.914 2.914 2.914 2.914 2.914 2.914 2.914 2.914 2.914 2.914 2.914 2.914 2.914 2.914 2.914 2.914 2.914 2.81 2.81 2.81 2.81 2.81 2.81 2.81 2.81 2.81 2.81 2.81 2.81 2.81 2.81 2.81 2.706 2.81 2.497 2.497 2.393 2.497 2.497 2.393 2.393 2.497 2.497 2.497 2.393 2.497 2.497 2.497 2.497 2.497 2.393 2.393 2.497 2.497 2.393 2.497 2.497 2.497 2.497 2.497 2.497 2.497 2.497 2.497 2.393 2.497 2.497 2.497 2.393 2.497 2.497 2.497 2.497 2.497 2.497 2.497 2.497 2.497 2.497 2.497 2.497 2.497 2.497 2.497 2.497 2.497 2.393 2.497 2.497 2.497 2.497 2.497 2.497 2.497 2.497 2.497 2.497 2.497 2.497 2.497 2.497 2.497 2.497 2.393 2.497 2.497 2.393 2.497 2.497 2.497 2.497 2.497 2.497 2.497 2.497 2.497 2.497 2.497 2.497 2.497 2.497 2.497 2.497 2.497 2.497 2.497 2.497 2.497 2.497 2.497 2.497 2.497 2.497 2.497 2.497 2.497 2.497 2.497 2.497 2.497 2.497 2.497 2.497 2.497 2.497 2.497 2.497 2.497 2.497 2.497 2.497 2.497 2.497 2.497 2.497 2.497 2.497 2.497 2.497 2.497 2.497 2.497 2.497 2.497 2.497 2.497 2.497 2.497 2.497 2.497 2.497 2.497 2.497 2.497 2.497 2.393 2.289 2.289 2.289 2.289 2.289 2.289 2.289 2.289 2.289 2.289 2.289 2.393 2.393 2.393 2.393 2.393 2.393 2.393 2.393 2.393 2.393 2.393 2.393 2.393 2.393 2.393 2.393 2.393 2.393 2.393 2.393 2.393 2.393 2.393 2.393 2.393 2.393 2.393 2.393 2.393 2.393 2.393 2.393 2.393 2.393 2.393 2.393 2.393 2.393 2.393 2.393 2.393 2.393 2.497 2.497 2.497 2.497 2.497 2.497 2.497 2.497 2.497 2.497 2.497 2.393 2.393 2.393 2.393 2.393 2.393 2.393 2.393 2.393 2.393 2.393 2.393 2.497 2.497 2.497 2.497 2.497 2.497 2.497 2.497 2.497 2.497 2.497 2.497 2.497 2.497 2.497 2.497 2.497 2.497 2.497 2.497 2.497 2.497 2.497 2.497 2.497 2.497 2.497 2.497 2.497 2.497 2.497 2.497 2.497 2.497 2.393 2.393 2.393 2.393 2.289 2.393 2.393 2.393 2.393 2.393 2.393 2.393 2.393 2.393 2.393 2.393 2.393 2.393 
# name: power
# type: matrix
# rows: 1
# columns: 359
 3.538 3.538 3.538 3.538 3.538 2.185 2.185 2.185 2.185 2.185 2.185 2.185 2.185 2.185 2.185 2.185 2.185 2.185 2.185 2.185 2.185 2.185 2.081 2.081 2.081 2.081 2.081 2.081 2.081 2.185 2.081 2.081 2.081 2.081 2.185 2.185 2.185 2.185 2.185 2.185 2.185 2.185 2.185 2.185 2.185 7.389 7.805 7.285 7.077 7.597 7.285 7.389 7.285 7.493 7.285 7.493 7.285 7.285 7.389 7.493 7.389 6.973 7.285 7.493 7.285 7.389 7.389 7.493 7.285 7.493 7.285 7.493 7.181 7.181 6.973 7.389 6.973 7.389 6.869 7.285 7.389 7.181 7.285 7.181 7.389 7.077 7.493 6.973 7.389 3.434 3.538 3.538 3.538 3.538 3.538 3.538 3.538 3.538 3.538 3.538 3.538 3.538 3.538 3.538 3.538 3.538 3.538 3.538 3.538 3.538 3.538 3.538 3.538 3.538 3.538 3.538 3.538 3.538 3.538 3.538 3.538 3.538 3.538 3.538 3.538 3.538 3.538 3.538 3.538 3.538 3.538 3.538 3.538 3.538 3.538 3.538 3.538 3.538 3.642 3.538 3.538 3.538 3.538 3.538 3.538 3.538 3.538 3.538 3.538 3.538 3.538 3.642 3.538 3.538 3.538 3.538 3.538 3.538 3.538 3.538 3.538 3.434 3.538 3.538 3.538 3.538 3.538 3.538 3.538 3.538 3.538 3.538 3.538 3.538 3.538 3.538 3.538 3.538 3.538 3.538 3.538 3.538 3.538 3.538 3.538 3.538 3.538 3.538 3.538 3.538 3.538 3.538 3.538 3.538 3.538 3.538 3.538 3.538 3.538 3.538 3.538 3.538 3.538 3.538 3.538 3.538 3.538 3.538 3.538 3.538 3.538 3.538 3.538 3.538 3.538 3.538 3.538 3.538 3.538 3.538 3.538 3.538 3.538 3.538 3.538 3.538 3.538 3.538 3.538 3.538 3.434 2.081 2.081 2.081 2.081 2.081 2.081 2.185 2.081 2.185 2.185 2.185 2.185 2.185 2.185 2.185 2.185 2.185 2.185 2.185 2.185 2.185 2.185 2.185 2.185 2.185 2.185 2.185 2.185 2.185 2.185 2.185 2.185 2.185 2.185 2.185 2.185 2.185 2.185 2.185 2.185 2.185 2.185 2.185 2.185 2.185 2.185 2.185 2.185 2.185 2.185 2.185 2.185 2.185 3.434 3.538 3.538 3.538 3.538 3.538 3.538 3.538 3.538 3.538 3.538 3.434 3.434 3.434 3.434 3.434 3.434 3.434 3.434 3.434 3.434 3.434 3.434 3.538 3.538 3.538 3.538 3.538 3.538 3.538 3.538 3.538 3.538 3.538 3.538 3.538 3.538 3.538 3.538 3.538 3.538 3.538 3.538 3.538 3.538 3.538 3.538 3.538 3.538 3.538 3.538 3.538 3.538 3.538 3.538 3.538 3.538 2.185 2.185 2.185 2.185 2.185 2.185 2.185 2.185 2.185 2.185 2.185 2.185 2.185 2.185 2.185 2.185 2.185 2.185 
