# name: phAngle
# type: matrix
# rows: 1
# columns: 359
 90 90 90 90 90 90 90 90 90 90 90 90 90 90 90 90 90 90 90 90 90 90 90 90 90 90 90 90 90 90 90 90 90 90 90 90 90 90 90 90 90 90 90 90 90 90 14 27 27 27 27 27 27 27 45 45 45 45 45 45 45 45 45 45 45 45 45 45 45 45 45 45 45 45 45 45 14 19 19 19 19 19 19 19 19 19 19 19 19 19 19 19 19 19 19 19 19 19 19 19 19 19 19 19 19 19 19 19 19 19 19 19 19 19 19 19 19 19 19 19 19 19 19 19 19 19 19 19 19 19 19 19 19 19 19 19 19 19 19 19 19 19 19 19 45 45 45 45 45 45 45 45 45 45 45 45 45 45 45 45 45 45 45 45 45 45 45 45 45 45 45 45 45 45 45 45 45 45 45 45 45 45 45 45 45 45 45 45 45 45 45 45 45 45 45 45 45 45 45 45 45 45 45 45 45 45 45 45 45 45 45 45 45 14 19 19 19 19 19 19 19 19 19 19 19 19 19 19 19 19 19 19 19 19 19 19 19 19 19 19 19 19 19 19 19 19 19 19 19 19 19 19 19 19 19 19 19 19 19 19 19 19 19 19 19 19 19 19 19 19 19 45 45 45 45 45 45 45 45 45 45 45 45 45 45 45 45 45 45 45 45 45 45 45 45 45 45 45 45 45 45 45 45 45 45 45 45 45 45 45 45 45 45 45 45 45 45 45 45 45 45 45 45 45 45 45 45 45 45 45 45 45 45 45 45 45 45 45 45 45 45 45 45 45 45 45 45 45 45 45 45 45 45 45 45 45 45 45 45 
# name: freq
# type: matrix
# rows: 1
# columns: 359
 50.1 50.0 50.0 50.0 50.0 50.0 50.0 50.0 50.0 50.0 50.0 50.0 50.0 50.0 50.0 50.0 50.0 50.0 50.0 50.0 50.0 50.0 50.0 50.0 50.0 50.0 50.0 50.0 50.0 50.0 50.0 50.0 50.0 50.0 50.0 50.0 50.0 50.0 50.0 50.0 50.0 50.0 50.0 50.0 50.0 50.0 50.0 50.0 50.0 50.0 50.0 50.0 50.0 50.0 50.0 50.0 50.0 50.0 50.0 50.0 50.0 50.0 50.0 50.0 50.0 50.0 50.0 50.0 50.0 50.0 50.0 50.0 50.0 50.0 50.0 50.0 50.0 50.0 50.0 50.0 50.0 50.0 50.0 50.0 50.0 50.0 50.0 50.0 50.0 50.0 50.0 50.0 50.0 50.0 50.0 50.0 50.0 50.0 50.0 50.0 50.0 50.0 50.0 50.0 50.0 50.0 50.0 50.0 50.0 50.0 50.0 50.0 50.0 50.0 50.0 50.0 50.0 50.0 50.0 50.0 50.0 50.0 50.0 50.0 50.0 50.0 50.0 50.0 50.0 50.0 50.0 50.0 50.0 50.0 50.0 50.0 50.0 50.0 50.0 50.0 50.0 50.0 50.0 50.0 50.0 50.0 50.0 50.0 50.0 50.0 50.0 50.0 50.0 50.0 50.0 50.0 50.0 50.0 50.0 50.0 50.0 50.0 50.0 50.0 50.0 50.0 50.0 50.0 50.0 50.0 50.0 50.0 50.0 50.0 50.0 50.0 50.0 50.0 50.0 50.0 50.0 50.0 50.0 50.0 50.0 50.0 50.0 50.0 50.0 50.0 50.0 50.0 50.0 50.0 50.0 50.0 50.0 50.0 50.0 50.0 50.0 50.0 50.0 50.0 50.0 50.0 50.0 50.0 50.1 50.0 50.0 50.0 50.0 50.0 50.0 50.0 50.0 50.0 50.1 50.0 50.0 50.0 50.0 50.0 50.0 50.0 50.0 50.0 50.0 50.0 50.0 50.0 50.0 50.0 50.0 50.0 50.0 50.0 50.0 50.0 50.0 50.0 50.0 50.0 50.0 50.0 50.0 50.0 50.0 50.0 50.0 50.0 50.0 50.0 50.0 50.0 50.0 50.0 50.0 50.0 50.0 50.0 50.0 50.0 50.0 50.0 50.0 50.0 50.0 50.0 50.0 50.0 50.0 50.0 50.0 50.0 50.0 50.0 50.0 50.0 50.0 50.0 50.0 50.0 50.0 50.0 50.0 50.0 50.1 50.1 50.0 50.0 50.0 50.0 50.0 50.0 50.0 50.0 50.0 50.1 50.0 50.1 50.1 50.1 50.0 50.1 50.1 50.1 50.0 50.1 50.1 50.0 50.0 50.1 50.1 50.1 50.0 50.0 50.0 50.1 50.0 50.0 50.0 50.1 50.0 50.0 50.0 50.0 50.0 50.0 50.0 50.0 50.0 50.0 50.0 50.0 50.0 50.0 50.0 50.0 50.0 50.0 50.0 50.0 50.0 50.0 50.0 50.0 50.0 50.0 50.0 50.0 50.0 50.0 50.0 50.0 50.0 50.0 50.0 
# name: reacPower
# type: matrix
# rows: 1
# columns: 359
 2.185 2.185 2.185 2.185 2.185 2.185 2.185 2.185 2.185 2.185 2.185 2.185 2.185 2.185 2.185 2.185 2.081 2.185 2.185 2.185 2.185 2.185 2.185 2.185 2.185 2.185 2.185 2.185 2.081 2.081 2.081 2.081 2.081 2.081 2.081 2.081 2.081 2.081 2.081 2.081 2.185 2.185 2.185 2.185 2.185 2.185 3.018 2.601 2.601 2.601 2.601 2.601 2.601 2.601 2.497 2.497 2.497 2.497 2.497 2.497 2.393 2.393 2.393 2.497 2.393 2.393 2.497 2.497 2.497 2.497 2.497 2.497 2.497 2.497 2.497 2.497 3.018 2.914 2.914 2.81 2.81 2.81 2.81 2.81 2.81 2.81 2.914 2.81 2.81 2.914 2.914 2.914 2.914 2.914 2.81 2.914 2.914 2.81 2.914 2.914 2.914 2.81 2.914 2.914 2.914 2.914 2.914 2.81 2.914 2.81 2.914 2.914 2.914 2.914 2.81 2.914 2.81 2.914 2.81 2.81 2.81 2.81 2.81 2.81 2.81 2.81 2.81 2.81 2.81 2.914 2.81 2.81 2.81 2.81 2.81 2.81 2.81 2.81 2.81 2.81 2.81 2.81 2.81 2.81 2.289 2.289 2.289 2.289 2.289 2.289 2.289 2.289 2.289 2.289 2.289 2.393 2.393 2.289 2.393 2.393 2.393 2.393 2.393 2.393 2.393 2.393 2.393 2.289 2.393 2.393 2.393 2.393 2.289 2.393 2.393 2.393 2.393 2.393 2.393 2.393 2.393 2.393 2.393 2.393 2.393 2.393 2.393 2.393 2.393 2.289 2.393 2.393 2.393 2.393 2.393 2.393 2.393 2.393 2.393 2.393 2.393 2.393 2.393 2.393 2.393 2.393 2.393 2.393 2.393 2.393 2.393 2.393 2.393 3.018 2.81 2.914 2.914 2.81 2.914 2.914 2.914 2.914 2.914 2.914 2.914 2.914 2.914 2.914 2.914 2.914 2.914 2.914 2.914 2.914 2.914 2.914 2.914 2.914 2.914 2.914 2.914 2.914 2.914 2.914 2.914 2.914 2.914 2.914 2.914 2.914 2.914 2.914 2.914 2.914 2.914 2.914 2.914 2.914 2.914 2.914 2.914 2.914 2.914 2.914 2.914 2.914 2.914 2.914 2.914 2.914 2.81 2.289 2.289 2.289 2.289 2.289 2.289 2.289 2.289 2.393 2.289 2.393 2.393 2.393 2.393 2.497 2.393 2.393 2.497 2.393 2.393 2.393 2.393 2.393 2.393 2.393 2.393 2.393 2.393 2.393 2.393 2.393 2.393 2.393 2.289 2.393 2.393 2.393 2.393 2.393 2.393 2.393 2.393 2.393 2.393 2.393 2.393 2.393 2.393 2.393 2.393 2.393 2.393 2.393 2.393 2.393 2.393 2.497 2.497 2.497 2.497 2.497 2.497 2.497 2.497 2.497 2.497 2.497 2.601 2.497 2.497 2.497 2.497 2.497 2.497 2.497 2.497 2.497 2.497 2.497 2.497 2.497 2.497 2.497 2.497 2.497 2.497 2.497 2.497 
# name: power
# type: matrix
# rows: 1
# columns: 359
 0.832 0.832 0.832 0.832 0.832 0.832 0.832 0.832 0.832 0.832 0.832 0.832 0.832 0.832 0.832 0.832 0.832 0.832 0.832 0.832 0.832 0.832 0.832 0.832 0.832 0.832 0.832 0.832 0.832 0.832 0.832 0.832 0.832 0.832 0.832 0.832 0.832 0.832 0.832 0.832 0.832 0.832 0.832 0.832 0.832 0.832 8.43 4.579 4.579 4.579 4.683 4.683 4.683 4.787 3.434 3.434 3.434 3.434 3.434 3.434 3.434 3.434 3.434 3.434 3.434 3.434 3.434 3.434 3.434 3.434 3.434 3.434 3.434 3.434 3.434 3.434 8.118 8.534 7.181 6.973 7.181 7.181 7.285 7.181 7.285 7.285 7.389 7.285 7.285 7.285 7.597 7.181 7.181 7.181 7.285 7.389 7.389 7.181 7.493 7.285 7.285 7.181 7.493 7.181 7.389 7.285 7.389 6.973 7.389 7.181 7.285 7.597 7.285 7.181 7.077 7.493 7.077 7.389 7.285 7.389 7.389 7.285 7.285 7.181 7.389 7.077 7.493 7.285 7.285 7.597 7.077 7.493 6.973 7.389 6.973 7.285 7.389 7.077 7.493 7.389 7.389 7.389 7.181 7.389 2.185 2.185 2.185 2.185 2.185 2.185 2.185 2.185 2.185 2.185 2.185 2.185 2.185 2.185 2.185 2.185 2.185 2.185 2.185 2.185 2.185 2.185 2.185 2.185 2.185 2.185 2.185 2.185 2.185 2.185 2.185 2.185 2.185 2.185 2.185 2.185 2.185 2.185 2.185 2.185 2.185 2.185 2.185 2.185 2.185 2.185 2.185 2.185 2.185 2.185 2.185 2.185 2.185 2.185 2.185 2.185 2.185 2.185 2.185 2.185 2.185 2.185 2.185 2.185 2.185 2.185 2.185 2.185 2.185 8.742 6.973 7.389 7.285 6.973 7.493 7.077 7.493 7.181 7.493 7.181 7.285 7.181 7.493 7.285 7.389 7.181 7.493 7.181 7.285 7.181 7.493 7.077 7.493 7.077 7.389 7.077 7.493 7.077 7.389 7.493 7.285 7.389 7.181 7.493 7.077 7.493 7.181 7.389 7.493 7.389 7.493 7.285 7.493 7.181 7.493 7.077 7.389 7.389 7.389 7.493 7.285 7.389 7.077 7.493 7.077 7.389 7.285 2.497 2.185 2.185 2.185 2.185 2.185 2.185 2.185 2.185 2.185 2.289 2.289 2.289 2.289 2.289 2.289 2.289 2.289 2.185 2.289 2.289 2.185 2.289 2.185 2.185 2.185 2.185 2.289 2.185 2.185 2.185 2.185 2.185 2.185 2.185 2.185 2.185 2.185 2.185 2.185 2.185 2.185 2.185 2.185 2.185 2.185 2.185 2.185 2.185 2.185 2.185 2.185 2.185 2.185 2.185 2.185 2.914 3.538 3.538 3.538 3.538 3.538 3.538 3.538 3.538 3.538 3.538 3.538 3.538 3.538 3.538 3.538 3.538 3.538 3.538 3.538 3.538 3.642 3.538 3.538 3.538 3.538 3.538 3.538 3.538 3.538 3.538 3.538 
