# name: phAngle
# type: matrix
# rows: 1
# columns: 359
 0 0 0 79 59 51 51 51 51 51 51 51 51 51 51 51 51 51 51 51 51 51 51 51 51 51 51 51 51 51 51 51 51 51 51 51 51 51 51 51 51 51 51 51 51 51 51 51 51 51 51 51 51 51 51 51 51 51 51 51 51 51 51 51 51 51 51 51 51 51 51 51 51 51 51 51 51 51 51 51 51 51 51 51 51 51 51 51 51 51 51 51 51 51 51 51 51 51 51 51 51 51 51 51 51 51 51 51 51 51 51 51 51 51 51 51 51 51 51 51 51 51 51 51 51 51 51 51 51 51 51 51 51 51 51 51 51 51 51 51 51 51 51 51 51 51 51 51 51 51 51 51 51 51 51 45 45 51 51 51 79 45 45 45 51 51 51 51 51 51 51 51 51 51 51 51 51 51 51 51 51 51 51 51 51 51 51 51 51 51 51 51 51 51 51 51 51 51 51 51 51 51 51 51 51 51 51 51 51 51 51 51 51 51 51 51 51 51 51 51 51 51 51 51 51 51 51 51 51 51 51 51 51 51 51 51 51 51 51 51 51 51 51 51 51 51 51 51 51 51 51 51 51 51 51 51 79 51 51 51 51 51 51 51 51 51 51 51 51 51 51 51 51 51 51 51 51 51 51 51 51 51 51 51 51 51 51 51 51 51 51 51 51 51 51 51 51 51 51 51 51 51 51 51 51 51 51 51 51 51 51 51 51 51 51 51 51 51 51 51 51 51 51 51 51 51 51 51 51 51 51 51 51 51 51 51 51 51 51 51 51 51 51 51 51 51 51 51 51 51 51 51 51 51 51 51 51 51 51 
# name: freq
# type: matrix
# rows: 1
# columns: 359
 50.0 50.0 50.0 50.0 50.0 50.0 50.0 50.0 50.0 50.0 50.0 50.0 50.0 50.0 50.0 50.0 50.0 50.0 50.0 50.0 50.0 50.0 50.0 50.0 50.0 50.0 50.0 50.0 50.0 50.0 50.0 50.0 50.0 50.0 50.0 50.0 50.0 50.0 50.0 50.0 50.0 50.0 50.0 50.0 50.0 50.0 50.0 50.0 50.0 50.0 50.0 50.0 50.0 50.0 50.0 50.0 50.0 50.0 50.0 50.0 50.0 50.0 50.0 50.0 50.0 50.0 50.0 50.0 50.0 50.0 50.0 50.0 50.0 50.0 50.0 50.0 50.0 50.0 50.0 50.0 50.0 50.0 50.0 49.9 50.0 50.0 50.0 50.0 50.0 49.9 50.0 50.0 50.0 50.0 50.0 50.0 50.0 50.0 50.0 50.0 50.0 50.0 50.0 50.0 50.0 50.0 50.0 50.0 50.0 50.0 50.0 50.0 50.0 50.0 50.0 50.0 50.0 50.0 50.0 50.0 50.0 50.0 50.0 50.0 50.0 50.0 50.0 50.0 50.0 50.0 50.0 50.0 50.0 50.0 50.0 50.0 50.0 50.0 50.0 50.0 50.0 50.0 50.0 50.0 50.0 50.0 50.0 50.0 50.0 50.0 50.0 50.0 50.0 50.0 50.0 50.0 50.0 50.0 50.0 50.0 50.0 50.0 50.0 50.0 50.0 50.0 50.0 50.0 50.0 50.0 50.0 50.0 50.0 50.0 50.0 50.0 50.0 50.0 50.0 50.0 50.0 50.0 50.0 50.0 50.0 50.0 50.0 50.0 50.0 50.0 50.0 50.0 50.0 50.0 50.0 50.0 50.0 50.0 50.0 50.0 50.0 50.0 50.0 50.0 50.0 50.0 50.0 50.0 50.0 50.0 50.0 50.0 50.0 50.0 50.0 50.0 50.0 50.0 50.0 50.0 50.0 50.0 50.0 50.0 50.0 50.0 50.0 50.0 50.0 50.0 50.0 50.0 50.0 50.0 50.0 50.0 50.0 50.0 50.0 50.0 50.0 50.0 50.0 50.0 50.0 50.0 50.0 50.0 50.0 50.0 50.0 50.0 50.0 50.0 50.0 50.0 50.0 50.0 50.0 50.0 49.9 49.9 49.9 50.0 49.9 50.0 50.0 50.0 50.0 50.0 50.0 50.0 50.0 50.0 50.0 50.0 50.0 50.0 50.0 50.0 50.0 50.0 50.0 50.0 50.0 50.0 50.0 50.0 50.0 50.0 50.0 50.0 50.0 50.0 50.0 50.0 50.0 50.0 50.0 50.0 50.0 50.0 50.0 50.0 50.0 50.0 50.0 50.0 50.0 50.0 50.0 50.0 50.0 50.0 50.0 50.0 50.0 50.0 50.0 50.0 50.0 50.0 50.0 50.0 50.0 50.0 50.0 50.0 50.0 50.0 50.0 50.0 50.0 50.0 50.0 50.0 50.0 50.0 50.0 50.0 50.0 50.0 50.0 50.0 50.0 50.0 50.0 50.0 50.0 50.0 50.0 50.0 50.0 50.0 50.0 50.0 50.0 50.0 50.0 
# name: reacPower
# type: matrix
# rows: 1
# columns: 359
 0.0 0.0 0.0 11.344 11.032 11.136 11.136 11.136 11.032 11.136 11.136 11.136 11.032 11.032 11.136 11.136 11.032 11.032 11.032 11.136 11.136 11.136 11.136 11.136 11.136 11.136 11.136 11.136 11.136 11.136 11.24 11.136 11.136 11.136 11.24 11.24 11.136 11.136 11.136 11.032 11.032 11.032 11.032 11.136 11.032 11.136 11.136 11.136 11.136 11.136 11.032 11.136 11.136 11.136 11.136 11.24 11.344 11.344 11.344 11.24 11.24 11.24 11.24 11.136 11.136 11.032 11.032 11.032 10.928 10.928 10.928 10.928 11.032 11.032 10.928 10.824 10.824 10.824 10.824 10.824 10.824 10.824 10.824 10.824 10.824 10.824 10.824 10.824 10.72 10.824 10.824 10.824 10.824 10.824 10.824 10.72 10.824 10.824 10.824 10.928 10.928 10.928 10.824 10.928 10.928 10.928 10.824 10.928 10.928 10.824 10.824 10.824 10.928 10.824 10.824 10.824 10.824 10.824 10.824 10.824 10.72 10.72 10.824 10.824 10.824 10.72 10.72 10.72 10.72 10.72 10.72 10.72 10.72 10.72 10.72 10.72 10.72 10.72 10.72 10.824 10.824 10.824 10.824 10.928 10.824 10.824 10.824 10.824 10.824 10.824 10.824 10.824 10.824 10.824 10.72 10.512 10.512 10.824 10.616 10.616 11.136 10.512 10.512 10.512 10.72 10.72 10.72 10.72 10.72 10.824 10.824 10.824 10.824 10.824 10.824 10.928 10.824 10.824 10.824 10.824 10.824 10.824 10.824 10.824 10.928 10.928 10.928 11.032 11.032 10.928 11.032 10.928 11.032 10.928 10.928 10.928 11.032 11.032 10.928 10.824 10.928 10.928 10.824 10.824 10.824 10.824 10.824 10.824 10.824 10.824 10.824 10.824 10.824 10.824 10.824 10.928 10.928 10.928 10.928 10.928 11.032 11.032 11.136 11.032 11.032 11.032 11.136 11.032 11.136 11.136 11.136 11.136 11.136 11.136 11.136 11.136 11.136 11.136 11.032 11.032 11.032 10.928 10.928 10.928 10.928 10.928 11.032 10.928 10.928 10.928 10.928 10.928 10.928 11.032 11.032 11.136 11.448 10.928 11.032 10.928 10.928 11.032 11.032 11.032 11.032 11.032 11.032 11.032 11.032 11.032 11.032 11.032 11.032 11.032 11.032 11.032 11.032 11.032 10.928 10.928 10.928 10.824 10.928 10.928 10.928 10.928 10.928 10.928 10.928 10.928 10.928 10.928 11.032 10.928 10.928 10.928 10.928 10.928 10.928 10.928 10.928 10.928 10.928 10.928 10.928 10.928 11.032 10.928 11.032 11.032 11.032 11.032 11.032 11.032 11.032 11.136 11.136 11.136 11.136 11.136 11.136 11.136 11.136 11.136 11.136 11.136 11.136 11.136 11.136 11.136 11.136 11.136 11.136 11.136 11.032 11.136 11.032 11.032 10.928 11.032 11.032 11.032 11.032 11.032 10.928 11.032 10.928 10.928 11.032 11.032 11.032 10.928 11.032 11.136 11.136 11.136 11.136 11.136 11.032 
# name: power
# type: matrix
# rows: 1
# columns: 359
 0.0 0.0 0.0 3.226 8.742 8.43 8.534 8.534 8.534 8.534 8.534 8.534 8.534 8.534 8.534 8.534 8.534 8.534 8.534 8.534 8.534 8.534 8.534 8.534 8.638 8.638 8.534 8.534 8.638 8.534 8.638 8.534 8.534 8.638 8.638 8.638 8.638 8.534 8.534 8.534 8.534 8.534 8.534 8.534 8.534 8.534 8.534 8.534 8.534 8.534 8.534 8.534 8.534 8.534 8.534 8.638 8.638 8.638 8.638 8.638 8.638 8.638 8.638 8.638 8.534 8.534 8.534 8.534 8.534 8.534 8.534 8.534 8.534 8.534 8.534 8.534 8.534 8.534 8.43 8.43 8.534 8.43 8.534 8.43 8.43 8.43 8.43 8.43 8.43 8.534 8.43 8.43 8.43 8.43 8.43 8.43 8.43 8.534 8.534 8.534 8.534 8.534 8.43 8.534 8.534 8.534 8.43 8.534 8.534 8.534 8.43 8.43 8.534 8.43 8.534 8.534 8.534 8.43 8.43 8.43 8.43 8.43 8.534 8.43 8.43 8.43 8.43 8.43 8.43 8.43 8.43 8.43 8.43 8.43 8.43 8.43 8.43 8.43 8.43 8.43 8.43 8.534 8.43 8.534 8.534 8.43 8.43 8.43 8.43 8.534 8.534 8.534 8.534 8.534 9.575 11.032 11.032 9.054 9.783 9.783 3.226 11.136 11.032 11.032 9.575 9.575 9.575 9.575 9.575 9.575 9.575 9.575 9.575 9.575 9.575 9.575 9.575 9.575 9.575 9.575 9.575 9.575 9.575 9.575 9.575 9.575 9.575 9.679 9.679 9.679 9.679 9.679 9.679 9.679 9.679 9.679 9.679 9.679 9.575 9.575 9.679 9.679 9.575 9.575 9.575 9.575 9.575 9.575 9.575 9.575 9.575 9.575 9.575 9.575 9.575 9.679 9.575 9.679 9.679 9.679 9.679 9.679 9.679 9.679 9.679 9.679 9.679 9.679 9.679 9.679 9.679 9.679 9.679 9.679 9.679 9.679 9.679 9.679 9.679 9.679 9.679 9.679 9.679 9.679 9.679 9.679 9.679 9.679 9.575 9.679 9.679 9.679 9.679 9.679 9.679 8.534 3.226 9.679 9.679 8.742 9.575 9.575 8.326 9.575 9.575 9.679 9.679 9.575 9.679 9.575 9.679 9.575 9.575 9.575 9.575 9.575 9.575 9.575 9.575 9.575 9.575 9.575 9.575 9.575 9.575 9.575 9.575 9.575 9.575 9.575 9.575 9.575 9.575 9.575 9.575 9.575 9.575 9.575 9.575 9.575 9.575 9.575 9.575 9.575 9.575 9.575 9.575 9.575 9.575 9.575 9.575 9.575 9.575 9.575 9.575 9.679 9.575 9.575 9.575 9.679 9.679 9.679 9.679 9.575 9.575 9.679 9.679 9.575 9.575 9.679 9.575 9.679 9.575 9.575 9.575 9.575 9.575 9.575 9.575 9.575 9.575 9.575 9.575 9.575 9.575 9.575 9.575 9.575 9.575 9.575 9.575 9.575 9.575 9.575 9.575 9.575 9.575 9.575 9.575 
