# name: phAngle
# type: matrix
# rows: 1
# columns: 348
 273 274 274 274 273 274 273 274 274 274 273 273 274 274 274 274 274 274 274 274 274 273 274 274 274 273 274 274 274 274 274 274 274 274 274 274 273 273 274 274 274 274 273 274 273 274 274 274 274 273 274 274 274 274 273 273 276 274 276 323 323 329 329 329 329 329 329 329 329 329 329 329 329 329 329 329 329 329 329 329 329 329 329 329 329 329 329 329 329 329 329 329 329 329 329 329 329 329 329 329 329 329 329 329 329 329 329 329 329 329 329 329 329 329 329 329 329 329 329 329 329 329 329 329 329 329 329 329 329 329 329 329 329 329 329 329 329 329 329 329 329 329 329 329 329 329 329 329 329 329 329 329 329 329 329 329 329 329 329 329 329 329 329 329 329 329 329 329 329 329 329 329 329 329 329 329 329 329 329 329 329 329 329 329 329 329 329 329 329 329 329 329 329 329 329 329 329 329 323 329 329 329 329 329 329 329 329 329 329 329 329 329 329 329 329 329 329 323 329 329 329 329 329 329 329 323 329 329 323 329 323 329 329 329 329 329 329 329 329 329 329 329 329 329 329 329 329 329 329 329 329 323 315 315 315 315 315 315 273 273 273 273 273 273 273 273 273 273 273 273 273 273 273 273 273 273 273 273 273 273 273 273 273 273 273 273 273 273 273 273 273 273 273 273 273 273 273 273 273 273 273 273 273 273 273 273 273 273 273 273 273 273 273 273 273 273 273 273 273 273 273 273 273 273 273 273 273 273 273 273 273 273 273 273 273 273 273 273 273 273 273 273 273 273 273 273 273 273 
# name: freq
# type: matrix
# rows: 1
# columns: 348
 50.0 50.0 50.0 50.0 50.0 50.0 50.0 50.0 50.0 50.0 50.0 50.0 50.0 50.0 50.0 50.0 50.0 50.0 50.0 50.0 50.0 50.0 50.0 50.0 50.0 50.0 50.0 50.0 50.0 50.0 50.0 50.0 50.0 50.0 50.0 50.0 50.0 50.0 50.0 50.0 50.0 50.0 50.0 50.0 50.0 50.0 50.0 50.0 50.0 50.0 50.0 50.0 50.0 50.0 50.0 50.0 50.0 50.0 50.0 50.0 50.0 50.0 50.0 50.0 50.0 50.0 50.0 50.0 50.0 50.0 50.0 50.0 50.0 50.0 50.0 50.0 50.0 50.0 50.0 50.0 50.0 50.0 50.0 50.0 50.0 50.0 50.0 50.0 50.0 50.0 50.0 50.0 50.0 50.0 50.0 50.0 50.0 50.0 50.0 50.0 50.0 50.0 50.0 50.0 50.0 50.0 50.0 50.0 50.0 50.0 50.0 50.0 50.0 50.0 50.0 50.0 50.0 50.0 50.0 50.0 50.0 50.0 50.0 50.0 50.0 50.0 50.0 50.0 50.0 50.0 50.0 50.0 50.0 50.0 50.0 50.0 50.0 50.0 50.0 50.0 50.0 50.0 50.0 50.1 50.0 50.0 50.0 50.0 50.0 50.1 50.1 50.1 50.1 50.0 50.1 50.1 50.1 50.1 50.1 50.1 50.1 50.1 50.1 50.1 50.0 50.1 50.1 50.1 50.1 50.1 50.0 50.1 50.1 50.1 50.1 50.1 50.1 50.1 50.1 50.1 50.1 50.1 50.1 50.1 50.1 50.1 50.1 50.1 50.0 50.1 50.0 50.0 50.0 50.0 50.0 50.0 50.0 50.0 50.0 50.0 50.0 50.0 50.0 50.0 50.0 50.0 50.0 50.0 50.0 50.0 50.0 50.0 50.0 50.0 50.0 50.0 50.0 50.0 50.0 50.0 50.0 50.0 50.0 50.0 50.0 50.0 50.0 50.0 50.0 50.0 50.0 50.0 50.0 50.0 50.0 50.0 50.0 50.0 50.0 50.0 50.0 50.0 50.0 50.0 50.0 50.0 50.0 50.0 50.0 50.0 50.0 50.0 50.0 50.0 50.0 50.0 50.0 50.0 50.0 50.0 50.0 50.0 50.0 50.0 50.0 50.0 50.0 50.0 50.0 50.0 50.0 50.0 50.0 50.0 50.0 50.0 50.0 50.0 50.0 50.0 50.0 50.0 50.0 50.0 50.0 50.0 50.0 50.0 50.0 50.0 50.0 50.0 50.0 50.0 50.0 50.0 50.0 50.0 50.0 50.0 50.0 50.0 50.0 50.0 50.0 50.0 50.0 50.0 50.0 50.0 50.0 50.0 50.0 50.0 50.0 50.0 50.0 50.0 50.0 50.0 50.0 50.0 50.0 50.0 50.0 50.0 50.0 50.0 50.0 50.0 50.0 50.0 50.0 50.0 50.0 50.0 50.0 50.0 50.0 50.0 50.0 50.0 50.0 50.0 50.0 50.0 50.0 50.0 
# name: reacPower
# type: matrix
# rows: 1
# columns: 348
 -7.285 -7.285 -7.285 -7.285 -7.285 -7.285 -7.285 -7.285 -7.285 -7.285 -7.285 -7.285 -7.285 -7.285 -7.285 -7.285 -7.285 -7.285 -7.181 -7.285 -7.285 -7.285 -7.285 -7.181 -7.285 -7.181 -7.285 -7.285 -7.181 -7.285 -7.285 -7.181 -7.181 -7.285 -7.285 -7.181 -7.285 -7.285 -7.181 -7.285 -7.285 -7.181 -7.285 -7.285 -7.285 -7.181 -7.285 -7.285 -7.181 -7.285 -7.285 -7.181 -7.285 -7.285 -7.285 -7.181 -7.181 -7.285 -7.077 -6.244 -6.244 -6.348 -6.348 -6.348 -6.348 -6.452 -6.348 -6.348 -6.452 -6.348 -6.348 -6.348 -6.348 -6.348 -6.348 -6.348 -6.452 -6.661 -6.452 -6.348 -6.452 -6.348 -6.348 -6.348 -6.348 -6.348 -6.348 -6.348 -6.348 -6.348 -6.348 -6.348 -6.244 -6.348 -6.244 -6.348 -6.244 -6.244 -6.348 -6.348 -6.348 -6.348 -6.348 -6.244 -6.244 -6.348 -6.244 -6.348 -6.348 -6.348 -6.348 -6.348 -6.348 -6.348 -6.348 -6.348 -6.348 -6.348 -6.452 -6.452 -7.077 -6.348 -6.348 -6.244 -6.348 -6.348 -6.557 -6.244 -6.348 -6.557 -6.348 -6.348 -6.452 -6.348 -6.348 -6.452 -6.348 -6.557 -6.557 -6.244 -6.452 -6.244 -6.765 -6.244 -6.244 -6.244 -6.348 -6.348 -6.348 -6.348 -6.244 -6.244 -6.348 -6.557 -6.244 -6.244 -6.348 -6.348 -6.244 -6.244 -6.244 -6.244 -6.452 -6.452 -6.348 -6.348 -6.348 -6.348 -6.244 -6.348 -6.348 -6.348 -6.452 -6.14 -6.452 -6.348 -6.348 -6.348 -6.452 -6.765 -6.765 -6.348 -6.348 -6.348 -6.452 -6.348 -6.348 -6.348 -6.348 -6.348 -6.348 -6.452 -6.348 -6.348 -6.244 -6.244 -6.14 -6.452 -6.244 -6.14 -6.244 -6.244 -6.14 -6.14 -6.244 -6.244 -6.452 -6.244 -6.244 -6.244 -6.244 -6.244 -6.244 -6.244 -6.244 -6.244 -6.036 -6.14 -6.14 -6.244 -6.14 -6.244 -6.244 -6.244 -6.244 -6.244 -6.244 -6.244 -6.244 -6.244 -6.557 -6.14 -6.14 -6.452 -6.14 -6.14 -6.14 -6.244 -6.244 -6.244 -6.244 -6.244 -6.244 -6.244 -6.348 -6.348 -6.348 -6.244 -6.348 -6.348 -6.452 -6.452 -6.348 -6.348 -6.348 -6.348 -6.348 -6.452 -7.285 -7.285 -7.285 -7.285 -7.285 -7.285 -7.285 -7.285 -7.285 -7.285 -7.285 -7.285 -7.285 -7.285 -7.285 -7.285 -7.285 -7.285 -7.285 -7.285 -7.285 -7.285 -7.285 -7.285 -7.285 -7.285 -7.285 -7.285 -7.285 -7.285 -7.285 -7.285 -7.285 -7.285 -7.285 -7.285 -7.285 -7.285 -7.285 -7.285 -7.285 -7.285 -7.285 -7.285 -7.285 -7.285 -7.285 -7.285 -7.285 -7.285 -7.285 -7.285 -7.285 -7.285 -7.285 -7.285 -7.285 -7.285 -7.285 -7.285 -7.285 -7.285 -7.285 -7.285 -7.285 -7.285 -7.285 -7.285 -7.285 -7.285 -7.285 -7.285 -7.285 -7.285 -7.285 -7.285 -7.285 -7.285 -7.285 -7.285 -7.285 -7.285 -7.285 -7.285 -7.285 -7.285 -7.285 -7.285 -7.285 -7.285 
# name: power
# type: matrix
# rows: 1
# columns: 348
 0.416 0.416 0.416 0.416 0.416 0.416 0.416 0.416 0.416 0.416 0.416 0.416 0.416 0.416 0.416 0.416 0.416 0.416 0.416 0.416 0.416 0.416 0.416 0.416 0.416 0.416 0.416 0.416 0.416 0.416 0.416 0.416 0.416 0.416 0.416 0.416 0.416 0.416 0.416 0.416 0.416 0.416 0.416 0.416 0.416 0.416 0.416 0.416 0.416 0.416 0.416 0.416 0.416 0.416 0.416 0.416 0.624 0.416 0.728 7.91 9.679 10.407 10.407 10.407 10.303 10.512 10.303 10.407 10.303 10.303 10.199 10.303 10.303 10.303 10.199 10.199 10.199 10.095 10.199 10.095 10.095 10.199 10.199 10.095 10.199 10.095 10.095 10.095 10.095 10.199 10.095 10.199 10.199 10.512 10.199 10.095 10.199 10.199 10.199 10.095 10.199 10.199 10.095 10.199 9.991 10.095 10.199 10.199 10.095 10.095 10.095 10.199 9.991 9.991 10.407 10.095 10.199 9.991 9.991 10.095 10.095 10.407 10.095 10.095 9.991 9.991 10.095 10.095 10.303 10.095 9.991 10.095 9.991 9.991 9.991 9.991 10.095 10.095 10.095 10.095 9.991 10.095 10.095 10.095 10.095 10.095 9.991 9.991 10.199 9.991 9.991 10.095 9.991 10.199 10.095 10.407 10.095 9.991 10.095 9.991 9.991 10.095 10.095 10.095 9.991 10.095 9.991 9.887 9.991 10.095 10.095 9.991 9.991 9.991 9.991 9.991 9.991 9.991 9.991 9.887 9.991 9.991 9.887 9.887 9.991 9.991 9.991 10.095 9.991 9.991 9.991 9.887 10.095 9.991 10.095 10.407 9.887 9.991 9.887 10.095 9.887 9.991 9.991 9.991 9.887 10.095 9.991 9.991 10.303 9.887 9.991 9.991 9.991 10.095 10.095 9.887 9.991 9.887 9.887 9.887 9.887 9.991 9.991 9.991 9.991 9.783 9.991 9.991 9.887 9.887 9.887 9.991 9.887 9.991 9.887 9.991 9.887 9.991 10.199 9.991 10.095 9.887 9.991 9.991 10.199 9.991 9.991 9.991 10.095 9.991 10.095 7.91 6.452 6.557 6.557 7.389 6.348 6.348 0.312 0.312 0.312 0.312 0.312 0.312 0.312 0.312 0.312 0.312 0.312 0.312 0.312 0.416 0.312 0.312 0.312 0.416 0.312 0.312 0.416 0.312 0.312 0.312 0.312 0.312 0.416 0.312 0.416 0.312 0.312 0.416 0.312 0.416 0.416 0.312 0.312 0.312 0.416 0.416 0.416 0.416 0.416 0.416 0.312 0.416 0.416 0.416 0.416 0.416 0.416 0.312 0.416 0.312 0.312 0.312 0.416 0.416 0.416 0.416 0.312 0.312 0.416 0.416 0.416 0.312 0.416 0.416 0.416 0.416 0.312 0.416 0.312 0.416 0.416 0.312 0.416 0.416 0.416 0.416 0.416 0.416 0.416 0.416 0.416 0.312 0.312 0.416 0.416 0.416 
