# name: phAngle
# type: matrix
# rows: 1
# columns: 358
 34 34 34 34 34 34 34 34 34 34 34 34 34 34 34 34 34 34 34 34 34 34 34 34 34 34 34 34 34 34 34 34 34 63 63 63 63 63 63 63 63 63 63 63 63 63 63 63 63 63 63 63 63 63 63 63 63 63 63 63 63 63 63 63 63 63 63 63 63 63 63 63 63 63 63 63 63 63 63 63 63 63 63 63 63 63 63 63 63 63 63 63 63 63 63 63 63 45 90 90 90 90 90 90 90 90 90 90 90 90 90 90 90 90 90 90 90 90 90 90 90 90 90 90 90 90 90 90 90 90 90 90 90 90 90 90 90 90 90 90 90 90 90 90 90 90 90 90 90 90 90 90 90 90 90 90 90 90 90 90 90 90 90 90 90 90 90 90 90 90 90 90 90 90 90 90 90 90 90 90 90 90 90 90 90 45 63 34 34 34 34 34 34 34 34 34 34 34 34 34 34 34 34 34 34 34 34 34 34 34 34 34 34 34 34 34 34 34 34 34 34 34 34 34 34 34 34 34 34 34 34 34 34 34 34 34 34 34 34 34 34 34 34 34 34 34 34 34 34 34 34 34 34 34 34 34 34 34 34 34 34 34 34 34 34 34 34 34 34 34 34 34 34 34 34 34 34 34 34 34 34 34 34 34 34 34 34 34 34 34 34 34 34 34 34 34 34 34 34 34 34 34 34 34 34 34 34 34 34 34 34 34 34 34 34 34 34 34 34 34 34 34 34 34 34 34 34 34 34 34 34 34 34 34 34 34 34 34 34 34 34 34 34 34 34 34 34 34 34 34 34 34 34 34 34 34 34 34 
# name: freq
# type: matrix
# rows: 1
# columns: 358
 50.0 50.0 50.0 50.0 50.0 50.0 50.0 50.0 50.0 50.0 50.0 50.0 50.0 50.0 50.0 50.0 50.0 50.0 50.0 50.0 50.0 50.0 50.0 50.0 50.0 50.0 50.0 50.0 50.0 50.0 50.0 50.0 50.0 50.0 50.0 50.0 50.0 50.0 50.0 50.0 50.0 50.0 50.0 50.0 50.0 50.0 50.0 50.0 50.0 50.0 50.0 50.0 50.0 50.0 50.0 50.0 50.0 50.0 50.0 50.0 50.0 50.0 50.0 50.0 50.0 50.0 50.0 50.0 50.0 50.0 50.0 50.0 50.0 50.0 50.0 50.0 50.0 50.0 50.0 50.0 50.0 50.0 50.0 50.0 50.0 50.0 50.0 50.0 50.0 50.0 50.0 50.0 50.0 50.0 50.0 50.0 50.0 50.0 50.0 50.0 49.9 50.0 50.0 50.0 50.0 50.0 50.0 50.0 50.0 50.0 50.0 50.0 50.0 50.0 50.0 50.0 50.0 50.0 50.0 50.0 50.0 50.0 50.0 50.0 50.0 50.0 50.0 50.0 50.0 50.0 50.0 50.0 50.0 50.0 50.0 50.0 50.0 50.0 50.0 50.0 50.0 50.0 50.0 50.0 50.0 50.0 50.0 50.0 50.0 50.0 50.0 50.0 50.0 50.0 50.0 50.0 50.0 50.0 50.0 50.0 50.0 50.0 50.0 50.0 50.0 50.0 50.0 50.0 50.0 50.0 50.0 50.0 50.0 50.0 50.0 50.0 50.0 50.0 50.0 50.0 50.0 50.0 50.0 50.0 50.0 50.0 50.0 50.0 50.0 50.0 50.0 50.0 50.0 50.0 50.0 49.9 50.0 50.0 50.0 50.0 50.0 50.0 50.0 50.0 50.0 50.0 50.0 50.0 50.0 49.9 50.0 50.0 50.0 49.9 50.0 50.0 50.0 50.0 50.0 50.0 50.0 50.0 50.0 50.0 50.0 49.9 50.0 50.0 49.9 50.0 50.0 50.0 50.0 50.0 49.9 50.0 50.0 50.0 50.0 50.0 50.0 50.0 50.0 50.0 50.0 50.0 50.0 49.9 50.0 49.9 50.0 50.0 50.0 50.0 50.0 49.9 49.9 49.9 50.0 50.0 50.0 50.0 50.0 49.9 49.9 50.0 50.0 50.0 50.0 50.0 50.0 50.0 50.0 50.0 50.0 50.0 50.0 50.0 50.0 50.0 50.0 50.0 50.0 50.0 50.0 50.0 50.0 50.0 50.0 50.0 50.0 50.0 50.0 50.0 50.0 50.0 50.0 50.0 50.0 50.0 50.0 50.0 50.0 50.0 50.0 50.0 50.0 50.0 50.0 50.0 50.0 50.0 50.0 50.0 50.0 50.0 50.0 50.0 50.0 50.0 50.0 50.0 50.0 50.0 50.0 50.0 50.0 50.0 50.0 50.0 50.1 50.0 50.1 50.1 50.1 50.1 50.0 50.0 50.0 50.1 50.1 50.0 50.0 50.1 50.1 50.0 50.0 50.0 50.0 50.0 50.0 50.0 50.0 50.0 50.0 50.0 50.0 50.0 
# name: reacPower
# type: matrix
# rows: 1
# columns: 358
 4.371 4.371 4.371 4.371 4.371 4.371 4.371 4.267 4.371 4.371 4.371 4.371 4.371 4.475 4.371 4.371 4.475 4.371 4.475 4.475 4.475 4.371 4.371 4.267 4.371 4.371 4.371 4.371 4.371 4.475 4.475 4.475 4.475 4.267 4.371 4.267 4.371 4.267 4.371 4.267 4.267 4.163 4.267 4.163 4.267 4.163 4.267 4.163 4.267 4.163 4.267 4.267 4.267 4.267 4.267 4.267 4.267 4.163 4.267 4.163 4.267 4.267 4.059 3.955 4.267 4.163 4.267 4.059 4.163 4.059 4.267 4.163 4.267 4.059 4.163 4.163 4.163 4.059 4.163 4.163 4.163 4.163 4.163 4.163 4.163 4.163 4.163 4.163 4.163 4.163 4.163 4.163 4.163 4.163 4.163 4.163 4.163 4.267 4.059 4.059 4.059 4.059 4.059 4.059 4.059 4.059 4.163 4.059 4.163 4.059 4.059 4.059 4.059 4.059 4.059 4.059 4.059 4.059 3.955 3.955 4.163 4.059 4.059 4.163 4.059 4.163 4.059 4.059 4.163 4.163 4.059 4.163 4.059 4.163 4.059 4.163 4.059 4.163 4.059 4.163 4.059 4.163 4.059 4.163 4.059 4.163 4.059 4.163 4.059 4.163 4.059 4.059 4.059 4.163 4.059 4.059 4.059 4.059 4.163 4.059 4.059 4.059 4.059 4.059 4.163 4.059 4.059 3.955 4.059 3.955 4.267 4.163 4.163 4.163 4.267 4.267 4.267 4.267 4.267 4.267 4.371 4.267 4.267 4.267 4.267 4.475 4.371 4.475 4.475 4.475 4.475 4.475 4.475 4.475 4.579 4.475 4.579 4.475 4.475 4.475 4.579 4.475 4.475 4.475 4.475 4.475 4.475 4.371 4.475 4.371 4.371 4.371 4.475 4.371 4.475 4.475 4.475 4.475 4.475 4.475 4.475 4.475 4.475 4.371 4.475 4.267 4.371 4.475 4.475 4.475 4.475 4.475 4.475 4.475 4.579 4.475 4.579 4.475 4.579 4.579 4.579 4.579 4.579 4.475 4.579 4.475 4.579 4.475 4.579 4.475 4.579 4.475 4.475 4.475 4.579 4.579 4.579 4.475 4.579 4.579 4.579 4.579 4.579 4.579 4.579 4.579 4.579 4.579 4.579 4.579 4.579 4.579 4.579 4.579 4.579 4.579 4.579 4.475 4.475 4.475 4.579 4.579 4.683 4.579 4.683 4.579 4.683 4.579 4.683 4.579 4.683 4.579 4.683 4.579 4.683 4.683 4.683 4.683 4.683 4.683 4.683 4.579 4.579 4.579 4.683 4.579 4.683 4.579 4.579 4.683 4.579 4.579 4.579 4.579 4.579 4.579 4.683 4.579 4.579 4.475 4.475 4.475 4.475 4.475 4.475 4.475 4.475 4.475 4.475 4.475 4.475 4.371 4.371 4.371 4.475 4.475 4.475 4.579 4.579 4.579 4.579 4.579 4.579 4.579 4.683 4.579 4.683 4.683 4.579 4.475 4.475 4.475 4.475 4.475 4.475 4.475 4.475 4.475 
# name: power
# type: matrix
# rows: 1
# columns: 358
 6.557 6.348 6.348 6.557 6.661 6.557 6.452 6.452 6.557 6.452 6.452 6.452 6.557 6.557 6.557 6.348 6.557 6.557 6.452 6.452 6.557 6.452 6.452 6.557 6.452 6.452 6.452 6.661 6.661 6.557 6.348 6.557 6.661 3.122 3.122 3.122 3.122 3.122 3.122 3.122 3.122 3.018 3.018 3.018 3.018 3.018 3.018 3.018 3.018 3.018 3.018 3.018 3.018 3.018 3.018 3.018 3.018 3.018 3.018 3.018 3.018 3.018 2.914 2.914 2.914 3.018 3.018 3.018 3.018 3.018 3.018 3.018 3.018 3.018 3.018 3.018 2.914 3.018 3.018 3.018 3.018 3.018 3.018 3.018 3.018 3.018 3.018 3.018 3.018 3.018 3.018 3.018 3.018 3.018 3.018 3.018 3.018 3.955 1.665 1.665 1.665 1.665 1.561 1.561 1.561 1.561 1.561 1.561 1.457 1.457 1.457 1.457 1.457 1.457 1.457 1.457 1.457 1.457 1.457 1.457 1.457 1.457 1.457 1.457 1.457 1.457 1.457 1.457 1.457 1.457 1.457 1.457 1.457 1.457 1.457 1.457 1.457 1.457 1.457 1.457 1.457 1.457 1.457 1.457 1.457 1.457 1.457 1.457 1.457 1.457 1.457 1.457 1.457 1.457 1.457 1.457 1.457 1.457 1.457 1.457 1.457 1.457 1.457 1.457 1.457 1.457 1.457 1.457 1.457 1.457 1.561 1.457 1.457 1.457 1.561 1.457 1.561 1.457 1.561 1.561 1.561 1.457 1.561 1.457 1.561 4.995 3.746 6.557 6.557 6.661 6.557 6.452 6.557 6.557 6.869 6.765 6.661 6.661 6.557 6.661 6.661 6.661 6.557 6.452 6.765 6.661 6.557 6.661 6.452 6.557 6.452 6.348 6.661 6.557 6.661 6.557 6.557 6.452 6.661 6.661 6.661 6.557 6.452 6.348 6.661 6.452 6.557 6.661 6.452 6.765 6.557 6.557 6.452 6.765 6.557 6.661 6.661 6.452 6.765 6.557 6.661 6.452 6.661 6.557 6.557 6.452 6.557 6.557 6.661 6.452 6.557 6.557 6.557 6.452 6.661 6.557 6.557 6.452 6.661 6.765 6.661 6.452 6.661 6.661 6.661 6.452 6.557 6.557 6.452 6.765 6.557 6.557 6.452 6.557 6.557 6.452 6.661 6.557 6.452 6.557 6.661 6.452 6.765 6.661 6.557 6.557 6.661 6.452 6.452 6.557 6.661 6.452 6.661 6.661 6.452 6.661 6.557 6.452 6.661 6.557 6.452 6.661 6.557 6.452 6.661 6.557 6.661 6.661 6.452 6.661 6.557 6.452 6.557 6.661 6.557 6.557 6.661 6.765 6.661 6.452 6.452 6.557 6.348 6.557 6.452 6.557 6.557 6.452 6.557 6.452 6.452 6.452 6.452 6.661 6.557 6.452 6.661 6.661 6.557 6.661 6.557 6.661 6.661 6.557 6.557 6.661 6.765 6.765 6.452 6.557 6.557 6.661 6.661 6.348 6.452 6.557 6.661 6.557 
