# name: phAngle
# type: matrix
# rows: 1
# columns: 359
 71 71 71 71 71 71 71 71 71 71 71 71 71 56 56 56 56 56 56 56 56 63 63 63 63 63 63 76 76 76 76 76 76 76 76 76 76 71 76 71 71 76 76 76 76 76 76 76 76 76 71 71 71 71 71 56 63 63 63 63 63 63 56 56 56 56 76 76 76 76 76 71 76 76 76 76 71 71 71 76 76 76 76 76 76 76 76 76 76 76 71 71 71 71 71 71 71 71 71 71 71 71 71 71 71 71 71 71 71 71 71 71 56 56 56 56 56 56 56 56 56 56 56 56 56 56 63 63 63 56 63 63 63 63 63 63 56 56 63 56 56 56 56 56 56 56 56 56 63 63 63 63 56 56 56 56 56 56 56 56 56 56 56 56 56 56 56 56 56 56 56 56 56 56 56 56 56 56 56 56 56 56 56 56 56 56 56 56 56 56 56 56 56 56 56 56 56 56 56 56 56 56 56 56 56 56 56 56 56 56 56 56 56 56 56 56 56 56 56 56 56 56 56 56 56 56 56 56 56 56 56 56 56 56 56 56 56 56 56 56 56 56 56 56 56 56 56 56 56 56 56 56 56 56 56 56 56 56 56 56 56 56 56 56 56 56 71 71 71 71 71 71 71 71 71 71 71 71 71 71 71 71 71 71 71 71 71 71 71 71 71 71 71 71 71 71 71 71 71 71 71 71 71 71 71 56 56 56 56 56 56 56 56 56 56 56 56 56 56 56 56 56 71 71 71 71 71 71 71 71 71 71 71 71 71 71 71 71 71 71 71 71 71 71 71 71 71 71 71 71 71 71 71 71 71 71 71 71 71 
# name: freq
# type: matrix
# rows: 1
# columns: 359
 50.0 50.0 50.0 50.0 50.0 50.0 50.0 50.0 50.0 50.0 50.0 50.0 50.0 50.0 50.0 50.0 50.0 50.0 50.0 50.0 50.0 50.0 50.0 50.0 50.0 50.0 50.0 50.0 50.0 50.0 50.0 50.0 50.0 50.0 50.0 50.0 50.0 50.0 50.0 50.0 50.0 50.0 50.0 50.0 50.0 50.0 50.0 50.0 50.0 50.0 50.0 50.0 50.0 50.0 50.0 50.0 50.0 50.0 50.0 50.0 50.0 50.0 50.0 50.0 50.0 50.0 50.0 50.0 50.0 50.0 50.0 50.0 50.0 50.0 50.0 50.0 50.0 50.0 50.0 50.0 50.0 50.0 50.0 50.0 50.0 50.0 50.0 50.0 50.0 50.0 50.0 50.0 50.0 50.0 50.0 50.0 50.0 50.0 50.0 50.0 50.1 50.0 50.0 50.0 50.0 50.0 50.0 50.0 50.0 50.0 50.0 50.0 50.0 50.0 50.0 50.0 50.0 50.0 50.0 50.0 50.0 50.0 50.0 50.0 50.0 50.0 50.0 50.0 50.0 50.0 50.0 50.0 50.0 50.0 50.0 50.0 50.0 50.0 49.9 50.0 50.0 50.0 50.0 50.0 50.0 50.0 50.0 50.0 50.0 50.0 50.0 50.0 50.0 50.0 50.0 50.0 50.0 50.0 50.0 50.0 50.0 50.0 50.0 50.0 50.0 50.0 50.0 50.0 50.0 50.0 50.0 50.0 50.0 50.0 50.0 50.0 50.0 50.0 50.0 50.0 50.0 50.0 50.0 50.0 50.1 50.0 50.0 50.0 50.0 50.0 50.0 50.0 50.0 50.0 50.0 50.0 50.0 50.1 50.0 50.0 50.0 50.0 50.0 50.0 50.0 50.0 50.0 50.0 50.0 50.0 50.0 50.0 50.0 50.0 50.0 50.0 50.0 50.0 50.0 50.0 50.0 50.0 50.0 50.0 50.0 50.0 50.0 50.0 50.0 50.0 50.0 50.0 50.0 50.0 50.0 50.0 50.0 50.0 50.0 50.0 50.0 50.0 50.0 50.0 50.0 50.0 50.0 50.0 50.0 50.0 50.0 50.0 50.0 50.0 50.0 50.0 50.0 50.0 50.0 50.0 50.0 50.0 50.0 50.0 50.0 50.0 50.0 50.0 50.0 50.0 50.0 50.0 50.0 50.0 50.0 50.0 50.0 50.0 50.0 50.0 50.0 50.0 50.0 50.0 50.0 50.0 50.0 50.0 50.0 50.0 50.0 50.0 50.0 50.0 50.0 50.0 50.0 50.0 50.0 50.0 50.0 50.0 50.0 50.0 50.0 50.0 50.0 50.0 50.0 50.0 50.0 50.0 50.0 50.0 50.0 50.0 50.0 50.0 50.0 50.0 50.0 50.0 50.0 50.0 50.0 50.0 50.0 50.0 50.0 50.0 50.0 50.0 50.0 50.0 50.0 50.0 50.0 50.0 50.0 50.0 50.0 50.0 50.0 50.0 50.0 50.0 50.0 50.0 50.0 50.0 50.0 50.0 50.0 50.0 50.0 50.0 50.0 50.0 50.0 
# name: reacPower
# type: matrix
# rows: 1
# columns: 359
 7.701 7.805 7.91 7.805 7.805 7.805 7.805 7.805 7.701 7.701 7.701 7.701 7.701 7.701 7.701 7.805 7.805 7.805 7.701 7.805 7.805 7.91 7.91 7.91 8.014 8.014 8.014 8.014 8.014 8.014 7.91 8.014 8.014 8.014 8.014 7.91 8.014 7.91 7.91 7.805 7.805 7.91 8.014 7.91 7.91 7.91 7.91 7.91 7.91 7.91 7.805 7.805 7.805 7.805 7.805 7.805 7.91 7.91 7.91 8.014 7.91 7.91 7.805 7.805 7.805 7.91 7.91 8.014 7.91 7.91 7.91 7.91 8.014 8.014 8.014 7.91 7.805 7.805 7.805 7.91 8.014 8.014 7.91 7.91 7.91 7.91 7.91 7.91 7.91 7.91 7.805 7.805 7.805 7.805 7.597 7.493 7.493 7.597 7.493 7.493 7.597 7.493 7.493 7.493 7.597 7.597 7.701 7.701 7.701 7.597 7.493 7.597 7.493 7.597 7.701 7.701 7.701 7.701 7.701 7.701 7.701 7.701 7.701 7.805 7.805 7.805 7.91 8.014 7.91 7.91 7.91 7.91 7.91 7.91 7.91 7.91 7.91 7.91 7.91 7.805 7.701 7.805 7.91 7.805 7.805 7.805 7.805 7.91 7.91 7.91 7.91 7.91 7.701 7.701 7.701 7.597 7.597 7.493 7.493 7.493 7.389 7.389 7.389 7.493 7.493 7.493 7.493 7.493 7.493 7.493 7.597 7.597 7.493 7.701 7.701 7.701 7.701 7.597 7.493 7.805 7.805 7.805 7.805 7.805 7.805 7.91 7.805 7.701 7.805 7.701 7.701 7.597 7.701 7.701 7.701 7.701 7.805 7.701 7.701 7.701 7.805 7.701 7.701 7.701 7.701 7.597 7.597 7.597 7.597 7.597 7.597 7.701 7.701 7.701 7.597 7.597 7.597 7.701 7.597 7.701 7.701 7.597 7.597 7.597 7.701 7.597 7.597 7.597 7.597 7.493 7.597 7.701 7.701 7.701 7.701 7.597 7.701 7.597 7.597 7.493 7.597 7.597 7.597 7.493 7.493 7.493 7.597 7.597 7.597 7.701 7.701 7.701 7.701 7.701 7.701 7.701 7.701 7.701 7.701 7.805 7.805 7.701 7.701 7.701 7.701 7.805 7.701 7.701 7.805 7.701 7.597 7.701 7.597 7.597 7.597 7.701 7.701 7.701 7.597 7.701 7.701 7.701 7.701 7.701 7.701 7.701 7.701 7.701 7.805 7.701 7.701 7.701 7.701 7.701 7.805 7.701 7.701 7.597 7.701 7.701 7.701 7.701 7.701 7.701 7.597 7.597 7.701 7.597 7.597 7.701 7.597 7.701 7.597 7.701 7.701 7.701 7.701 7.701 7.597 7.597 7.701 7.597 7.597 7.493 7.597 7.493 7.493 7.493 7.493 7.493 7.389 7.493 7.389 7.389 7.493 7.493 7.493 7.493 7.597 7.597 7.597 7.493 7.597 7.701 7.701 7.701 7.701 7.701 7.701 7.701 7.701 7.701 7.597 7.597 7.597 7.597 7.597 7.597 7.597 
# name: power
# type: matrix
# rows: 1
# columns: 359
 3.746 3.85 3.85 3.85 3.85 3.85 3.85 3.85 3.85 3.85 3.85 3.85 3.85 4.371 4.163 4.163 4.163 4.163 4.163 4.163 4.163 4.163 4.163 4.163 4.163 4.267 4.163 3.85 3.85 3.85 3.85 3.85 3.85 3.85 3.85 3.85 3.85 3.85 3.85 3.85 3.85 3.85 3.85 3.85 3.85 3.85 3.85 3.85 3.85 3.85 3.85 3.85 3.85 3.85 3.85 4.267 4.267 4.267 4.267 4.371 4.267 4.371 4.267 4.267 4.267 3.955 3.85 3.85 3.85 3.85 3.85 3.85 3.85 3.85 3.85 3.85 3.85 3.85 3.85 3.85 3.85 3.85 3.85 3.85 3.85 3.85 3.85 3.85 3.85 3.85 3.85 3.85 3.85 3.85 3.746 3.746 3.746 3.746 3.746 3.746 3.85 3.746 3.746 3.746 3.746 3.746 3.85 3.85 3.746 3.746 3.746 3.746 4.267 4.163 4.371 4.371 4.163 4.267 4.267 4.267 4.371 4.267 4.163 4.163 4.163 5.412 5.412 5.412 5.412 5.412 5.412 5.412 5.412 5.412 5.412 5.412 5.412 5.412 5.412 5.412 5.412 5.412 5.412 5.412 5.412 5.412 5.412 5.412 5.412 5.412 5.412 5.412 5.412 5.412 5.412 5.412 5.412 5.308 5.308 5.308 5.308 5.308 5.308 5.308 5.308 5.308 5.308 5.308 5.308 5.308 5.308 5.308 5.308 5.412 5.412 5.412 5.308 5.308 5.308 5.412 5.412 5.412 5.412 5.412 5.412 5.412 5.412 5.412 5.412 5.412 5.412 5.412 5.412 5.412 5.412 5.412 5.412 5.412 5.412 5.412 5.412 5.412 5.412 5.412 5.412 5.412 5.308 5.308 5.308 5.412 5.412 5.412 5.412 5.412 5.308 5.412 5.412 5.412 5.412 5.412 5.412 5.412 5.412 5.412 5.412 5.308 5.412 5.308 5.308 4.995 4.163 4.163 4.163 4.163 4.163 4.163 4.163 4.163 4.163 4.163 4.163 4.163 4.163 4.163 4.163 4.163 4.163 4.163 4.163 4.163 4.163 4.163 4.163 4.163 4.163 4.163 4.163 4.163 4.163 4.163 4.163 4.163 4.163 4.163 4.163 4.163 3.85 3.85 3.85 3.746 3.746 3.746 3.746 3.85 3.85 3.85 3.85 3.85 3.746 3.85 3.85 3.85 3.85 3.746 3.85 3.85 3.85 3.746 3.85 3.85 3.85 3.85 3.85 3.746 3.85 3.746 3.746 3.746 3.85 3.85 3.85 3.85 3.85 3.746 3.85 5.412 5.308 4.163 4.163 4.163 4.163 4.163 4.163 4.163 4.163 4.163 4.163 4.163 4.163 4.163 4.163 4.163 3.746 3.746 3.746 3.746 3.746 3.746 3.746 3.746 3.746 3.746 3.746 3.746 3.746 3.746 3.746 3.746 3.746 3.746 3.746 3.746 3.746 3.85 3.85 3.85 3.85 3.85 3.85 3.746 3.85 3.746 3.746 3.746 3.746 3.746 3.746 3.85 3.746 
