# name: phAngle
# type: matrix
# rows: 1
# columns: 358
 79 79 79 79 79 79 79 79 79 79 79 79 79 79 79 79 79 79 79 79 79 79 79 79 79 79 79 79 79 79 79 51 68 79 79 79 79 79 79 79 79 79 79 79 79 79 79 79 79 79 79 51 51 51 51 51 51 51 51 51 51 51 51 51 51 51 51 51 51 51 51 51 51 51 45 51 51 51 51 68 51 51 51 51 51 51 51 51 51 51 51 51 51 51 51 51 51 51 51 51 51 51 51 51 51 51 51 51 51 51 51 51 51 51 51 51 51 51 51 51 51 51 51 51 51 51 51 51 51 51 51 51 51 51 51 51 51 51 51 51 51 51 51 51 51 51 51 51 51 51 51 51 51 51 51 51 51 51 51 51 51 51 51 51 51 51 51 51 51 51 51 51 51 51 51 51 51 51 51 51 51 51 51 51 51 51 51 51 51 51 51 51 51 51 51 51 51 51 51 51 51 51 51 51 51 51 51 51 51 51 51 51 51 51 51 51 51 51 51 51 51 51 51 51 51 51 51 51 51 51 51 51 51 51 51 51 51 51 51 51 51 51 51 51 51 51 79 79 79 79 79 79 79 79 79 79 79 79 79 79 79 79 79 79 79 79 79 79 79 79 79 79 79 79 79 79 79 79 79 45 51 51 51 51 51 51 51 51 51 51 51 51 51 51 51 51 51 51 51 51 51 51 51 51 51 51 51 51 51 51 51 51 51 51 51 51 51 51 51 51 51 51 51 51 51 51 51 51 51 51 51 51 51 51 51 51 51 51 51 51 51 51 51 51 51 51 51 51 51 51 51 51 51 51 0 0 0 0 
# name: freq
# type: matrix
# rows: 1
# columns: 358
 50.0 50.0 50.0 50.0 50.0 50.0 50.0 50.0 50.0 50.0 50.0 50.0 50.0 50.0 50.0 50.0 50.0 50.0 50.0 50.0 50.0 50.0 50.0 50.0 50.0 50.0 50.0 50.0 50.0 50.0 50.0 50.0 50.0 50.0 50.0 50.0 50.0 50.0 50.0 50.0 50.0 50.0 50.0 50.0 50.0 50.0 50.0 50.0 50.0 50.0 50.0 50.0 50.0 50.0 50.0 50.0 50.0 50.0 50.0 50.0 50.0 50.0 50.0 50.0 50.0 50.0 50.0 50.0 50.0 50.0 50.0 50.0 50.0 50.0 50.0 50.0 50.0 50.0 50.0 50.0 50.0 49.9 49.9 49.9 50.0 49.9 49.9 49.9 49.9 49.9 49.9 49.9 49.9 49.9 49.9 49.9 49.9 49.9 50.0 50.0 49.9 49.9 50.0 50.0 50.0 50.0 50.0 50.0 50.0 50.0 50.0 50.0 50.0 50.0 50.0 50.0 50.0 50.0 50.0 50.0 50.0 50.0 50.0 50.0 50.0 50.0 50.0 50.0 50.0 50.0 50.0 50.0 50.0 50.0 50.0 50.0 50.0 50.0 50.0 50.0 50.0 50.0 50.0 50.0 50.0 50.0 50.0 50.0 50.0 50.0 50.0 50.0 50.0 50.0 50.0 50.0 50.0 50.0 50.0 50.0 50.0 50.0 50.0 50.0 50.0 50.0 50.0 50.0 50.0 50.0 50.0 50.0 50.0 50.0 50.0 50.0 50.0 50.0 50.0 50.0 50.0 50.0 50.0 50.0 50.0 50.0 50.0 50.0 50.0 50.0 50.0 50.0 50.0 50.0 50.0 50.0 50.0 50.0 50.0 50.0 50.0 50.0 50.0 50.0 50.0 50.0 50.0 50.0 50.0 50.0 50.0 50.0 50.0 50.0 50.0 50.0 50.0 50.0 50.0 50.0 50.0 50.0 50.0 50.0 50.0 50.0 50.0 50.0 50.0 50.0 50.0 50.0 50.0 50.0 50.1 50.0 50.0 50.0 50.0 50.0 50.0 50.0 50.0 50.0 50.0 50.0 50.0 50.0 50.0 50.0 50.0 50.0 50.0 50.0 50.0 50.0 50.0 50.0 50.0 50.0 50.0 50.0 50.0 50.0 50.0 50.0 50.0 50.0 50.0 50.0 50.0 50.0 50.0 50.0 50.0 50.0 50.0 50.0 50.0 50.0 50.0 50.0 50.0 50.0 50.0 50.0 50.0 50.0 50.0 50.0 50.0 50.0 50.0 50.0 50.0 50.0 50.0 50.0 50.0 50.0 50.0 50.0 50.0 50.0 50.0 50.0 50.0 50.0 50.0 50.0 50.0 50.0 50.0 50.0 50.0 50.0 50.0 50.0 50.0 50.0 50.0 50.0 50.0 50.0 50.0 50.0 50.0 50.0 50.0 50.0 50.0 50.0 50.0 50.0 50.0 50.0 50.0 50.0 50.0 50.0 50.0 50.0 50.0 50.0 50.0 50.0 50.0 50.0 50.0 50.0 50.0 50.0 50.0 50.0 50.0 50.0 50.0 50.0 
# name: reacPower
# type: matrix
# rows: 1
# columns: 358
 11.136 11.136 11.136 11.136 11.136 11.136 11.136 11.136 11.032 11.032 11.136 11.136 11.136 11.032 11.136 11.032 11.032 11.032 11.032 11.032 10.928 10.928 11.032 11.032 10.928 10.928 11.136 11.136 11.136 11.136 11.032 10.824 10.928 11.032 11.032 10.928 10.928 10.928 11.032 11.136 10.928 10.928 10.928 10.928 10.72 10.824 10.928 10.928 10.824 10.928 10.928 10.824 10.72 10.824 10.824 10.928 10.824 10.824 10.824 10.824 10.824 10.824 10.824 10.824 10.824 10.72 10.824 10.824 10.824 10.72 10.616 10.616 10.616 10.512 10.303 10.616 10.616 10.616 10.512 10.72 10.303 10.303 10.407 10.407 10.407 10.303 10.407 10.407 10.407 10.407 10.407 10.512 10.512 10.512 10.407 10.512 10.512 10.407 10.407 10.512 10.407 10.407 10.407 10.407 10.303 10.407 10.407 10.407 10.303 10.303 10.303 10.303 10.303 10.303 10.303 10.303 10.303 10.407 10.407 10.407 10.407 10.512 10.512 10.512 10.512 10.616 10.512 10.512 10.512 10.407 10.407 10.407 10.407 10.407 10.407 10.407 10.407 10.407 10.303 10.407 10.407 10.407 10.407 10.512 10.512 10.512 10.512 10.407 10.407 10.512 10.512 10.616 10.616 10.512 10.512 10.512 10.512 10.512 10.616 10.512 10.512 10.512 10.512 10.512 10.616 10.616 10.512 10.512 10.616 10.616 10.616 10.616 10.616 10.616 10.616 10.616 10.616 10.616 10.616 10.616 10.616 10.616 10.72 10.72 10.72 10.72 10.72 10.616 10.72 10.72 10.72 10.72 10.72 10.824 10.72 10.72 10.824 10.824 10.824 10.72 10.72 10.72 10.824 10.824 10.72 10.72 10.824 10.72 10.72 10.72 10.72 10.72 10.72 10.72 10.824 10.72 10.72 10.72 10.72 10.72 10.72 10.72 10.72 10.72 10.616 10.616 10.616 10.616 10.616 10.616 10.616 10.616 10.616 10.512 10.616 10.616 10.616 10.616 10.616 10.616 10.512 10.616 10.616 10.616 10.72 10.824 11.136 11.136 11.032 11.136 11.136 11.032 11.136 11.136 11.032 11.136 11.032 11.032 11.032 11.136 11.032 11.032 11.136 11.136 11.136 11.136 11.24 11.136 11.136 11.24 11.136 11.136 11.136 11.136 11.24 11.24 11.24 11.24 11.24 10.824 11.032 11.032 11.032 11.032 11.032 11.032 11.032 11.032 11.032 11.032 11.032 11.032 11.032 11.032 11.032 11.032 10.928 10.928 11.032 11.032 11.032 11.032 11.136 11.136 11.136 11.136 11.136 11.032 11.032 11.032 11.032 11.032 11.032 10.928 10.928 10.928 10.928 10.928 11.032 11.032 10.928 10.928 11.032 11.032 11.032 10.928 10.928 11.032 11.032 11.032 11.032 11.136 11.136 11.136 11.136 11.136 11.24 11.24 11.136 11.136 11.136 11.136 11.136 11.136 11.136 11.032 11.136 11.136 11.136 11.136 11.032 11.032 11.136 11.032 0.0 0.0 0.0 0.0 
# name: power
# type: matrix
# rows: 1
# columns: 358
 3.122 3.122 3.122 3.122 3.122 3.122 3.122 3.122 3.122 3.122 3.122 3.226 3.122 3.122 3.122 3.122 3.122 3.122 3.122 3.122 3.122 3.122 3.122 3.122 3.122 3.122 3.122 3.122 3.122 3.122 3.122 8.326 4.163 3.122 3.122 3.122 3.122 3.122 3.122 3.122 3.122 3.122 3.122 3.122 3.122 3.122 3.122 3.122 3.122 3.122 3.122 8.43 8.43 8.43 8.43 8.534 8.43 8.43 8.43 8.43 8.43 8.43 8.43 8.43 8.43 8.43 8.43 8.43 8.43 8.43 8.43 8.326 8.326 8.326 10.303 8.326 8.43 8.326 8.326 4.163 9.575 9.471 9.471 9.471 9.471 9.471 9.471 9.471 9.471 9.471 9.471 9.575 9.575 9.575 9.471 9.471 9.575 9.471 9.471 9.575 9.471 9.471 9.471 9.471 9.471 9.471 9.471 9.471 9.471 9.471 9.471 9.471 9.471 9.471 9.471 9.471 9.471 9.471 9.471 9.471 9.471 9.575 9.575 9.575 9.575 9.575 9.471 9.471 9.575 9.471 9.471 9.471 9.471 9.471 9.471 9.471 9.471 9.471 9.471 9.471 9.471 9.471 9.471 9.575 9.471 9.471 9.471 9.471 9.471 9.471 9.471 9.471 9.471 9.471 9.471 9.471 9.471 9.471 9.471 9.471 9.471 9.471 9.471 9.471 9.575 9.575 9.471 9.575 9.471 9.575 9.575 9.471 9.471 9.575 9.575 9.575 9.575 9.471 9.575 9.575 9.471 9.471 9.575 9.575 9.575 9.575 9.575 9.575 9.575 9.575 9.575 9.575 9.575 9.575 9.575 9.575 9.575 9.575 9.575 9.575 9.575 9.575 9.575 9.575 9.575 9.471 9.575 9.575 9.575 9.575 9.575 9.575 9.575 9.575 9.575 9.575 9.575 9.575 9.575 9.575 9.575 9.575 9.575 9.575 9.471 9.471 9.471 9.471 9.471 9.471 9.471 9.471 9.471 9.471 9.471 9.471 9.471 9.471 9.471 9.471 9.471 9.471 9.471 9.471 9.471 8.014 3.122 3.122 3.122 3.122 3.122 3.122 3.122 3.122 3.122 3.122 3.122 3.122 3.122 3.122 3.122 3.122 3.122 3.122 3.122 3.122 3.122 3.122 3.122 3.122 3.122 3.122 3.226 3.122 3.226 3.226 3.122 3.122 3.226 9.679 8.534 8.534 8.534 8.534 8.534 8.638 8.638 8.534 8.638 8.534 8.638 8.638 8.638 8.534 8.534 8.534 8.534 8.534 8.638 8.638 8.638 8.638 8.638 8.638 8.638 8.638 8.638 8.638 8.638 8.534 8.534 8.534 8.638 8.534 8.534 8.534 8.534 8.534 8.638 8.534 8.534 8.534 8.534 8.534 8.638 8.534 8.534 8.638 8.638 8.534 8.534 8.638 8.638 8.638 8.638 8.638 8.638 8.638 8.638 8.638 8.638 8.638 8.638 8.638 8.638 8.534 8.638 8.638 8.638 8.638 8.534 8.638 8.638 8.638 0.0 0.0 0.0 0.0 
