# name: phAngle
# type: matrix
# rows: 1
# columns: 359
 34 34 34 34 34 34 34 34 34 34 34 34 34 34 34 34 34 34 34 34 34 34 34 34 34 34 34 34 34 34 34 34 34 34 34 34 34 34 34 34 36 34 36 36 36 34 36 36 34 36 34 36 34 36 34 34 34 34 34 34 36 34 36 34 36 36 36 34 36 34 34 36 34 36 36 36 34 34 34 34 36 34 36 36 36 34 34 34 34 36 34 36 34 36 34 34 36 36 36 34 34 36 34 36 36 36 34 34 36 34 36 34 34 34 34 36 34 36 34 34 36 36 36 34 34 36 36 36 34 34 36 34 34 34 34 36 34 36 34 34 36 36 36 34 34 36 34 34 36 34 34 34 60 60 60 60 60 60 60 60 60 60 60 60 60 60 60 60 60 60 60 60 60 60 60 60 60 60 60 60 60 60 60 60 60 60 60 60 60 60 60 60 60 60 60 60 60 60 60 60 60 39 39 34 36 36 34 36 36 36 36 34 36 36 36 36 34 36 34 36 36 36 36 34 36 34 36 36 36 36 36 36 34 36 34 36 34 36 36 36 36 36 36 36 36 36 36 36 36 34 36 34 36 34 36 34 36 34 36 34 36 34 34 34 34 34 34 34 34 34 36 34 34 34 34 36 34 36 34 34 36 36 34 34 36 34 36 36 36 36 36 34 36 36 34 36 34 34 34 34 34 34 34 34 36 34 34 34 34 36 34 34 34 36 34 34 36 34 34 34 34 34 34 36 36 36 34 34 36 34 34 34 34 36 34 34 34 34 34 34 34 34 34 34 34 34 34 34 34 34 34 34 34 34 34 34 34 34 36 
# name: freq
# type: matrix
# rows: 1
# columns: 359
 50.0 50.0 50.0 50.0 50.0 50.0 50.0 50.0 50.0 50.0 50.0 50.0 50.0 50.0 50.0 50.0 50.0 50.0 50.0 50.0 50.0 50.0 50.0 50.0 50.0 50.0 50.0 50.0 50.0 50.0 50.0 50.0 50.0 50.0 50.0 50.0 50.0 50.0 50.0 50.0 50.0 50.0 50.0 50.0 50.0 50.0 50.0 50.0 50.0 50.0 50.0 50.0 50.0 50.0 50.0 50.0 50.0 50.0 50.0 50.0 50.0 50.0 50.0 50.0 50.1 50.0 50.0 50.0 50.0 50.0 50.0 50.0 50.0 50.0 50.0 50.0 50.0 50.0 50.0 50.0 50.0 50.0 50.0 50.0 50.0 50.0 50.0 50.0 50.0 50.0 50.0 50.0 50.0 50.0 50.0 50.0 50.0 50.0 50.0 50.0 50.0 50.0 50.0 50.0 50.0 50.0 50.0 50.0 50.0 50.0 50.0 50.0 50.0 50.0 50.0 50.0 50.0 50.0 50.0 50.0 50.0 50.0 50.0 50.0 50.0 50.0 50.0 50.0 50.0 50.0 50.0 50.0 50.0 49.9 49.9 49.9 49.9 49.9 49.9 49.9 49.9 49.9 49.9 49.9 49.9 49.9 49.9 49.9 49.9 49.9 49.9 49.9 49.9 49.9 49.9 49.9 49.9 49.9 49.9 49.9 49.9 49.9 49.9 49.9 49.9 49.9 49.9 49.9 49.9 49.9 49.9 49.9 49.9 50.0 49.9 49.9 49.9 50.0 50.0 50.0 50.0 50.0 50.0 50.0 50.0 50.0 50.0 50.0 50.0 50.0 50.0 50.0 50.0 50.0 50.0 50.0 50.0 50.0 50.0 50.0 50.0 50.0 50.0 50.0 50.0 50.0 50.0 50.0 50.0 50.0 50.0 50.0 50.0 50.0 50.0 50.0 50.0 50.0 50.0 50.0 50.0 50.0 50.0 50.0 50.0 50.0 50.0 50.0 50.0 50.0 50.0 50.0 50.0 50.0 50.0 50.0 50.0 50.0 50.0 50.0 50.0 50.0 50.0 50.0 50.0 50.0 50.0 50.0 50.0 50.0 50.0 50.0 50.0 50.0 50.0 50.0 50.0 50.0 50.0 50.0 50.0 50.0 50.0 50.0 50.0 50.0 50.0 50.0 50.0 50.1 50.0 50.0 50.0 50.0 50.0 50.0 50.0 50.0 50.0 50.0 50.0 50.0 50.0 50.0 50.0 50.0 50.0 50.0 50.0 50.0 50.0 50.0 50.0 50.0 50.0 50.0 50.0 50.0 50.0 50.0 50.0 50.0 50.0 50.0 50.0 50.0 50.0 50.0 50.0 50.0 50.0 50.0 50.0 50.0 50.0 50.0 50.0 50.0 50.0 50.0 50.0 50.0 50.0 50.0 50.0 50.0 50.0 50.0 50.0 50.0 50.0 50.0 50.0 50.0 50.0 50.0 50.0 50.0 50.0 50.0 50.0 50.0 50.0 50.0 50.0 50.0 50.0 50.0 50.0 50.0 50.0 50.0 50.0 50.0 50.0 50.0 50.0 50.0 50.0 
# name: reacPower
# type: matrix
# rows: 1
# columns: 359
 16.548 16.548 16.652 16.548 16.444 16.548 16.548 16.548 16.548 16.548 16.548 16.548 16.548 16.548 16.548 16.548 16.548 16.548 16.548 16.548 16.548 16.548 16.548 16.444 16.548 16.548 16.34 16.444 16.548 16.548 16.548 16.548 16.444 16.444 16.444 16.444 16.236 16.444 16.34 16.444 16.444 16.444 16.548 16.548 16.548 16.444 16.34 16.444 16.444 16.444 16.444 16.34 16.34 16.444 16.444 16.444 16.444 16.548 16.548 16.444 16.548 16.548 16.444 16.444 16.132 16.236 16.548 16.444 16.444 16.444 16.548 16.548 16.548 16.444 16.444 16.444 16.444 16.548 16.444 16.444 16.444 16.444 16.444 16.444 16.34 16.444 16.548 16.444 16.548 16.548 16.548 16.548 16.548 16.548 16.444 16.444 16.444 16.444 16.444 16.548 16.444 16.444 16.444 16.444 16.444 16.444 16.444 16.444 16.34 16.444 16.34 16.444 16.444 16.444 16.548 16.444 16.548 16.444 16.548 16.548 16.548 16.444 16.444 16.444 16.444 16.548 16.548 16.548 16.548 16.548 16.652 16.652 16.652 16.652 16.652 16.652 16.652 16.548 16.548 16.548 16.548 16.652 16.548 16.548 16.652 16.548 16.548 16.548 16.548 16.548 16.444 16.444 15.611 15.611 15.611 15.611 15.611 15.611 15.611 15.611 15.611 15.611 15.611 15.611 15.716 15.716 15.716 15.611 15.716 15.716 15.716 15.716 15.611 15.716 15.716 15.716 15.716 15.611 15.716 15.716 15.716 15.611 15.716 15.716 15.716 15.716 15.716 15.716 15.299 15.299 15.299 15.299 15.299 15.299 15.299 15.299 15.299 15.299 15.299 15.299 15.299 16.132 16.028 16.132 16.132 16.028 16.236 16.236 16.236 16.236 16.132 16.236 16.132 16.236 16.236 16.132 16.236 16.132 16.236 16.132 16.132 15.924 15.924 16.236 16.236 16.236 16.236 16.236 16.028 16.028 16.028 16.028 16.132 16.132 16.132 16.236 16.132 16.236 16.236 16.236 16.236 16.236 16.236 16.236 15.924 16.236 16.236 16.236 16.652 16.652 16.652 16.756 16.756 16.756 16.756 16.756 16.756 16.86 16.86 16.86 16.86 16.756 16.756 16.86 16.86 16.86 16.86 16.86 16.86 16.86 16.86 16.86 16.86 16.652 16.652 16.548 16.548 16.86 16.965 16.965 16.86 16.756 16.86 16.444 16.444 16.34 16.444 16.444 16.444 16.444 16.548 16.548 16.548 16.548 16.548 16.548 16.548 16.965 16.965 16.965 16.965 16.965 16.965 16.965 16.86 16.86 16.965 16.965 16.965 16.86 16.86 16.756 16.86 16.86 16.86 16.86 16.86 16.34 16.756 16.756 16.86 16.86 16.86 16.756 16.86 16.86 16.86 16.756 16.86 16.86 16.756 16.756 16.756 16.86 16.86 16.86 16.86 16.86 16.86 16.86 16.756 16.86 16.86 16.86 16.86 16.86 16.86 16.965 16.965 16.965 16.965 17.069 16.965 16.965 16.965 16.965 17.069 16.965 16.86 
# name: power
# type: matrix
# rows: 1
# columns: 359
 23.834 23.834 23.834 23.834 23.834 23.834 23.834 23.834 23.834 23.938 23.834 23.834 23.938 23.834 23.834 23.834 23.834 23.834 23.834 23.834 23.834 23.834 23.834 23.834 23.834 23.834 23.834 23.834 23.834 23.834 23.834 23.834 23.834 23.834 23.834 23.834 23.73 23.834 23.73 23.834 23.626 23.834 23.73 23.417 23.73 23.73 23.626 23.73 23.73 23.626 23.834 23.522 23.834 23.417 23.834 23.938 23.73 24.146 23.73 23.938 23.522 23.834 23.834 23.73 23.834 24.042 23.626 23.938 24.042 23.73 24.042 23.522 23.938 23.417 23.626 23.73 23.834 23.834 23.834 24.042 23.626 23.938 23.417 23.626 23.73 23.938 23.834 23.73 24.042 23.522 23.834 23.73 23.938 23.522 23.834 23.938 23.522 23.626 23.73 23.938 24.042 23.626 23.834 23.73 23.626 23.522 23.73 24.042 23.522 23.834 23.626 23.834 23.73 23.73 23.938 23.417 23.834 23.522 23.834 24.042 23.522 23.626 23.522 23.834 23.938 23.522 23.73 23.626 23.834 24.042 23.522 23.73 23.73 23.938 24.042 23.522 23.73 23.626 23.834 23.938 23.417 23.73 23.626 23.834 24.042 23.522 23.938 23.834 23.73 23.834 23.73 23.834 8.326 8.326 8.326 8.326 8.326 8.326 8.326 8.326 8.326 8.326 8.326 8.326 8.326 8.326 8.326 8.326 8.326 8.326 8.326 8.326 8.326 8.326 8.326 8.326 8.326 8.326 8.326 8.326 8.326 8.326 8.326 8.326 8.326 8.326 8.326 8.326 8.222 8.222 8.222 8.222 8.222 8.222 8.222 8.222 8.222 8.222 8.222 8.222 8.222 13.53 20.503 24.458 23.417 23.209 23.73 23.626 23.417 23.522 23.417 23.834 23.626 23.417 23.522 23.313 23.73 23.522 23.834 23.73 23.522 23.626 23.313 23.834 23.626 23.834 23.73 23.522 23.417 23.209 23.626 23.313 23.73 23.417 23.938 23.73 23.73 23.73 23.522 23.522 23.626 23.522 23.626 23.626 23.313 23.626 23.417 23.73 23.522 23.938 23.626 23.938 23.626 23.938 23.626 23.938 23.626 23.938 23.73 23.938 23.522 23.834 23.834 23.834 23.834 23.938 23.834 23.834 23.73 24.042 23.73 23.938 24.146 23.73 24.042 23.417 23.73 23.626 23.834 23.834 23.73 23.626 23.938 23.834 23.626 23.834 23.417 23.73 23.626 23.522 23.626 23.73 23.73 23.73 23.938 23.522 23.73 23.938 23.73 23.73 23.938 24.25 23.834 24.042 23.626 23.73 23.834 24.042 24.146 23.73 23.938 23.834 23.73 23.626 23.834 24.146 23.626 23.938 23.834 23.938 23.834 23.834 24.042 23.522 23.73 23.73 23.938 24.042 23.626 23.834 23.73 23.938 24.042 23.73 23.834 23.834 24.042 24.146 23.73 23.834 23.73 24.042 24.146 23.73 23.938 23.834 24.042 24.146 23.834 24.042 23.938 24.042 24.25 23.73 23.938 23.834 24.042 24.25 23.73 
