# name: phAngle
# type: matrix
# rows: 1
# columns: 359
 63 63 63 63 63 63 63 63 63 63 63 63 63 63 63 63 63 63 63 63 63 63 63 63 63 63 63 63 63 63 63 63 63 63 63 63 63 63 63 63 63 63 63 63 63 63 63 63 63 63 63 63 63 63 63 63 63 63 63 63 63 63 63 63 63 63 63 63 63 63 63 63 63 63 63 63 63 63 63 63 63 63 63 63 63 63 63 63 63 63 63 63 63 63 63 63 63 63 63 63 63 63 63 63 63 63 63 63 63 63 63 63 63 63 63 63 63 63 63 63 63 63 63 63 63 63 63 63 63 63 63 63 63 63 63 63 63 63 63 63 63 63 63 63 63 63 63 63 63 63 63 63 63 63 63 63 63 63 63 63 63 63 63 63 63 63 63 63 63 63 63 63 63 63 63 63 63 63 63 63 63 63 63 63 63 63 63 63 63 63 63 63 63 63 63 63 63 63 63 63 63 63 63 63 63 63 63 63 63 63 63 63 63 63 63 63 63 63 63 63 63 63 63 63 63 63 63 63 63 63 63 63 63 63 63 63 63 63 63 63 63 63 63 63 63 63 63 63 63 63 63 63 63 63 63 63 63 63 63 63 63 45 45 45 45 45 45 45 45 45 45 45 45 45 45 45 45 45 45 45 45 45 45 45 45 45 45 27 27 27 63 63 63 90 63 63 63 90 63 63 63 63 63 63 63 63 90 90 90 90 90 90 90 90 90 90 90 90 90 90 90 90 90 90 90 90 90 90 90 90 90 90 90 90 90 90 90 90 90 90 90 90 90 90 90 90 90 90 90 90 90 90 90 90 90 90 90 90 63 
# name: freq
# type: matrix
# rows: 1
# columns: 359
 50.0 50.0 50.0 50.0 50.0 50.0 50.0 50.0 50.0 50.0 50.0 50.0 50.0 50.0 50.0 50.0 50.0 50.0 50.0 50.0 50.0 50.0 50.0 50.0 50.0 50.0 50.0 50.0 50.0 50.0 50.0 50.0 50.0 50.0 50.0 50.0 50.0 50.0 50.0 50.0 50.0 50.0 50.0 50.0 50.0 50.0 50.0 50.0 50.0 50.0 50.0 50.0 50.0 50.0 50.0 50.0 50.0 50.0 50.0 50.0 50.0 50.0 50.0 50.0 50.0 50.0 50.0 50.0 50.0 50.0 50.0 50.0 50.0 50.0 50.0 50.0 50.0 50.0 50.0 50.0 50.0 50.0 50.0 50.0 50.0 50.0 50.0 50.0 50.0 50.0 50.0 50.0 50.0 50.0 50.0 50.0 50.0 50.0 50.0 50.0 50.0 50.0 50.0 50.0 50.0 50.0 50.0 50.0 50.0 50.0 50.0 50.0 50.0 50.0 50.0 50.0 50.0 50.0 50.0 50.0 50.0 50.0 50.0 50.0 50.0 50.0 50.0 50.0 50.0 50.0 50.0 50.0 50.0 50.0 50.0 50.0 50.0 50.0 50.0 50.0 50.0 50.0 50.0 50.0 50.0 50.0 50.0 50.0 50.0 50.0 50.0 50.0 50.0 50.0 50.0 50.0 50.0 50.0 50.0 50.0 50.0 50.0 50.0 50.0 50.0 50.0 50.0 50.0 50.0 50.0 50.0 50.0 50.0 50.0 50.0 50.0 50.0 50.0 50.0 50.0 50.0 50.0 50.0 50.0 50.0 50.0 50.0 50.0 50.0 50.0 50.0 50.0 50.0 50.0 50.0 50.0 50.0 50.0 50.0 50.0 50.0 50.0 50.0 50.0 50.0 50.0 50.0 50.0 50.0 50.0 50.0 50.0 50.0 50.0 50.0 50.0 50.0 50.0 50.0 50.0 50.0 50.0 50.0 50.0 50.0 50.0 50.0 50.0 50.0 50.0 50.0 50.0 50.0 50.0 50.0 50.0 50.0 50.0 50.0 50.0 50.0 50.0 50.0 50.0 50.0 50.0 50.0 50.0 50.0 50.0 50.0 50.0 50.0 50.0 50.0 50.0 50.0 50.0 50.0 50.0 50.0 50.0 50.0 50.0 50.0 50.0 50.0 50.0 50.0 50.0 50.0 50.0 50.0 50.0 50.0 50.0 50.0 50.0 50.0 50.0 50.0 50.0 50.0 50.0 50.0 50.0 50.0 50.0 50.0 50.0 50.0 50.0 50.0 50.0 50.0 50.0 50.0 50.0 50.0 50.0 50.0 50.0 50.0 50.0 50.0 50.0 50.0 50.0 50.0 50.0 50.0 50.0 50.0 50.0 50.0 50.0 50.0 50.0 50.0 50.0 50.0 50.0 50.0 50.0 50.0 50.0 50.0 50.0 50.0 50.0 50.0 50.0 50.0 50.0 50.0 50.0 50.0 50.0 50.0 50.0 50.0 50.0 50.0 50.0 50.0 50.0 50.0 50.0 50.0 50.0 50.0 50.0 50.0 50.0 50.0 50.0 50.0 50.0 50.0 
# name: reacPower
# type: matrix
# rows: 1
# columns: 359
 4.163 4.267 4.267 4.163 4.163 4.267 4.267 4.163 4.267 4.163 4.163 4.163 4.163 4.163 4.163 4.163 4.059 4.163 4.163 4.267 4.163 4.267 4.163 4.163 4.163 4.163 4.059 4.059 4.059 4.059 4.163 4.163 4.163 4.163 4.163 4.163 4.163 4.163 4.267 4.059 4.163 4.059 4.059 4.059 4.163 4.059 4.163 4.059 4.163 4.059 4.163 4.059 4.059 4.059 4.059 4.163 4.163 4.163 4.163 4.267 4.163 4.163 4.163 4.163 4.163 4.267 4.267 4.267 4.267 4.267 4.267 4.267 4.267 4.163 4.267 4.163 4.163 4.163 4.163 4.163 4.163 4.163 4.163 4.267 4.267 4.267 4.163 4.163 4.267 4.267 4.163 4.267 4.267 4.163 4.267 4.267 4.267 4.267 4.267 4.267 4.267 4.267 4.267 4.163 4.267 4.163 4.267 4.267 4.267 4.163 4.163 4.267 4.267 4.267 4.267 4.267 4.267 4.267 4.267 4.267 4.163 4.163 4.163 4.163 4.267 4.267 4.267 4.267 4.267 4.267 4.267 4.267 4.267 4.267 4.267 4.267 4.267 4.267 4.267 4.371 4.371 4.267 4.267 4.267 4.267 4.267 4.163 4.163 4.163 4.267 4.267 4.267 4.267 4.267 4.267 4.267 4.267 4.267 4.267 4.371 4.371 4.371 4.267 4.371 4.371 4.371 4.371 4.371 4.371 4.371 4.371 4.371 4.267 4.267 4.267 4.267 4.267 4.267 4.267 4.371 4.371 4.163 4.267 4.267 4.267 4.267 4.267 4.267 4.267 4.267 4.267 4.267 4.267 4.371 4.267 4.371 4.371 4.371 4.371 4.371 4.371 4.371 4.371 4.371 4.371 4.371 4.371 4.371 4.371 4.371 4.371 4.371 4.371 4.371 4.371 4.371 4.267 4.267 4.267 4.267 4.267 4.267 4.267 4.267 4.267 4.267 4.163 4.267 4.267 4.059 3.955 4.059 4.059 4.059 4.059 4.059 4.059 4.059 4.059 4.163 4.059 4.059 4.059 4.059 4.059 4.059 4.059 4.163 4.163 4.059 4.059 4.059 4.059 3.955 4.059 4.059 4.059 3.955 3.955 3.955 4.059 4.059 4.059 4.059 4.059 4.059 4.059 4.059 4.163 4.059 4.059 4.059 4.059 4.059 3.955 4.059 3.955 3.955 4.059 4.059 4.059 4.059 4.059 4.059 4.059 4.059 4.059 4.059 4.059 4.059 4.059 3.955 4.059 4.059 4.059 4.059 4.059 4.059 4.059 4.059 4.059 4.059 4.059 4.059 4.059 4.059 4.059 4.059 4.059 4.059 4.163 4.059 4.059 4.163 4.163 4.163 4.163 4.163 4.163 4.163 4.163 4.163 4.163 4.163 4.163 4.059 4.163 4.163 4.163 4.163 4.163 4.163 4.163 4.163 4.163 4.163 4.163 4.163 4.163 4.163 4.163 4.163 4.059 4.059 4.059 4.059 4.163 4.059 4.163 4.163 4.163 4.163 4.163 4.163 4.163 4.163 4.163 4.163 4.267 
# name: power
# type: matrix
# rows: 1
# columns: 359
 2.393 2.497 2.497 2.497 2.497 2.497 2.393 2.497 2.497 2.497 2.393 2.393 2.393 2.393 2.393 2.393 2.393 2.497 2.497 2.497 2.497 2.497 2.497 2.393 2.497 2.393 2.393 2.393 2.393 2.393 2.393 2.393 2.393 2.497 2.393 2.393 2.497 2.497 2.497 2.393 2.393 2.393 2.393 2.393 2.393 2.393 2.393 2.393 2.393 2.393 2.393 2.393 2.393 2.393 2.393 2.393 2.393 2.393 2.497 2.393 2.497 2.393 2.393 2.393 2.497 2.497 2.497 2.497 2.497 2.497 2.497 2.497 2.497 2.497 2.497 2.393 2.393 2.393 2.393 2.497 2.393 2.497 2.393 2.497 2.393 2.497 2.497 2.393 2.497 2.497 2.497 2.497 2.497 2.497 2.497 2.497 2.497 2.497 2.497 2.497 2.497 2.497 2.497 2.393 2.497 2.497 2.497 2.497 2.497 2.393 2.497 2.497 2.497 2.497 2.497 2.497 2.497 2.497 2.497 2.497 2.393 2.497 2.393 2.497 2.497 2.497 2.497 2.497 2.497 2.497 2.497 2.497 2.497 2.497 2.497 2.497 2.497 2.497 2.497 2.497 2.497 2.497 2.497 2.497 2.497 2.497 2.497 2.497 2.497 2.497 2.497 2.497 2.497 2.497 2.497 2.497 2.497 2.497 2.497 2.497 2.497 2.497 2.497 2.497 2.497 2.497 2.497 2.497 2.497 2.497 2.497 2.497 2.497 2.497 2.497 2.497 2.497 2.497 2.497 2.497 2.497 2.497 2.497 2.497 2.497 2.497 2.497 2.497 2.497 2.497 2.497 2.497 2.497 2.497 2.497 2.497 2.497 2.497 2.497 2.497 2.497 2.497 2.497 2.497 2.497 2.497 2.497 2.497 2.497 2.497 2.497 2.497 2.497 2.497 2.497 2.497 2.497 2.497 2.497 2.497 2.497 2.497 2.497 2.497 2.497 2.497 2.497 2.497 2.497 2.497 2.393 2.393 2.393 2.393 2.393 2.393 2.393 2.393 2.393 2.393 2.393 2.393 2.393 2.393 2.393 2.393 2.393 2.393 2.393 2.393 2.393 2.393 2.393 2.393 2.393 2.393 2.393 2.393 2.393 2.393 1.977 4.891 4.163 4.267 4.059 4.163 4.163 4.163 4.163 4.163 4.267 4.163 4.059 4.371 4.267 4.475 4.267 4.475 4.059 4.163 4.163 4.059 4.371 4.267 4.475 4.267 4.475 8.326 8.222 8.534 1.977 1.977 1.977 1.977 1.977 1.977 1.977 1.873 1.977 1.977 1.977 1.977 1.977 1.977 1.977 1.977 1.977 1.353 1.248 1.248 1.353 1.248 1.353 1.353 1.353 1.248 1.248 1.353 1.353 1.248 1.353 1.353 1.353 1.353 1.353 1.248 1.353 1.353 1.353 1.353 1.353 1.353 1.353 1.353 1.248 1.353 1.353 1.353 1.353 1.353 1.353 1.353 1.248 1.353 1.248 1.248 1.248 1.353 1.353 1.353 1.353 1.353 1.353 1.353 1.353 1.353 1.353 1.353 1.977 
