# name: phAngle
# type: matrix
# rows: 1
# columns: 357
 60 60 60 60 60 60 60 60 60 60 60 60 60 60 60 60 60 60 60 60 60 60 60 60 60 60 60 60 60 60 60 60 60 60 60 60 60 60 60 60 60 60 60 60 60 60 60 60 60 60 60 60 60 60 60 60 60 60 60 60 60 60 60 60 60 60 39 34 42 42 39 39 42 36 36 39 34 42 42 39 34 39 34 42 42 30 34 36 36 36 36 36 36 36 36 36 36 36 36 36 36 36 36 36 36 36 36 36 36 36 36 36 36 36 36 36 36 36 36 36 36 36 36 36 36 36 36 36 34 34 34 34 34 34 34 34 34 34 34 34 34 34 34 34 34 34 34 34 34 34 34 34 34 34 34 36 34 36 36 36 34 36 34 34 34 34 34 34 34 34 34 34 34 34 34 34 34 34 34 34 34 34 34 34 34 34 34 34 34 34 34 34 34 34 36 34 34 36 36 34 34 34 34 34 34 34 34 36 34 34 34 34 34 34 34 34 34 34 34 34 34 34 34 34 34 34 34 34 34 34 34 34 34 34 34 34 34 34 34 34 34 34 34 34 34 34 34 34 34 34 34 34 34 34 34 34 34 34 34 34 34 34 34 34 34 34 34 34 34 34 34 34 34 34 34 34 34 34 34 34 34 34 34 34 34 34 34 34 34 34 34 34 34 34 34 34 34 34 34 34 34 34 34 34 34 34 34 34 34 34 34 34 34 34 34 34 34 34 34 34 34 34 34 34 34 34 34 34 34 34 34 34 34 34 34 34 34 34 34 34 34 34 34 34 34 34 34 34 34 34 34 34 34 34 34 34 34 
# name: freq
# type: matrix
# rows: 1
# columns: 357
 50.0 50.0 50.0 50.0 50.0 50.0 50.0 50.0 50.0 50.0 50.0 50.0 50.0 50.0 50.0 50.0 50.0 50.0 50.0 50.0 50.0 50.0 50.0 50.0 50.0 50.0 50.0 50.0 50.0 50.0 50.0 50.0 50.0 50.0 50.0 50.0 50.0 50.0 50.0 50.0 50.0 50.0 50.0 50.0 50.0 50.0 50.0 50.0 50.0 50.0 50.0 50.0 50.0 50.0 50.0 50.0 50.0 50.0 50.0 50.0 50.0 50.0 50.0 50.0 50.0 50.0 50.0 50.0 50.0 50.0 50.0 50.0 50.0 50.0 50.0 50.0 50.0 50.0 50.0 50.0 50.0 50.0 50.0 50.0 50.0 50.0 50.0 50.0 50.0 50.0 50.0 50.0 50.0 50.0 50.0 50.0 50.0 50.0 50.0 50.0 50.0 50.0 50.0 50.0 50.0 50.0 50.0 50.0 50.0 50.0 50.0 50.0 50.0 50.0 50.0 50.0 50.0 50.0 50.0 50.0 50.0 50.0 50.0 50.0 50.0 50.0 50.0 50.0 50.0 50.0 50.0 50.0 50.0 50.0 50.0 50.0 50.0 50.0 50.0 50.0 50.0 50.0 50.0 50.0 50.0 50.0 50.0 50.0 50.0 50.0 50.0 50.0 50.0 50.0 50.0 50.0 50.0 50.0 50.0 50.0 50.0 49.9 50.0 50.0 50.0 50.0 50.0 49.9 50.0 50.0 50.0 50.0 49.9 50.0 50.0 50.0 50.0 50.0 50.0 50.0 50.0 50.0 50.0 49.9 50.0 50.0 50.0 50.0 50.0 49.9 50.0 50.0 50.0 49.9 50.0 50.0 50.0 50.0 50.0 50.0 50.0 50.0 50.0 50.0 50.0 50.0 50.0 50.0 50.0 50.0 50.0 50.0 50.0 50.0 50.0 50.0 50.0 50.0 50.0 50.0 50.0 50.0 50.0 50.0 50.0 50.0 50.0 50.0 50.0 50.0 50.0 50.0 50.0 50.0 50.0 50.0 50.0 50.0 50.0 50.0 50.0 50.0 50.0 50.0 50.0 50.0 50.0 50.0 50.0 50.0 50.0 50.0 50.0 50.0 50.0 50.0 50.0 50.0 50.0 50.0 50.0 50.0 50.0 50.0 50.0 50.0 50.0 50.0 50.0 50.0 50.0 50.0 50.0 50.0 50.0 50.0 50.0 50.0 50.0 50.0 50.0 50.0 50.0 50.0 50.0 50.0 50.0 50.0 50.0 50.0 50.0 50.0 50.0 50.0 50.0 50.0 50.0 50.0 50.0 50.0 50.0 50.0 50.0 50.0 50.0 50.0 50.0 50.0 50.0 50.0 50.0 50.0 50.0 50.0 50.0 50.0 50.0 50.0 50.0 50.0 50.0 50.0 50.0 50.0 50.0 50.0 50.0 50.0 50.0 50.0 50.0 50.0 50.0 50.0 50.0 50.0 50.0 50.0 50.0 50.0 50.0 50.0 50.0 50.0 50.0 50.0 50.0 50.0 50.0 50.0 50.0 50.0 50.0 50.0 50.0 50.0 50.0 
# name: reacPower
# type: matrix
# rows: 1
# columns: 357
 15.403 15.403 15.403 15.403 15.195 15.091 15.299 15.299 15.299 15.403 15.403 15.403 15.091 14.987 14.987 14.987 14.987 14.987 14.987 14.987 14.987 14.987 14.987 14.987 15.195 15.195 15.299 15.299 15.299 15.299 15.403 15.195 15.299 15.299 15.299 15.299 15.195 15.195 15.195 15.195 15.299 14.883 14.987 14.987 14.987 14.987 14.883 14.987 14.987 14.987 15.299 15.299 15.299 15.299 15.299 15.299 15.299 15.299 15.299 15.299 15.299 15.299 15.299 15.299 15.195 15.299 16.028 16.236 16.028 15.924 15.924 16.132 16.028 16.236 16.236 16.132 16.236 16.132 16.028 16.132 16.236 16.132 16.236 16.028 16.132 16.444 16.34 16.34 16.34 16.444 16.34 16.34 16.34 16.34 16.34 16.34 16.34 16.34 16.34 16.236 16.236 16.34 16.132 16.236 16.34 16.34 16.132 16.236 16.34 16.34 16.236 16.34 16.34 16.34 16.34 16.444 16.34 16.34 16.34 16.34 16.34 16.444 16.444 16.444 16.444 16.548 16.548 16.444 16.444 16.444 16.34 16.34 16.34 16.444 16.444 16.236 16.34 16.236 16.236 16.236 16.236 16.132 16.132 16.132 16.132 16.132 16.236 16.236 16.236 16.236 16.236 16.132 16.236 16.34 16.132 16.236 16.34 16.34 16.236 16.236 16.34 16.34 16.34 16.236 16.34 16.236 16.236 16.236 16.236 16.132 16.236 16.236 16.236 16.132 16.132 16.236 16.236 16.132 16.132 16.236 16.236 16.34 16.236 16.236 16.236 16.132 16.236 16.34 16.34 16.236 16.34 16.34 16.236 16.34 16.132 16.236 16.236 16.132 16.132 16.236 16.236 16.236 16.236 16.236 16.132 16.236 16.236 16.132 16.132 16.236 16.236 16.34 16.236 16.34 16.34 16.34 16.34 16.444 16.444 16.444 16.444 16.34 16.34 16.444 16.34 16.34 16.34 16.34 16.34 16.34 16.34 16.34 16.34 16.444 16.236 16.34 16.34 16.34 16.34 16.444 16.34 16.34 16.34 16.34 16.34 16.34 16.34 16.34 16.34 16.34 16.444 16.444 16.444 16.444 16.444 16.236 16.444 16.548 16.548 16.548 16.548 16.548 16.444 16.444 16.444 16.444 16.444 16.444 16.34 16.444 16.444 16.34 16.444 16.34 16.34 16.34 16.34 16.34 16.34 16.444 16.444 16.444 16.444 16.444 16.444 16.444 16.444 16.444 16.444 16.444 16.444 16.34 16.236 16.34 16.34 16.444 16.34 16.444 16.34 16.444 16.444 16.34 16.444 16.444 16.444 16.444 16.444 16.444 16.444 16.444 16.444 16.444 16.444 16.444 16.444 16.34 16.34 16.444 16.444 16.444 16.444 16.444 16.444 16.444 16.444 16.548 16.548 16.444 16.548 16.548 16.444 16.548 16.444 16.652 16.652 16.548 16.444 16.548 16.548 16.548 16.548 16.444 16.444 16.444 16.444 16.444 16.444 16.444 16.34 16.444 16.444 16.34 16.444 16.34 16.444 16.34 16.444 
# name: power
# type: matrix
# rows: 1
# columns: 357
 8.43 8.43 8.43 8.43 8.326 8.326 8.326 8.326 8.326 8.326 8.43 8.43 8.326 8.326 8.326 8.326 8.222 8.326 8.326 8.326 8.326 8.326 8.222 8.222 8.326 8.326 8.326 8.326 8.326 8.326 8.326 8.326 8.326 8.326 8.326 8.326 8.326 8.326 8.326 8.326 8.326 8.222 8.222 8.222 8.222 8.326 8.222 8.222 8.326 8.222 8.326 8.326 8.326 8.326 8.326 8.326 8.326 8.326 8.326 8.326 8.326 8.326 8.326 8.326 8.326 8.326 20.295 24.146 18.838 18.838 19.254 20.92 19.15 19.15 21.336 22.273 21.232 19.15 19.15 19.566 20.503 20.92 24.666 19.15 19.15 28.309 24.666 23.417 23.417 23.313 23.417 23.417 23.313 23.313 23.209 23.001 22.793 23.001 23.001 23.001 22.793 22.793 23.001 22.897 23.313 23.209 22.793 23.105 23.105 23.209 23.001 23.313 23.105 23.313 23.105 22.897 23.313 23.001 23.105 23.105 23.105 23.105 23.209 23.105 22.897 23.209 23.313 23.313 24.77 23.834 24.146 23.834 23.834 23.834 24.562 24.354 24.146 23.834 23.938 24.458 24.146 24.146 24.25 24.25 24.146 23.73 24.25 24.042 24.146 24.042 24.25 24.25 24.25 24.562 24.354 23.417 23.938 23.73 23.73 23.522 23.73 23.417 24.146 23.626 24.354 24.146 24.458 23.938 24.979 24.354 24.042 24.354 24.354 24.666 24.25 24.562 24.25 24.042 24.146 23.73 23.834 23.834 23.834 23.834 23.834 23.834 23.834 23.834 23.834 23.834 23.834 23.834 23.834 23.834 23.73 23.73 23.73 23.73 23.73 23.73 23.73 23.834 23.834 23.73 23.73 23.73 23.73 23.73 23.73 23.834 23.73 23.834 23.834 23.834 23.834 23.834 23.834 23.834 23.938 23.834 23.834 23.834 23.834 23.834 23.834 23.834 23.834 23.834 23.834 23.834 23.834 23.834 23.834 23.834 23.834 23.834 23.834 23.834 23.834 23.834 23.834 23.834 23.834 23.834 23.834 23.834 23.834 23.834 23.834 23.834 23.834 23.938 23.834 23.834 23.834 23.938 23.938 23.938 23.938 23.938 23.938 23.938 23.834 23.834 23.938 23.938 23.938 23.834 23.938 23.834 23.834 23.834 23.834 23.834 23.834 23.834 23.834 23.938 23.938 23.834 23.834 23.834 23.834 23.834 23.834 23.834 23.834 23.834 23.834 23.834 23.834 23.834 23.834 23.834 23.834 23.834 23.834 23.834 23.834 23.834 23.834 23.834 23.834 23.834 23.834 23.834 23.834 23.834 23.834 23.834 23.834 23.834 23.834 23.834 23.834 23.73 23.73 23.834 23.834 23.834 23.834 23.834 23.834 23.834 23.834 23.834 23.834 23.834 23.834 23.834 23.834 23.834 23.938 23.834 23.834 23.834 23.834 23.834 23.834 23.834 23.834 23.834 23.834 23.834 23.834 23.834 23.834 23.834 23.834 23.834 23.834 23.834 23.834 23.834 23.834 23.834 23.834 
