# name: phAngle
# type: matrix
# rows: 1
# columns: 359
 90 90 90 90 90 90 90 90 90 90 71 71 71 71 71 71 71 71 71 71 71 71 71 71 71 71 71 71 71 71 71 71 71 71 71 71 71 71 71 71 71 71 71 71 71 71 71 71 71 71 71 71 71 71 71 71 71 71 71 71 71 71 71 71 71 71 71 71 71 71 71 71 71 71 71 71 71 71 71 71 71 71 71 71 71 71 71 71 71 71 71 90 90 90 90 90 90 90 90 90 90 90 90 90 90 90 90 90 56 56 56 37 45 56 56 56 56 56 56 56 56 56 45 56 56 56 56 56 56 56 56 56 56 56 56 56 56 56 56 56 56 56 56 45 56 56 56 56 56 56 56 56 56 45 56 56 56 56 56 90 90 90 90 90 90 90 90 90 90 90 90 90 90 90 90 90 90 90 90 90 90 90 90 90 90 90 90 90 90 90 90 56 71 71 71 71 71 71 71 71 71 71 71 71 71 71 71 71 71 71 71 71 71 71 71 71 71 71 71 71 71 71 71 71 71 71 71 71 71 71 71 71 71 71 71 71 71 71 71 71 71 71 71 71 71 71 71 71 71 71 71 71 71 71 71 90 90 90 90 90 90 90 90 90 90 90 90 90 90 90 90 90 90 90 90 90 90 90 90 90 90 90 90 90 90 90 90 90 90 90 90 90 90 90 90 90 90 90 90 90 90 90 90 90 90 90 90 90 90 90 90 90 90 90 90 90 90 90 90 90 90 90 90 90 90 90 90 90 90 90 90 90 90 90 90 90 90 90 90 90 90 90 90 90 90 90 90 90 90 90 90 90 90 90 90 90 90 90 90 
# name: freq
# type: matrix
# rows: 1
# columns: 359
 50.0 50.0 50.0 50.0 50.0 50.0 50.0 50.0 50.0 50.0 50.0 50.0 50.0 50.0 50.0 50.0 50.0 50.0 49.9 50.0 50.0 50.0 49.9 50.0 50.0 50.0 50.0 50.0 50.0 50.0 50.0 50.0 50.0 50.0 50.0 50.0 50.0 50.0 50.0 50.0 50.0 50.0 50.0 50.0 50.0 50.0 50.0 50.0 50.0 50.0 50.0 50.0 49.9 50.0 50.0 50.0 50.0 50.0 50.0 50.0 50.0 50.0 50.0 50.0 50.0 50.0 49.9 50.0 50.0 50.0 50.0 50.0 50.0 50.0 50.0 50.0 50.0 50.0 50.0 50.0 50.0 50.0 50.0 50.0 50.0 50.0 50.0 50.0 50.0 50.0 50.0 50.0 49.9 50.0 49.9 49.9 50.0 50.0 50.0 50.0 50.0 50.0 50.0 50.0 50.0 50.0 50.0 50.0 50.0 50.0 50.0 50.0 50.0 50.0 50.0 50.0 50.0 50.0 50.0 50.0 50.0 50.0 50.0 50.0 50.0 50.0 50.0 50.0 50.0 50.0 50.0 50.0 50.0 50.0 50.0 50.0 50.0 50.0 50.0 50.0 50.0 50.0 50.0 50.0 50.0 50.0 50.0 50.0 50.0 50.0 50.0 50.0 50.0 50.0 50.0 50.0 50.0 50.0 50.0 50.0 50.0 50.0 50.0 50.0 50.0 50.0 50.0 50.0 50.0 50.0 50.0 50.0 50.0 50.0 50.0 50.0 50.0 50.0 50.0 50.0 50.0 50.0 50.0 50.0 50.0 50.0 50.0 50.0 50.0 50.0 50.0 50.0 50.0 50.0 50.0 50.0 50.0 50.0 50.0 50.0 50.0 50.0 50.0 50.0 50.0 50.0 50.0 50.0 50.0 50.0 50.0 50.0 50.0 50.0 50.0 50.0 50.0 50.0 50.0 50.0 50.0 50.0 50.0 50.0 50.0 50.0 50.0 50.0 50.0 50.0 50.0 50.0 50.0 50.0 50.0 50.0 50.0 50.0 50.0 50.0 50.0 50.0 50.0 50.0 50.0 50.0 50.0 50.0 50.0 50.0 50.0 50.0 50.0 50.0 50.0 50.0 50.0 50.0 50.0 50.0 50.0 50.0 50.0 50.0 50.0 50.0 50.0 50.0 50.0 50.0 50.0 50.0 50.0 50.0 50.0 50.0 50.0 50.0 50.0 50.0 50.0 50.0 50.0 50.0 50.0 50.0 50.0 50.0 50.0 50.0 50.0 50.0 50.0 50.0 50.0 50.0 50.0 50.0 50.0 50.0 50.0 50.0 50.0 50.0 50.0 50.0 50.0 50.0 50.0 50.0 50.0 50.0 50.0 50.0 50.0 50.0 50.0 50.0 50.0 50.0 50.0 50.0 50.0 50.0 50.0 50.0 50.0 50.0 50.0 50.0 50.0 50.0 50.0 50.0 50.0 50.0 50.0 50.0 50.0 50.0 50.0 50.0 50.0 50.0 50.0 50.0 50.0 50.0 50.0 50.0 50.0 50.0 50.0 50.0 50.0 50.0 50.0 50.0 50.0 
# name: reacPower
# type: matrix
# rows: 1
# columns: 359
 6.973 6.973 6.973 6.973 7.077 7.181 7.077 6.765 6.869 6.973 6.765 6.869 6.869 6.765 6.869 6.869 6.869 6.661 6.869 6.765 6.765 6.765 6.765 6.765 6.765 6.661 6.765 6.765 6.765 6.765 6.765 6.765 6.661 6.869 6.765 6.765 6.869 7.077 7.077 7.077 7.077 7.181 7.077 7.077 7.077 7.181 7.077 6.765 6.869 6.973 6.973 6.973 6.973 6.973 6.973 6.869 6.765 6.869 6.973 6.973 6.869 6.869 6.765 6.765 6.765 6.869 7.077 6.765 6.765 6.973 6.973 6.973 6.869 6.869 6.973 6.973 6.973 6.869 6.973 6.765 6.765 6.869 6.765 6.765 6.869 6.869 6.973 6.869 6.869 6.869 6.869 7.181 7.181 7.077 7.077 7.077 7.285 7.181 7.285 7.181 6.973 7.077 7.181 7.181 7.181 6.973 6.973 7.181 6.452 6.661 6.869 6.036 6.244 6.661 6.765 6.765 6.869 6.765 6.869 6.869 6.973 6.973 6.452 6.869 6.869 6.765 6.869 6.869 6.765 6.765 6.765 6.869 6.765 6.557 6.869 6.973 6.973 6.765 6.869 6.973 6.973 6.765 6.765 6.348 6.869 6.869 6.765 6.869 6.869 6.869 6.869 6.869 6.765 6.557 6.765 6.869 6.661 6.661 6.765 7.181 7.285 7.181 7.181 7.181 7.181 7.181 7.181 7.077 7.077 7.077 7.077 7.181 7.077 7.181 7.181 7.077 7.077 7.077 7.285 7.077 7.077 6.973 7.181 7.181 7.285 7.285 7.181 7.077 7.077 7.077 7.181 6.661 6.765 6.765 6.973 6.765 6.869 6.765 6.765 7.181 7.077 7.077 6.973 6.973 6.973 6.869 7.077 7.077 6.973 6.973 7.077 7.077 6.869 6.973 7.077 7.077 6.765 6.765 6.869 6.869 6.869 6.765 6.973 6.973 6.973 6.973 6.869 6.973 6.869 6.869 6.765 6.661 6.765 6.869 6.869 6.869 6.869 6.765 6.869 6.869 6.765 6.765 6.869 6.765 6.765 6.765 6.661 6.869 6.869 6.869 6.869 7.077 7.077 6.973 6.973 7.077 7.077 7.077 7.181 7.181 7.181 7.285 7.285 7.389 7.285 7.181 7.389 7.389 7.285 7.285 7.077 7.389 7.493 7.285 7.389 7.389 7.181 7.181 7.389 7.389 7.389 7.389 7.389 7.389 7.389 7.389 7.493 7.493 7.389 7.389 7.493 7.493 7.493 7.389 7.285 7.285 7.181 7.389 7.389 7.389 7.389 7.493 7.389 7.389 7.389 7.389 7.181 7.285 7.181 7.285 7.285 7.285 7.285 7.389 7.389 7.285 7.285 7.285 7.389 7.285 7.285 7.493 7.389 7.493 7.493 7.389 7.493 7.389 7.389 7.493 7.389 7.493 7.597 7.597 7.597 7.493 7.597 7.493 7.597 7.493 7.597 7.597 7.493 7.493 7.493 7.493 7.597 7.493 7.493 7.493 7.493 7.597 7.493 7.597 7.493 7.493 7.597 7.597 7.597 
# name: power
# type: matrix
# rows: 1
# columns: 359
 1.665 1.769 1.769 1.769 1.769 1.769 1.769 1.665 1.769 1.769 3.226 3.226 3.226 3.226 3.226 3.226 3.226 3.226 3.226 3.226 3.122 3.122 3.122 3.226 3.122 3.122 3.122 3.122 3.226 3.122 3.226 3.122 3.122 3.226 3.122 3.226 3.226 3.226 3.226 3.226 3.226 3.226 3.226 3.226 3.226 3.226 3.226 3.122 3.226 3.226 3.226 3.226 3.122 3.226 3.226 3.226 3.122 3.226 3.226 3.122 3.122 3.226 3.122 3.122 3.122 3.122 3.226 3.122 3.122 3.226 3.122 3.122 3.226 3.122 3.122 3.226 3.122 3.122 3.122 3.122 3.122 3.122 3.122 3.122 3.122 3.122 3.122 3.122 3.122 3.122 3.122 1.769 1.769 1.769 1.769 1.769 1.769 1.769 1.769 1.769 1.769 1.769 1.769 1.769 1.769 1.769 1.769 1.769 5.412 4.787 4.371 8.534 6.14 4.267 4.267 4.267 4.267 4.267 4.267 4.267 4.267 4.267 6.244 4.267 4.267 4.267 4.267 4.267 4.267 4.267 4.267 4.267 4.579 5.62 4.267 4.267 4.267 4.267 4.267 4.267 4.267 4.267 4.267 7.181 4.267 4.267 4.267 4.267 4.267 4.267 4.267 4.267 4.267 6.244 4.267 4.267 4.267 4.163 4.163 1.769 1.769 1.769 1.769 1.769 1.769 1.769 1.769 1.769 1.769 1.769 1.769 1.769 1.769 1.769 1.769 1.769 1.769 1.769 1.769 1.769 1.769 1.769 1.769 1.769 1.769 1.769 1.769 1.769 1.769 1.769 1.769 4.267 3.122 3.122 3.226 3.122 3.122 3.122 3.122 3.226 3.226 3.226 3.226 3.226 3.226 3.122 3.226 3.226 3.122 3.122 3.226 3.226 3.122 3.226 3.226 3.226 3.122 3.122 3.122 3.122 3.122 3.122 3.122 3.226 3.226 3.122 3.122 3.122 3.122 3.122 3.122 3.122 3.122 3.122 3.122 3.122 3.122 3.122 3.122 3.122 3.122 3.122 3.122 3.122 3.122 3.122 3.122 3.122 3.122 3.122 3.122 3.226 3.226 3.122 3.122 1.769 1.769 1.769 1.769 1.769 1.769 1.769 1.769 1.769 1.769 1.769 1.769 1.769 1.769 1.769 1.769 1.769 1.769 1.769 1.769 1.769 1.769 1.769 1.769 1.769 1.769 1.769 1.769 1.769 1.769 1.769 1.873 1.873 1.769 1.769 1.769 1.769 1.769 1.769 1.769 1.769 1.769 1.769 1.769 1.769 1.769 1.769 1.769 1.769 1.769 1.769 1.769 1.769 1.769 1.769 1.769 1.769 1.769 1.769 1.769 1.769 1.769 1.769 1.769 1.769 1.769 1.769 1.769 1.873 1.873 1.769 1.873 1.769 1.873 1.769 1.769 1.769 1.873 1.873 1.873 1.873 1.873 1.873 1.873 1.769 1.873 1.873 1.873 1.873 1.873 1.769 1.873 1.873 1.873 1.873 1.769 1.873 1.873 1.873 1.873 1.873 1.873 1.873 1.873 
