# name: phAngle
# type: matrix
# rows: 1
# columns: 359
 90 90 90 90 90 90 90 90 90 90 90 90 90 90 63 63 63 63 63 63 63 63 63 63 63 63 63 63 63 63 63 63 63 63 63 63 63 63 63 63 63 63 63 63 63 63 63 63 63 63 63 63 63 63 63 63 63 63 63 63 63 63 63 63 63 63 63 63 63 63 63 63 63 63 63 63 63 63 63 63 63 63 63 34 34 34 34 34 34 34 34 34 34 34 34 34 34 34 34 34 34 34 34 34 34 34 34 34 34 34 34 34 34 34 34 34 34 34 34 34 34 34 34 34 34 34 34 34 34 34 34 34 34 34 34 34 34 34 34 34 34 34 34 34 34 34 34 34 34 34 34 34 34 34 34 34 34 34 34 34 34 34 34 34 34 34 34 34 34 34 34 34 34 34 34 34 34 34 34 34 34 34 34 34 34 34 34 34 34 34 34 34 34 34 34 34 34 34 34 34 34 34 34 34 34 34 34 34 34 34 34 34 34 34 34 34 34 34 34 34 34 34 34 34 34 34 34 34 34 34 34 34 34 34 34 34 34 34 34 34 34 34 34 34 34 34 34 34 34 34 34 34 34 34 34 34 34 34 34 34 34 34 34 34 34 34 34 34 34 34 34 34 34 34 34 34 34 34 34 34 63 63 63 63 63 63 63 63 63 63 63 63 63 63 63 63 63 63 63 63 63 63 63 63 63 63 63 63 63 63 63 63 63 63 63 63 34 34 34 34 34 34 34 34 34 34 34 34 34 34 34 34 34 34 34 34 34 34 34 34 34 34 34 34 34 34 34 34 34 34 34 34 34 34 34 34 34 34 34 
# name: freq
# type: matrix
# rows: 1
# columns: 359
 50.0 50.0 50.0 50.0 50.0 50.0 50.0 50.0 50.0 50.0 50.0 50.0 50.0 50.0 50.0 50.0 50.0 50.0 50.0 50.0 50.0 50.0 50.0 50.0 50.0 50.0 50.0 50.0 50.0 50.0 50.0 50.0 50.0 50.0 50.0 50.0 50.0 50.0 50.0 50.0 50.0 50.0 50.0 50.0 50.0 50.0 50.0 50.0 50.0 50.0 50.0 50.0 50.0 50.0 50.0 50.0 50.0 50.0 50.0 50.0 50.0 50.0 50.0 50.0 50.0 50.0 50.0 50.0 50.0 50.0 50.0 50.0 50.0 50.0 50.0 50.0 50.0 50.0 50.0 50.0 50.0 50.0 50.0 50.0 50.0 50.0 50.0 50.0 50.0 50.0 50.0 50.0 50.0 50.0 50.0 50.0 50.0 50.0 50.0 50.0 50.0 50.0 50.0 50.0 50.0 50.0 50.0 50.0 50.0 50.0 50.0 50.0 50.0 50.0 50.0 50.0 50.0 50.0 50.0 50.0 50.0 50.0 50.0 50.0 50.0 50.0 50.0 50.0 50.0 50.0 50.0 50.0 50.0 50.0 50.0 50.0 50.0 50.0 50.0 50.0 50.0 50.0 50.0 50.0 50.0 50.0 50.0 50.0 50.0 50.0 50.0 50.0 50.0 50.0 50.0 50.0 50.0 50.0 50.0 50.0 50.0 50.0 50.0 50.0 50.0 50.0 50.0 50.0 50.0 50.0 50.0 50.0 50.0 50.0 50.0 50.0 50.0 50.0 50.0 50.0 50.0 50.0 50.0 50.0 50.0 50.0 50.0 50.0 50.0 50.0 50.0 50.0 50.0 50.0 50.0 50.0 50.0 50.0 50.0 50.0 50.0 50.0 50.0 50.0 50.0 50.0 50.0 50.0 50.0 50.0 50.0 50.0 50.0 50.0 50.0 50.0 50.0 50.0 50.0 50.0 50.0 50.0 50.0 50.0 50.0 50.0 50.0 50.0 50.0 50.0 50.0 50.0 50.0 50.0 50.0 50.0 50.0 50.0 50.0 50.0 50.0 49.9 49.9 49.9 50.0 50.0 50.0 50.0 50.0 50.0 50.0 50.0 50.0 50.0 50.0 50.0 50.0 50.0 50.0 50.0 50.0 50.0 50.0 50.0 50.0 50.0 50.0 50.0 50.0 50.0 50.0 50.0 50.0 50.0 50.0 50.0 50.0 50.0 50.0 50.0 50.0 50.0 50.0 50.0 50.0 50.0 50.0 50.0 50.0 50.0 50.0 50.0 50.0 50.0 50.0 50.0 50.0 50.0 50.0 50.0 50.0 50.0 50.0 50.0 50.0 50.0 50.0 50.0 50.0 50.0 50.0 50.0 50.0 50.0 50.0 50.0 50.0 50.0 50.0 50.0 50.0 50.0 50.0 50.0 50.0 50.0 50.0 50.0 50.1 50.1 50.1 50.0 50.1 50.1 50.0 50.1 50.1 50.1 50.1 50.1 50.1 50.1 50.1 50.1 50.1 50.1 50.1 50.1 50.1 50.1 50.1 50.1 50.1 50.0 50.0 50.0 50.0 50.0 50.0 
# name: reacPower
# type: matrix
# rows: 1
# columns: 359
 4.683 4.475 4.683 4.683 4.475 4.475 4.475 4.371 4.475 4.475 4.475 4.475 4.475 4.579 4.683 4.683 4.787 4.683 4.787 4.683 4.683 4.683 4.683 4.683 4.683 4.683 4.683 4.683 4.683 4.683 4.683 4.683 4.683 4.683 4.683 4.683 4.683 4.683 4.683 4.683 4.683 4.683 4.683 4.683 4.683 4.683 4.683 4.579 4.579 4.579 4.579 4.579 4.475 4.475 4.475 4.475 4.683 4.683 4.683 4.683 4.683 4.683 4.683 4.683 4.787 4.787 4.787 4.787 4.787 4.787 4.787 4.787 4.787 4.787 4.787 4.787 4.787 4.787 4.787 4.787 4.787 4.787 4.787 4.891 4.891 4.891 4.891 4.891 4.891 4.891 4.891 4.891 4.891 4.891 4.891 4.891 4.891 4.891 4.891 4.787 4.683 4.683 4.683 4.683 4.683 4.683 4.579 4.579 4.683 4.683 4.683 4.683 4.683 4.683 4.683 4.683 4.683 4.579 4.579 4.579 4.579 4.579 4.579 4.579 4.579 4.579 4.579 4.579 4.579 4.579 4.579 4.579 4.579 4.579 4.579 4.579 4.579 4.579 4.579 4.579 4.579 4.579 4.579 4.579 4.579 4.579 4.579 4.579 4.579 4.579 4.579 4.579 4.579 4.579 4.579 4.579 4.579 4.579 4.579 4.579 4.579 4.475 4.475 4.579 4.579 4.579 4.579 4.579 4.579 4.579 4.579 4.579 4.579 4.579 4.579 4.579 4.579 4.579 4.579 4.579 4.579 4.579 4.579 4.579 4.579 4.579 4.579 4.579 4.579 4.579 4.683 4.579 4.579 4.683 4.683 4.683 4.579 4.683 4.683 4.579 4.579 4.579 4.683 4.579 4.579 4.579 4.579 4.579 4.579 4.579 4.579 4.579 4.579 4.579 4.579 4.579 4.579 4.579 4.579 4.579 4.579 4.579 4.579 4.579 4.579 4.579 4.579 4.579 4.579 4.579 4.579 4.683 4.579 4.579 4.579 4.579 4.579 4.579 4.579 4.579 4.579 4.579 4.579 4.579 4.579 4.579 4.579 4.683 4.579 4.579 4.579 4.579 4.579 4.579 4.579 4.579 4.579 4.579 4.579 4.579 4.579 4.579 4.579 4.579 4.579 4.579 4.579 4.579 4.475 4.579 4.579 4.579 4.579 4.579 4.579 4.579 4.579 4.579 4.579 4.579 4.475 4.475 4.475 4.475 4.475 4.475 4.475 4.475 4.475 4.475 4.475 4.475 4.475 4.475 4.475 4.475 4.371 4.475 4.371 4.371 4.371 4.371 4.371 4.371 4.371 4.371 4.371 4.475 4.475 4.475 4.475 4.475 4.475 4.475 4.475 4.475 4.579 4.579 4.579 4.475 4.475 4.475 4.371 4.371 4.371 4.475 4.475 4.475 4.475 4.475 4.475 4.475 4.475 4.475 4.475 4.475 4.475 4.475 4.475 4.475 4.475 4.475 4.475 4.475 4.475 4.475 4.475 4.475 4.475 4.371 4.475 4.475 4.371 4.371 4.371 4.371 4.371 4.371 4.475 
# name: power
# type: matrix
# rows: 1
# columns: 359
 1.665 1.561 1.561 1.561 1.561 1.561 1.561 1.561 1.561 1.561 1.561 1.561 1.561 1.561 3.122 3.122 3.122 3.122 3.122 3.122 3.122 3.122 3.122 3.122 3.122 3.122 3.122 3.122 3.122 3.122 3.122 3.122 3.122 3.122 3.122 3.122 3.122 3.122 3.122 3.122 3.122 3.122 3.122 3.122 3.122 3.122 3.122 3.122 3.122 3.122 3.122 3.122 3.018 3.018 3.122 3.122 3.122 3.122 3.122 3.122 3.122 3.122 3.122 3.122 3.122 3.122 3.122 3.122 3.122 3.122 3.122 3.122 3.122 3.122 3.122 3.122 3.122 3.122 3.122 3.122 3.122 3.122 3.122 6.869 6.765 6.765 6.765 6.765 6.765 6.973 7.077 6.973 6.869 6.973 6.869 6.973 6.973 6.869 6.765 6.661 6.973 6.765 6.765 6.869 6.765 6.765 6.661 6.452 6.869 6.765 6.869 6.661 6.765 6.557 6.869 6.765 6.765 6.765 6.557 6.452 6.869 6.765 6.765 6.765 6.452 6.869 6.661 6.661 6.557 6.869 6.557 6.661 6.661 6.557 6.765 6.765 6.765 6.557 6.765 6.661 6.765 6.452 6.765 6.661 6.765 6.557 6.869 6.765 6.765 6.557 6.765 6.765 6.765 6.452 6.765 6.765 6.661 6.557 6.661 6.765 6.557 6.557 6.661 6.661 6.557 6.765 6.661 6.557 6.869 6.765 6.557 6.452 6.765 6.869 6.661 6.765 6.765 6.557 6.765 6.661 6.557 6.869 6.869 6.661 6.661 6.661 6.661 6.557 6.661 6.765 6.661 6.765 6.661 6.557 6.661 6.765 6.557 6.661 6.765 6.661 6.869 6.557 6.869 6.661 6.557 6.765 6.661 6.452 6.661 6.765 6.869 6.765 6.557 6.765 6.661 6.452 6.661 6.661 6.452 6.661 6.661 6.869 6.765 6.557 6.765 6.661 6.452 6.661 6.661 6.869 6.765 6.557 6.765 6.765 6.661 6.765 6.661 6.765 6.661 6.557 6.661 6.661 6.869 6.765 6.557 6.661 6.661 6.869 6.765 6.452 6.661 6.661 6.765 6.661 6.452 6.557 6.557 6.869 6.765 6.452 6.661 6.661 6.765 6.765 6.765 6.765 6.557 6.661 6.661 6.765 6.661 6.557 6.765 6.452 6.661 6.557 6.765 6.661 6.557 6.765 3.85 3.85 3.85 3.85 3.85 3.85 3.85 3.85 3.85 3.85 3.85 3.85 3.85 3.85 3.85 3.85 3.85 3.746 3.85 3.746 3.746 3.85 3.85 3.85 3.746 3.85 3.746 3.746 3.85 3.85 3.85 3.85 3.85 3.85 3.85 3.85 6.765 6.661 6.765 6.557 6.557 6.557 6.557 6.765 6.661 6.661 6.765 6.557 6.661 6.661 6.661 6.661 6.452 6.765 6.661 6.557 6.765 6.661 6.661 6.557 6.452 6.765 6.557 6.661 6.557 6.661 6.452 6.765 6.661 6.557 6.661 6.557 6.452 6.661 6.557 6.557 6.557 6.452 6.765 
