# name: phAngle
# type: matrix
# rows: 1
# columns: 359
 56 56 56 56 56 56 56 56 56 56 56 56 56 56 56 56 56 56 56 56 63 63 63 63 63 63 63 63 63 71 71 71 71 71 71 45 37 37 37 37 37 37 37 37 45 45 45 37 37 37 34 37 45 45 45 31 37 37 37 37 45 45 45 31 37 37 37 37 53 53 53 31 37 37 37 37 45 45 53 31 37 37 37 37 53 45 45 31 37 37 37 37 45 45 45 31 37 37 37 37 34 34 34 27 27 27 27 27 34 34 45 37 37 37 37 37 45 45 45 37 37 37 37 37 53 53 53 37 37 37 37 45 53 45 53 37 37 37 37 37 45 45 45 37 37 37 37 37 45 45 45 37 37 37 37 37 34 34 34 27 27 63 63 63 56 56 56 56 56 56 56 56 56 56 76 76 76 76 71 71 71 71 71 76 76 71 76 71 76 76 76 76 76 76 76 71 71 71 71 71 71 71 71 71 71 71 71 71 71 76 76 71 76 76 76 76 71 56 56 56 56 56 56 56 56 56 56 56 56 56 56 56 56 56 56 56 56 56 71 71 71 71 71 71 71 71 71 71 71 71 56 71 71 71 56 56 56 56 56 56 56 56 56 56 56 56 56 56 56 56 56 56 56 56 56 56 56 56 56 56 56 63 63 63 63 63 63 56 56 56 56 56 56 56 56 56 56 56 56 56 56 56 56 63 63 56 56 63 63 56 56 56 56 56 56 63 63 63 63 63 63 63 63 63 63 63 63 63 63 63 63 63 63 63 63 63 63 63 63 63 63 63 63 63 63 63 63 56 56 56 56 56 56 56 56 56 56 56 56 
# name: freq
# type: matrix
# rows: 1
# columns: 359
 50.0 50.0 50.0 50.0 50.0 50.0 50.0 50.0 50.0 50.0 50.0 50.0 50.0 50.0 50.0 50.0 50.0 50.0 50.0 50.0 50.0 50.0 50.0 50.0 50.0 50.0 50.0 50.0 50.0 50.0 50.0 50.0 50.0 50.0 50.0 50.0 50.0 50.0 50.0 50.0 50.0 50.0 50.0 50.0 50.0 50.0 50.0 50.0 50.0 50.0 50.0 50.0 50.0 50.0 50.0 50.0 50.0 50.0 50.0 50.0 50.0 50.0 50.0 50.0 50.0 50.0 50.0 50.0 50.0 50.0 50.0 50.0 50.0 50.0 50.0 50.0 50.0 50.0 50.0 50.0 50.0 50.0 50.0 50.0 50.0 50.0 50.0 50.0 50.0 50.0 50.0 50.0 50.0 50.0 50.0 50.0 50.0 50.0 50.0 50.0 50.0 50.0 50.0 50.0 50.0 50.0 50.0 50.0 50.0 50.0 50.0 50.0 50.0 50.0 50.0 50.0 50.0 50.0 50.0 50.0 50.0 50.0 50.0 50.0 50.0 50.0 50.0 50.0 50.0 50.0 50.0 50.0 50.0 50.0 50.0 50.0 50.0 50.0 50.0 50.0 50.0 50.0 50.0 50.0 50.0 50.0 50.0 50.0 50.0 50.0 50.0 50.0 50.0 50.0 50.0 50.0 50.0 50.0 50.0 50.0 50.0 50.0 50.0 50.0 50.0 50.0 50.0 50.0 50.0 50.0 50.0 50.0 50.0 50.0 50.0 50.0 50.0 50.0 50.0 50.0 50.0 50.0 50.0 50.0 50.0 50.0 50.0 50.0 50.0 50.0 50.0 50.0 50.0 50.0 50.0 50.0 50.0 50.0 50.0 50.0 50.0 50.0 50.0 50.0 50.0 50.0 50.0 50.0 50.0 50.0 50.0 50.0 50.0 50.0 50.0 50.0 50.0 50.0 50.0 50.0 50.0 50.0 50.0 50.0 50.0 50.0 50.0 50.0 50.0 50.0 50.0 50.0 50.0 50.0 50.0 50.0 50.0 50.0 50.0 50.0 50.0 50.0 50.0 50.0 50.0 50.0 50.0 50.0 50.0 50.0 50.0 50.0 50.0 50.0 50.0 50.0 50.0 50.0 50.0 50.0 50.0 50.0 50.0 50.0 50.0 50.0 50.0 50.0 50.0 50.0 50.0 50.0 50.0 50.0 50.0 50.0 50.0 50.0 50.0 50.0 50.0 50.0 50.0 50.0 50.0 50.0 50.0 50.0 50.0 50.0 50.0 50.0 50.0 50.0 50.0 50.0 50.0 50.0 50.0 50.0 50.0 50.0 50.0 50.0 50.0 50.0 50.0 50.0 50.0 50.0 50.0 50.0 50.0 50.0 50.0 50.0 50.0 50.0 50.0 50.0 50.0 50.0 50.0 50.0 50.0 50.0 50.0 50.0 50.0 50.0 50.0 50.0 50.0 50.0 50.0 50.0 50.0 50.0 50.0 50.0 50.0 50.0 50.0 50.0 50.0 50.0 50.0 50.0 50.0 50.0 50.0 50.0 50.0 50.0 50.0 50.0 50.0 50.0 50.0 
# name: reacPower
# type: matrix
# rows: 1
# columns: 359
 7.701 7.701 7.701 7.701 7.701 7.701 7.701 7.701 7.701 7.805 7.701 7.701 7.701 7.701 7.701 7.701 7.701 6.348 6.452 6.452 5.412 5.308 5.412 5.308 5.308 5.308 5.308 5.308 5.308 6.348 6.348 6.348 6.348 6.348 6.244 6.14 7.077 7.285 7.285 7.285 7.389 7.389 7.389 7.389 7.493 7.493 7.493 7.285 7.285 6.14 5.203 7.389 7.493 7.597 7.597 7.389 7.493 7.493 7.493 7.493 7.701 7.805 7.701 7.389 7.597 7.493 7.597 7.597 7.91 7.91 7.91 7.597 7.701 7.701 7.701 7.701 7.91 7.91 7.91 7.493 7.597 7.597 7.701 7.701 7.91 7.805 7.805 7.493 7.597 7.597 7.597 7.597 7.91 7.91 7.805 7.493 7.701 6.348 6.348 6.452 5.724 5.516 5.516 5.308 5.308 5.308 5.308 5.308 5.412 5.516 6.452 6.348 6.452 7.701 7.701 7.701 7.91 7.91 7.91 7.701 7.701 7.701 7.701 7.701 7.91 7.91 7.91 7.701 7.701 7.701 7.701 7.805 7.91 7.91 7.91 7.701 7.701 7.701 7.597 7.597 7.701 7.701 7.701 7.493 7.493 7.493 7.493 7.493 7.597 7.701 7.701 7.597 6.244 6.244 6.244 6.244 5.412 5.412 5.412 5.308 5.308 5.516 5.412 5.412 6.452 6.452 6.452 6.452 6.452 6.452 6.452 6.452 7.805 7.805 7.91 7.91 7.91 7.91 7.91 7.805 7.805 7.91 7.91 7.91 7.91 7.91 7.91 7.91 7.91 7.91 7.91 7.91 7.91 7.91 7.91 7.597 7.597 7.597 6.244 6.348 7.701 7.701 7.701 7.701 7.701 7.701 7.597 7.597 7.597 7.91 7.91 7.701 7.91 7.91 7.91 7.91 7.91 7.805 7.805 7.597 7.597 7.597 7.597 7.597 7.597 7.597 7.701 7.701 7.701 7.701 7.701 7.701 7.701 7.701 7.597 7.597 7.597 7.701 6.348 6.348 6.348 6.348 6.348 6.348 6.348 6.348 6.348 6.348 6.348 6.348 6.348 6.348 6.348 6.348 7.701 7.701 7.701 7.701 7.701 7.701 7.805 7.805 7.805 7.805 7.805 7.805 7.805 7.805 7.805 7.805 7.805 7.805 7.805 7.805 7.805 7.805 7.805 7.805 7.805 7.805 7.805 7.91 7.91 7.91 7.91 7.91 7.91 7.805 7.805 7.805 7.805 7.805 7.805 7.805 7.805 7.805 7.805 7.805 7.701 7.805 7.805 7.805 7.805 5.412 5.516 6.452 6.452 7.91 7.91 7.805 7.805 7.91 7.805 7.805 7.91 7.91 7.91 7.91 7.91 7.91 7.91 7.91 7.91 7.91 7.91 7.91 7.91 7.91 7.91 8.014 8.014 8.014 8.014 8.014 7.91 7.91 8.014 7.91 8.014 7.91 7.91 7.91 7.91 7.91 7.91 7.91 7.91 7.91 7.91 7.91 7.805 7.805 7.805 7.805 7.805 7.805 7.805 7.805 7.805 
# name: power
# type: matrix
# rows: 1
# columns: 359
 4.267 4.267 4.267 4.267 4.267 4.267 4.267 4.267 4.267 4.267 4.267 4.267 4.267 4.267 4.267 4.267 4.267 3.955 3.955 3.955 3.642 3.434 2.393 2.081 2.081 2.081 2.081 2.081 2.081 2.289 2.914 2.601 2.706 2.706 2.706 7.181 9.054 8.846 9.054 8.95 8.95 8.95 8.95 8.95 6.765 6.869 6.869 8.95 8.95 8.326 7.701 8.846 6.765 6.973 6.869 9.887 8.742 9.054 9.054 9.159 6.765 7.077 7.077 10.512 8.95 9.263 9.263 9.054 6.869 7.077 7.181 10.199 9.159 9.054 9.159 9.159 6.973 7.077 7.181 11.344 9.263 9.263 9.263 8.95 6.869 6.973 7.077 9.991 9.471 9.159 9.054 9.159 7.077 7.181 7.181 10.616 9.054 8.534 8.534 8.43 6.036 6.14 6.14 8.742 8.014 8.014 8.222 8.118 6.036 6.14 6.557 8.534 8.534 9.054 9.367 9.159 6.973 7.077 7.077 9.159 9.263 9.471 9.471 9.159 7.077 7.077 7.077 9.575 9.159 8.95 9.471 7.181 6.973 7.077 7.077 9.054 9.159 9.159 9.159 8.742 6.869 6.973 6.973 9.263 9.054 8.95 9.367 9.159 6.869 6.973 6.973 9.159 8.638 8.534 8.742 8.43 6.036 6.036 6.14 7.91 8.118 3.642 3.642 3.642 3.955 3.955 3.955 3.955 3.955 3.955 3.955 3.955 4.267 4.267 3.122 2.601 2.601 2.497 2.497 2.497 2.497 2.497 2.497 2.497 2.601 2.497 2.497 2.497 2.497 2.497 2.601 2.601 2.601 2.601 2.497 2.497 2.497 2.497 2.289 2.289 2.497 2.497 2.497 2.497 2.497 2.497 2.497 2.497 2.497 2.497 2.497 2.497 2.497 2.497 2.497 2.497 2.601 4.163 4.267 4.163 4.163 4.163 4.163 4.163 4.163 4.163 4.163 4.163 4.163 4.163 4.163 4.163 4.163 4.267 4.163 4.163 4.267 4.267 3.955 3.85 3.955 3.85 3.85 3.955 3.85 3.85 3.85 3.85 3.955 3.955 3.955 3.85 3.955 3.955 4.267 4.267 4.267 4.267 4.267 4.267 4.267 4.267 4.267 4.267 4.267 4.267 4.267 4.267 4.267 4.267 4.267 4.267 4.267 4.267 4.267 4.267 4.267 4.267 4.267 4.267 4.267 4.267 4.267 4.267 4.267 4.267 4.267 4.267 4.267 4.267 4.267 4.267 4.267 4.267 4.267 4.267 4.267 4.267 4.267 4.267 4.267 4.267 4.267 3.642 3.642 3.955 3.955 4.267 4.267 4.267 4.267 4.267 4.267 4.267 4.267 4.267 4.267 4.267 4.267 4.267 4.267 4.267 4.267 4.267 4.267 4.267 4.267 4.267 4.267 4.267 4.267 4.267 4.267 4.371 4.267 4.267 4.267 4.267 4.267 4.267 4.267 4.267 4.267 4.267 4.267 4.267 4.267 4.267 4.267 4.267 4.267 4.267 4.267 4.267 4.267 4.267 4.267 4.267 4.267 
