# name: phAngle
# type: matrix
# rows: 1
# columns: 359
 30 30 30 30 30 30 30 30 30 30 30 30 30 30 30 30 30 30 30 30 30 30 30 30 30 30 30 30 30 30 30 30 30 30 30 30 30 30 30 30 30 30 30 30 30 30 30 30 30 30 30 30 30 30 30 30 30 30 30 30 30 30 30 30 30 30 30 30 30 30 30 30 30 30 30 30 30 30 30 30 30 30 30 30 30 30 30 30 30 30 30 30 30 30 30 30 30 30 30 30 30 30 30 30 30 30 30 30 30 30 30 30 30 30 30 30 30 30 30 30 30 30 30 30 30 30 30 30 30 30 30 30 30 30 30 30 30 30 30 30 30 30 30 30 30 30 30 30 30 30 30 30 30 30 30 30 30 30 30 24 22 22 20 22 22 22 22 22 20 22 20 20 20 20 20 22 22 22 20 22 22 22 22 22 22 22 22 22 22 22 20 20 20 20 20 22 22 22 22 22 22 22 22 22 20 22 20 22 22 22 22 22 20 20 22 22 22 20 22 20 20 22 22 22 22 22 20 22 22 22 22 20 22 22 22 22 22 22 22 22 22 20 22 22 22 22 22 22 22 22 22 22 22 22 22 22 22 22 22 22 22 22 22 22 22 20 22 22 20 20 22 22 22 22 22 22 22 22 20 22 22 22 20 22 22 20 20 22 22 22 20 22 22 20 20 22 22 22 22 22 20 20 22 22 22 22 22 22 20 20 22 22 22 22 22 22 22 22 22 22 22 22 22 22 22 22 22 22 22 22 22 22 22 22 20 22 22 22 22 22 22 22 22 22 22 22 20 22 22 22 22 22 22 22 22 20 22 22 22 
# name: freq
# type: matrix
# rows: 1
# columns: 359
 50.0 50.0 50.0 50.0 50.0 50.0 50.0 50.0 50.0 50.0 50.0 50.0 50.0 50.0 50.0 50.0 50.0 50.0 50.0 50.0 50.0 50.0 50.0 50.0 50.0 50.0 50.0 50.0 50.0 50.0 50.0 50.0 50.0 50.0 50.0 50.0 50.0 50.0 50.0 50.0 50.0 50.0 50.0 50.0 50.0 50.0 50.0 50.0 50.0 50.0 50.0 50.0 50.0 50.0 50.0 50.0 50.0 50.0 50.0 50.0 50.0 50.0 50.0 50.0 50.0 50.0 50.0 50.0 50.0 50.0 50.0 50.0 50.0 50.0 50.0 50.0 50.0 50.0 50.0 50.0 50.0 50.0 50.0 50.0 50.0 50.0 50.0 50.0 50.0 50.0 50.0 50.0 50.0 50.0 50.0 50.0 50.0 50.0 50.0 50.0 50.0 50.0 50.0 50.0 50.0 50.0 50.0 50.0 50.0 50.0 50.0 50.0 50.0 50.0 50.0 50.0 50.0 50.0 50.0 50.0 50.0 50.0 50.0 50.0 50.0 50.0 50.0 50.0 50.0 50.0 50.0 50.0 50.0 50.0 50.0 50.0 50.0 50.0 50.0 50.0 50.0 50.0 50.0 50.0 50.0 50.0 50.0 50.0 50.0 50.0 50.0 50.0 50.0 50.0 50.0 50.0 50.0 50.0 50.0 50.0 50.0 50.0 50.0 50.0 50.0 50.0 50.0 50.0 50.0 50.0 50.0 50.0 50.0 50.0 50.0 50.0 50.0 50.0 50.0 50.0 50.0 50.0 50.0 50.0 50.0 50.0 50.0 50.0 50.0 50.0 50.0 50.0 50.0 50.0 50.0 50.0 50.0 50.0 50.0 50.0 50.0 50.0 50.0 50.0 50.0 50.0 50.0 50.0 50.0 50.0 50.0 50.0 50.0 50.0 50.0 50.0 50.0 50.0 50.0 50.0 50.0 50.0 50.0 50.0 50.0 50.0 50.0 50.0 50.0 50.0 50.0 50.0 50.0 50.0 50.0 50.0 50.0 50.0 50.0 50.0 50.0 50.0 50.0 50.0 50.0 50.0 50.0 50.0 50.0 50.0 50.0 50.0 50.0 50.0 50.0 50.0 50.0 50.0 50.0 50.0 50.0 50.0 50.0 50.0 50.0 50.0 50.0 50.0 50.0 50.0 50.0 50.0 50.0 50.0 50.0 50.0 50.0 50.0 50.0 50.0 50.0 50.0 50.0 50.0 50.0 50.0 50.0 50.0 50.0 50.0 50.0 50.0 50.0 50.0 50.0 50.0 50.0 50.0 50.0 50.0 50.0 50.0 50.0 50.0 50.0 50.0 50.0 50.0 50.0 50.0 50.0 50.0 50.0 50.0 50.0 50.0 50.0 50.0 50.0 50.0 50.0 50.0 50.0 50.0 50.0 50.0 50.0 50.0 50.0 50.0 50.0 50.0 50.0 50.0 50.0 50.0 50.0 50.0 50.0 50.0 50.0 50.0 50.0 50.0 50.0 50.0 50.0 50.0 50.0 50.0 50.0 50.0 50.0 50.0 50.0 50.0 50.0 50.0 50.0 
# name: reacPower
# type: matrix
# rows: 1
# columns: 359
 8.902 8.902 8.902 8.902 8.799 9.006 8.902 8.902 8.902 8.902 8.902 8.799 8.902 8.902 8.902 8.902 8.902 8.799 8.902 8.799 8.902 8.902 8.902 8.902 8.902 8.902 8.902 8.799 8.799 8.799 8.695 8.799 8.799 8.902 8.902 8.799 8.799 8.902 8.902 8.902 8.799 8.902 8.799 8.799 8.695 8.902 8.799 8.902 8.902 8.902 8.799 8.902 8.902 8.902 8.902 8.902 8.799 8.902 8.799 8.799 8.799 8.902 8.902 8.695 8.799 8.799 8.799 8.799 8.799 8.902 8.695 8.695 8.799 8.695 8.799 8.799 8.902 8.902 8.799 8.695 8.695 8.799 8.592 8.592 8.592 8.592 8.695 8.488 8.695 8.799 8.592 8.695 8.695 8.695 8.592 8.695 8.695 8.695 8.695 8.695 8.695 8.799 8.695 8.799 8.695 8.799 8.695 8.695 8.695 8.695 8.178 8.695 8.695 8.695 8.695 8.799 8.695 8.695 8.695 8.799 8.695 8.695 8.695 8.799 8.695 8.695 8.488 8.695 8.695 8.799 8.799 8.799 8.799 8.695 8.695 8.799 8.695 8.799 8.695 8.695 8.695 8.799 8.695 8.695 8.695 8.695 8.695 8.799 8.695 8.695 8.592 8.695 8.695 8.695 8.695 8.695 8.695 8.695 8.592 8.695 8.592 8.799 8.799 8.799 8.799 8.902 8.799 8.799 8.902 8.799 8.799 8.799 8.799 8.799 8.799 8.799 8.799 8.799 8.695 8.799 8.695 8.695 8.695 8.799 8.695 8.695 8.695 8.799 8.695 8.799 8.799 8.799 8.799 8.799 8.799 8.799 8.799 8.799 8.695 8.592 8.695 8.799 8.695 8.695 8.695 8.488 8.488 8.695 8.695 8.695 8.695 8.799 8.488 8.695 8.695 8.695 8.695 8.695 8.695 8.799 8.695 8.695 8.695 8.695 8.799 8.799 8.799 8.799 8.902 8.902 8.902 8.902 8.902 8.902 8.902 8.902 8.799 8.799 8.799 8.488 8.799 8.695 8.799 8.695 8.902 8.902 8.902 8.799 9.006 8.799 8.902 8.799 8.695 8.799 8.902 8.799 8.799 8.799 8.902 8.902 8.902 8.902 8.799 8.799 8.799 8.799 8.902 8.799 8.902 8.799 8.592 8.799 8.799 8.799 8.902 8.799 8.902 8.902 8.902 8.799 8.799 8.902 8.799 8.902 8.902 8.799 8.902 8.902 8.799 8.902 9.006 9.006 9.006 9.006 9.006 9.006 8.799 9.006 9.006 8.902 8.902 8.902 9.006 9.006 8.902 9.006 9.006 9.006 9.006 8.902 8.902 8.902 8.592 8.799 8.902 8.902 9.006 8.902 8.902 8.902 8.902 8.902 8.902 8.902 8.902 8.902 8.902 8.695 8.385 8.695 8.799 8.799 8.799 8.695 8.799 8.799 8.799 8.799 8.592 8.695 8.799 8.695 8.592 8.799 8.902 8.695 8.799 8.799 8.799 8.799 8.902 8.799 8.902 8.902 8.799 8.799 8.799 8.902 8.799 
# name: power
# type: matrix
# rows: 1
# columns: 359
 15.01 15.113 15.113 15.113 15.113 15.113 15.113 15.113 15.113 15.113 15.113 15.113 15.113 15.113 15.113 15.113 15.113 15.217 15.113 15.113 15.217 15.217 15.217 15.217 15.217 15.217 15.217 15.217 15.217 15.217 15.217 15.217 15.217 15.217 15.217 15.217 15.217 15.217 15.217 15.217 15.217 15.321 15.321 15.217 15.321 15.321 15.321 15.321 15.321 15.321 15.321 15.321 15.321 15.321 15.321 15.321 15.321 15.321 15.321 15.321 15.321 15.424 15.424 15.424 15.424 15.424 15.424 15.424 15.424 15.424 15.424 15.424 15.424 15.424 15.424 15.424 15.424 15.424 15.424 15.424 15.424 15.321 15.321 15.321 15.321 15.321 15.321 15.321 15.321 15.321 15.321 15.424 15.321 15.424 15.321 15.424 15.424 15.321 15.321 15.424 15.424 15.424 15.424 15.424 15.424 15.424 15.424 15.424 15.424 15.424 15.424 15.424 15.424 15.424 15.424 15.424 15.424 15.424 15.424 15.424 15.424 15.424 15.424 15.528 15.528 15.424 15.424 15.424 15.528 15.528 15.528 15.528 15.528 15.424 15.528 15.528 15.424 15.528 15.528 15.424 15.424 15.528 15.424 15.424 15.424 15.424 15.424 15.424 15.424 15.424 15.424 15.528 15.528 15.528 15.528 15.528 15.424 15.217 16.356 19.772 21.428 21.428 22.67 22.567 21.946 22.36 22.36 22.463 22.981 22.256 22.774 22.774 22.981 22.67 23.085 22.567 22.36 22.67 22.67 22.463 22.567 22.463 21.946 22.153 21.946 21.428 22.049 21.428 22.256 21.739 22.67 22.774 22.774 22.981 23.085 22.049 22.463 22.567 21.532 22.463 21.428 21.428 22.463 22.049 22.878 22.256 22.67 21.428 21.428 21.532 22.153 21.946 22.878 22.774 22.36 21.428 21.428 22.774 21.739 23.085 22.67 21.532 21.325 21.635 22.67 22.567 22.981 22.256 21.428 21.739 22.153 23.085 21.635 21.532 22.153 21.532 22.256 22.256 22.463 21.532 21.635 22.67 22.463 21.532 22.67 21.946 21.635 21.635 21.739 21.635 21.635 21.635 21.635 21.532 21.635 21.739 21.635 21.635 21.635 21.739 21.635 21.635 21.635 21.532 21.532 22.878 22.36 21.532 22.878 22.981 22.567 22.36 21.325 22.049 22.567 21.532 21.946 21.842 23.188 21.532 21.428 22.567 22.774 22.153 21.532 22.67 22.981 22.153 21.428 22.36 22.774 21.532 21.428 22.774 22.774 22.256 21.532 22.256 22.049 22.153 22.774 22.981 22.153 21.428 22.256 22.36 21.428 21.532 22.981 22.67 21.325 21.428 22.67 21.739 22.463 22.67 22.256 21.325 22.153 22.256 21.325 22.256 22.153 21.428 21.428 22.256 21.325 22.049 22.36 21.946 22.567 22.67 21.428 21.325 22.774 21.428 21.221 21.946 21.428 21.221 22.567 22.049 21.221 21.946 22.153 21.325 22.774 21.739 21.325 22.36 22.36 21.325 21.946 22.256 22.153 22.774 21.739 22.463 22.256 
