# name: phAngle
# type: matrix
# rows: 1
# columns: 359
 71 71 71 71 71 71 71 71 71 71 71 71 71 71 71 71 71 71 71 71 71 71 71 71 71 71 71 71 71 71 71 71 71 71 71 71 71 71 71 71 71 71 71 71 71 71 63 63 63 63 63 63 71 71 71 71 71 71 71 71 71 71 56 56 56 56 56 56 56 56 56 71 71 71 71 63 63 63 63 63 63 63 27 34 37 37 37 37 37 37 45 45 45 45 37 37 37 37 45 45 45 45 37 37 37 37 45 34 34 34 34 34 34 34 45 34 34 34 34 34 27 34 45 34 34 34 37 37 37 37 45 45 45 45 37 37 37 37 45 45 45 45 37 37 37 37 37 37 37 37 37 45 45 45 37 37 37 37 37 45 45 45 37 37 37 37 45 45 45 45 37 37 37 37 37 45 45 45 37 37 37 37 37 45 45 45 37 37 37 37 37 34 34 34 27 27 37 37 37 71 71 71 71 76 76 76 76 76 76 76 76 76 76 76 76 71 76 76 76 76 71 76 76 76 76 76 76 76 76 76 37 37 37 37 37 37 37 37 45 45 45 37 37 37 37 37 45 45 45 37 37 37 37 37 45 45 45 37 37 27 34 27 27 27 27 34 34 34 34 34 34 34 34 27 27 37 37 37 45 45 45 37 37 37 37 37 45 45 45 37 37 37 37 37 45 45 45 31 37 37 37 37 45 63 63 56 63 56 56 63 63 63 63 63 63 63 63 63 63 63 63 63 56 56 56 56 56 56 56 56 56 56 56 56 56 56 56 56 56 56 56 56 56 56 56 56 56 56 56 56 56 56 56 56 56 56 56 56 56 
# name: freq
# type: matrix
# rows: 1
# columns: 359
 50.0 50.0 50.0 50.0 50.0 50.0 50.0 50.0 50.0 50.0 50.0 50.0 50.0 50.0 50.0 50.0 50.0 50.0 50.0 50.0 50.0 50.0 50.0 50.0 50.0 50.0 50.0 50.0 50.0 50.0 50.0 50.0 50.0 50.0 50.0 50.0 50.0 50.0 50.0 50.0 50.0 50.0 50.0 50.0 50.0 50.0 50.0 50.0 50.0 50.0 50.0 50.0 50.0 50.0 50.0 50.0 50.0 50.0 50.0 50.0 50.0 50.0 50.0 50.0 50.0 50.0 50.0 50.0 50.0 50.0 50.0 50.0 50.0 50.0 50.0 50.0 50.0 50.0 50.0 50.0 50.0 50.0 50.0 50.0 50.0 50.0 50.0 50.0 50.0 50.0 50.0 50.0 50.0 50.0 50.0 50.0 50.0 50.0 50.0 50.0 50.0 50.0 50.0 50.0 50.0 50.0 50.0 50.0 50.0 50.0 50.0 50.0 50.0 50.0 50.0 50.0 50.0 50.0 50.0 50.0 50.0 50.0 50.0 50.0 50.0 50.0 50.0 50.0 50.0 50.0 50.0 50.0 50.0 50.0 50.0 50.0 50.0 50.0 50.0 50.0 50.0 50.0 50.0 50.0 50.0 50.0 50.0 50.0 50.0 50.0 50.0 50.0 50.0 50.0 50.0 50.0 50.0 50.0 50.0 50.0 50.0 50.0 50.0 50.0 50.0 50.0 50.0 50.0 50.0 50.0 50.0 50.0 50.0 50.0 50.0 50.0 50.0 50.0 50.0 50.0 50.0 50.0 50.0 50.0 50.0 50.0 50.0 50.0 50.0 50.0 50.0 50.0 50.0 50.0 50.0 50.0 50.0 50.0 50.0 50.0 50.0 50.0 50.0 50.0 50.0 50.0 50.0 50.0 50.0 50.0 50.0 50.0 50.0 50.0 50.0 50.0 50.0 50.0 50.0 50.0 50.0 50.0 50.0 50.0 50.0 50.0 50.0 50.0 50.0 50.0 50.0 50.0 50.0 50.0 50.0 50.0 50.0 50.0 50.0 50.0 50.0 50.0 50.0 50.0 50.0 50.0 50.0 50.0 50.0 50.0 50.0 50.0 50.0 50.0 50.0 50.0 50.0 50.0 50.0 50.0 50.0 49.9 50.0 50.0 50.0 50.0 50.0 49.9 50.0 50.0 50.0 50.0 50.0 50.0 50.0 50.0 50.0 50.0 50.0 50.0 50.0 50.0 50.0 50.0 50.0 50.0 50.0 50.0 50.0 50.0 50.0 50.0 50.0 50.0 50.0 50.0 50.0 50.0 50.0 50.0 50.0 50.0 50.0 50.0 50.0 50.0 50.0 50.0 50.0 50.0 50.0 50.0 50.0 50.0 50.0 50.0 50.0 50.0 50.0 50.0 50.0 50.0 50.0 50.0 50.0 50.0 50.0 50.0 50.0 50.0 50.0 50.0 50.0 50.0 50.0 50.0 50.0 50.0 50.0 50.0 50.0 50.0 50.0 50.0 50.0 50.0 50.0 50.0 50.0 50.0 50.0 50.0 50.0 50.0 50.0 50.0 50.0 50.0 50.0 
# name: reacPower
# type: matrix
# rows: 1
# columns: 359
 7.701 7.701 7.597 7.597 7.701 7.597 7.597 7.597 7.597 7.389 7.597 7.597 7.597 7.597 7.701 7.701 7.701 7.701 7.701 7.597 7.701 7.597 7.597 7.701 7.597 7.701 7.701 7.701 7.701 7.701 7.701 7.597 7.701 7.701 7.701 7.701 7.701 7.701 7.701 6.452 6.348 6.348 6.348 6.244 6.244 6.244 5.308 5.308 5.203 5.308 5.308 5.203 6.244 6.244 6.244 6.244 6.244 6.244 6.244 6.244 6.244 6.244 7.597 7.597 7.597 7.597 7.597 7.597 7.597 7.597 7.701 6.348 6.348 6.348 6.348 5.308 5.412 5.412 5.412 5.412 5.412 5.412 5.203 5.203 6.14 6.244 6.14 6.14 6.244 6.036 6.869 7.389 7.389 7.389 7.285 7.285 7.285 7.285 7.493 7.493 7.493 7.597 6.244 6.14 6.14 6.14 5.203 5.203 5.099 5.203 5.099 5.099 4.995 4.995 5.099 5.099 5.099 5.099 4.995 4.995 4.995 5.099 5.099 5.099 5.099 5.099 6.036 6.036 6.036 7.181 7.389 7.389 7.493 7.493 7.285 7.285 7.077 7.077 7.285 7.285 7.285 7.285 7.077 7.181 7.077 7.181 7.181 7.181 7.077 7.389 7.389 7.597 7.493 7.493 7.285 7.181 7.285 7.285 7.285 7.389 7.493 7.389 7.285 7.181 7.181 7.181 7.285 7.389 7.389 7.597 7.285 7.389 7.389 7.285 7.389 7.597 7.493 7.597 7.389 7.389 7.389 7.389 6.14 6.348 6.348 6.244 6.244 6.348 6.348 6.14 6.348 5.412 5.412 5.412 5.308 5.308 6.348 6.348 6.348 6.661 6.661 6.661 6.661 8.118 8.118 8.118 8.118 8.118 8.118 8.118 8.118 8.118 8.118 8.118 8.014 7.91 7.91 7.91 7.91 8.014 7.91 7.91 8.014 7.91 7.91 8.014 8.014 7.91 8.014 7.91 7.493 7.493 7.493 7.493 7.389 7.389 7.285 7.389 7.493 7.597 7.597 7.285 7.389 7.389 7.389 7.389 7.597 7.597 7.597 7.493 7.493 7.389 7.389 7.389 7.597 7.597 7.493 6.973 6.14 5.203 5.203 5.203 5.099 5.203 5.203 5.203 5.203 5.203 5.203 5.203 5.308 5.308 5.308 5.203 5.203 6.14 7.389 7.389 7.597 7.597 7.597 7.389 7.389 7.389 7.389 7.389 7.597 7.597 7.597 7.181 7.389 7.389 7.389 7.389 7.597 7.597 7.597 7.493 7.389 7.493 7.493 7.493 7.701 7.91 7.91 7.91 7.91 7.91 7.91 7.91 7.91 7.91 8.014 8.014 8.014 8.014 8.014 7.91 8.014 8.014 7.91 8.014 7.805 7.805 7.91 7.805 7.701 7.701 7.805 7.701 7.805 7.805 7.805 7.805 7.805 7.701 7.701 7.805 7.805 7.805 7.805 7.805 7.805 7.805 7.805 7.805 7.805 7.805 7.805 7.805 7.805 7.701 7.701 7.701 7.701 7.701 7.701 7.701 7.701 
# name: power
# type: matrix
# rows: 1
# columns: 359
 2.497 2.497 2.497 2.497 2.497 2.497 2.497 2.497 2.497 2.497 2.497 2.497 2.497 2.497 2.497 2.497 2.497 2.497 2.497 2.497 2.497 2.497 2.497 2.497 2.497 2.497 2.497 2.497 2.497 2.497 2.497 2.497 2.497 2.497 2.497 2.497 2.497 2.497 2.497 4.059 3.746 3.746 3.85 3.85 3.85 3.85 3.538 3.538 3.538 3.538 3.538 3.642 3.85 3.85 3.85 3.85 3.85 3.85 3.85 3.85 3.85 3.85 4.163 4.163 4.163 4.163 4.163 4.163 4.163 4.163 4.163 3.85 3.85 3.85 3.85 3.538 3.642 3.642 3.642 2.601 2.081 3.642 8.222 7.91 8.43 8.43 8.43 8.43 8.222 8.118 6.557 6.765 6.869 7.181 8.742 8.742 8.846 8.742 6.765 6.869 6.869 7.597 8.222 8.326 8.43 8.534 5.828 6.036 6.036 6.036 7.805 7.91 7.701 7.805 5.828 5.932 5.932 6.348 7.805 7.805 7.91 7.805 5.828 5.932 5.932 6.036 8.638 8.534 8.43 8.95 6.765 6.869 6.973 6.973 8.95 9.054 8.95 8.95 6.869 6.973 6.973 7.285 9.471 8.846 8.742 9.054 9.054 8.95 9.159 9.159 8.95 6.973 7.077 7.077 9.263 8.95 9.054 8.95 8.846 6.973 6.973 6.869 8.95 9.054 9.054 9.054 6.973 7.077 7.077 7.077 9.159 9.159 9.263 9.159 9.159 6.973 6.973 7.077 9.159 9.159 9.159 9.159 8.638 6.557 6.557 6.452 8.638 8.638 8.534 8.638 8.534 6.036 6.14 6.14 7.91 8.014 8.43 8.534 8.638 2.81 2.289 2.289 2.393 2.601 2.601 2.601 2.601 2.601 2.601 2.601 2.601 2.601 2.601 2.601 2.601 2.497 2.601 2.601 2.497 2.601 2.497 2.601 2.601 2.601 2.601 2.601 2.601 2.601 2.601 2.601 8.742 9.054 9.159 9.159 8.95 8.846 9.159 8.846 6.765 6.869 6.973 9.054 8.846 8.846 8.742 8.742 6.869 6.973 6.973 8.846 8.95 8.95 9.054 8.638 6.765 6.869 6.869 8.95 8.43 8.014 7.805 8.014 9.471 7.91 8.014 7.805 7.91 7.805 7.805 7.285 5.932 6.036 6.036 8.326 7.91 8.43 9.367 9.159 6.869 6.973 6.973 9.263 8.95 8.846 8.95 8.95 6.869 6.869 6.869 10.512 8.95 9.054 8.95 8.95 6.869 6.973 6.869 8.638 8.95 9.263 9.263 9.263 6.973 4.371 4.267 4.267 4.371 4.371 4.371 4.371 4.371 4.371 4.371 4.371 4.371 4.371 4.371 4.371 4.371 4.371 4.371 4.371 4.371 4.267 4.267 4.267 4.267 4.267 4.267 4.267 4.267 4.267 4.267 4.267 4.267 4.267 4.267 4.267 4.267 4.267 4.267 4.267 4.267 4.267 4.267 4.267 4.267 4.267 4.267 4.267 4.267 4.267 4.267 4.267 4.267 4.267 4.267 4.267 4.267 
