# name: phAngle
# type: matrix
# rows: 1
# columns: 358
 45 45 45 45 45 45 45 45 45 45 45 45 45 45 45 45 45 45 45 45 45 45 45 45 45 45 45 45 45 45 45 45 45 45 45 45 45 45 45 45 45 45 45 45 45 45 45 45 45 45 45 45 45 45 45 45 45 45 45 45 45 45 45 45 45 45 45 45 45 45 45 45 45 45 45 45 45 45 45 45 45 45 45 45 45 45 45 45 45 45 45 45 45 45 45 45 45 45 45 45 45 45 45 45 45 45 45 45 45 45 45 45 45 45 45 45 45 45 45 45 45 45 45 45 45 45 45 45 45 45 45 45 45 45 45 45 45 45 45 45 45 45 45 45 45 45 45 45 45 45 45 45 45 45 45 45 45 45 45 45 45 45 45 45 45 45 45 45 45 45 45 45 45 45 45 45 45 45 45 45 45 45 45 45 45 45 45 45 45 45 45 45 45 45 45 45 45 45 45 45 45 45 45 45 45 45 45 45 45 45 45 45 45 45 45 45 45 45 45 45 45 45 45 45 45 45 45 45 45 45 45 45 45 45 45 45 45 45 45 45 45 45 45 45 45 45 45 45 45 45 45 45 45 45 45 45 45 45 45 45 45 45 45 45 45 45 45 45 45 45 45 45 45 45 45 45 45 45 45 45 45 45 45 45 45 45 45 45 45 45 45 45 45 45 45 45 45 45 45 45 45 45 45 45 45 45 45 45 45 45 45 45 45 45 45 45 45 45 45 45 45 45 45 45 45 45 45 45 45 45 45 45 45 45 45 45 45 45 45 45 45 45 45 45 45 45 45 45 45 45 45 45 45 45 45 45 45 45 
# name: freq
# type: matrix
# rows: 1
# columns: 358
 50.0 50.0 50.0 50.0 50.0 50.0 50.0 50.0 50.0 50.0 50.0 50.0 50.0 50.0 50.0 50.0 50.0 50.0 50.0 50.0 50.0 50.0 50.0 50.0 50.0 50.0 50.0 50.0 50.0 50.0 50.0 50.0 50.0 50.0 50.0 50.0 50.0 50.0 50.0 50.0 50.0 50.0 50.0 50.0 50.0 50.0 50.0 50.0 50.0 50.0 50.0 50.0 50.0 50.0 50.0 50.0 50.0 50.0 50.0 50.0 50.0 50.0 50.0 50.0 50.0 50.0 50.0 50.0 50.0 50.0 50.0 50.0 50.0 50.0 50.0 50.0 50.0 50.0 50.0 50.0 50.0 50.0 50.0 50.0 50.0 50.0 50.0 50.0 50.0 50.0 50.0 50.0 50.0 50.0 50.0 50.0 50.0 50.0 50.0 50.0 50.0 50.0 50.0 50.0 50.0 50.0 50.0 50.0 50.0 50.0 50.0 50.0 50.0 50.0 50.0 50.0 50.0 50.0 50.0 50.0 50.0 50.0 50.0 50.0 50.0 50.0 50.0 50.0 50.0 50.0 50.0 50.0 50.0 50.0 50.0 50.0 50.0 50.0 50.0 50.0 50.0 50.0 50.0 50.0 50.0 50.0 50.0 50.0 50.0 50.0 50.0 50.0 50.0 50.0 50.0 50.0 50.0 50.0 50.0 50.0 50.0 50.0 50.0 50.0 50.0 50.0 50.0 50.0 50.0 50.0 50.0 50.0 50.0 50.0 50.0 50.0 50.0 50.0 50.0 50.0 50.0 50.0 50.0 50.0 50.0 50.0 50.0 50.0 50.0 50.0 50.0 50.0 50.0 50.0 50.0 50.0 50.0 50.0 50.0 50.0 50.0 50.0 50.0 50.0 50.0 50.0 50.0 50.0 50.0 50.0 50.0 50.0 50.0 50.0 50.0 50.0 50.0 50.0 50.0 50.0 50.0 50.0 50.0 50.0 50.0 50.0 50.0 50.0 50.0 50.0 50.0 50.0 50.0 50.0 50.1 50.0 50.0 50.0 50.0 50.0 50.0 50.0 50.0 50.0 50.0 50.0 50.0 50.0 50.0 50.0 50.0 50.0 50.0 50.0 50.0 50.0 50.0 50.0 50.0 50.0 50.0 50.0 50.0 50.0 49.9 49.9 50.0 49.9 49.9 49.9 49.9 49.9 49.9 49.9 49.9 49.9 49.9 49.9 49.9 49.9 49.9 49.9 49.9 49.9 49.9 49.9 49.9 49.9 49.9 49.9 49.9 49.9 49.9 49.9 49.9 49.9 49.9 49.9 49.9 49.9 49.9 49.9 49.9 50.0 50.0 50.0 50.0 50.0 50.0 50.0 50.0 50.0 49.9 50.0 50.0 50.0 50.0 50.0 50.0 50.0 50.0 50.0 50.0 50.0 50.0 50.0 50.0 50.0 50.0 50.0 50.0 50.0 50.0 50.0 50.0 50.0 50.0 50.0 50.0 50.0 50.0 50.0 50.0 50.0 50.0 50.0 50.0 50.0 50.0 50.0 50.0 50.0 50.0 50.0 50.0 50.0 50.0 50.0 
# name: reacPower
# type: matrix
# rows: 1
# columns: 358
 3.018 3.018 3.018 3.018 3.018 3.018 3.018 3.018 3.018 3.018 3.018 3.018 2.914 3.018 3.018 3.018 3.018 3.018 3.018 3.018 3.018 3.018 3.018 3.018 3.018 3.018 3.018 3.018 3.018 3.018 3.018 3.018 3.018 3.018 3.018 3.018 3.018 3.018 3.018 3.018 3.018 3.018 3.018 3.018 3.018 3.018 3.018 3.018 3.018 3.018 3.018 3.018 3.018 3.018 3.018 3.018 3.018 2.914 2.914 3.018 2.914 2.914 3.018 3.018 3.018 3.018 3.018 3.018 3.018 3.018 3.018 3.122 3.018 3.018 3.018 3.018 3.018 3.018 3.018 3.018 3.018 3.018 3.018 3.018 3.122 3.018 3.122 3.122 3.018 3.018 3.122 3.122 3.122 3.122 3.122 3.122 3.018 3.122 3.122 3.018 3.122 3.018 3.122 3.018 3.018 3.122 3.122 3.018 3.018 3.018 3.018 3.018 3.018 3.122 3.018 3.018 3.018 3.018 3.018 3.018 3.018 3.018 3.018 3.018 3.018 3.018 3.018 3.018 3.018 3.018 3.018 3.018 3.018 3.018 3.018 3.018 3.018 3.018 3.018 3.018 3.018 3.018 3.018 3.018 3.018 2.914 3.018 3.018 3.018 3.018 3.018 3.018 3.018 3.018 3.018 3.018 3.018 3.018 3.018 3.018 3.018 3.018 3.018 3.018 3.018 3.018 3.018 3.018 3.018 3.018 3.018 3.018 3.018 3.018 3.018 3.018 3.018 3.018 3.018 3.018 3.018 3.018 3.018 3.018 3.018 3.018 3.018 3.018 3.018 3.018 3.018 3.018 3.018 3.018 3.018 3.018 3.018 3.018 3.018 3.018 3.018 3.018 3.018 3.018 3.018 3.018 3.018 3.018 3.018 3.018 3.018 3.122 3.018 3.018 2.914 3.018 3.018 3.018 3.018 3.018 3.122 3.018 3.018 3.018 3.018 3.018 3.018 3.018 3.018 3.018 3.018 3.018 3.122 3.018 3.018 3.018 3.018 3.018 3.018 3.018 3.122 3.018 3.018 3.122 3.122 3.122 3.122 3.122 3.018 3.018 3.018 3.018 3.018 3.018 3.018 3.018 3.018 3.018 3.018 2.914 2.914 2.914 2.914 2.914 2.914 3.018 2.914 3.018 3.018 3.018 3.018 3.018 3.018 3.018 3.018 3.018 3.018 3.018 3.018 3.018 3.018 2.914 3.018 2.914 3.018 3.018 3.018 3.018 2.914 2.914 2.914 2.914 2.914 2.914 3.018 2.914 3.018 3.122 3.018 3.122 3.122 3.122 3.122 3.122 3.122 3.122 3.122 3.122 3.122 3.122 3.122 3.122 3.122 3.122 3.122 3.122 3.122 3.122 3.122 3.122 3.122 3.122 3.122 3.122 3.122 3.122 3.122 3.122 3.122 3.122 3.122 3.122 3.122 3.122 3.122 3.122 3.122 3.122 3.018 3.122 3.122 3.122 3.122 3.122 3.122 3.122 3.122 3.122 3.122 3.018 3.018 3.018 3.018 3.018 3.018 3.018 3.018 3.018 
# name: power
# type: matrix
# rows: 1
# columns: 358
 2.497 2.497 2.497 2.497 2.497 2.497 2.497 2.497 2.497 2.497 2.497 2.497 2.497 2.497 2.497 2.497 2.497 2.497 2.497 2.497 2.497 2.497 2.497 2.497 2.497 2.497 2.497 2.497 2.497 2.497 2.497 2.497 2.497 2.497 2.497 2.497 2.497 2.497 2.497 2.497 2.497 2.497 2.497 2.497 2.497 2.497 2.497 2.497 2.497 2.497 2.497 2.497 2.497 2.497 2.497 2.497 2.497 2.497 2.497 2.497 2.497 2.497 2.497 2.497 2.497 2.497 2.497 2.497 2.497 2.497 2.497 2.497 2.497 2.497 2.497 2.497 2.497 2.497 2.497 2.497 2.497 2.497 2.497 2.497 2.497 2.497 2.497 2.497 2.497 2.497 2.497 2.497 2.497 2.497 2.497 2.497 2.497 2.497 2.497 2.497 2.497 2.497 2.497 2.497 2.497 2.497 2.497 2.497 2.497 2.497 2.497 2.497 2.497 2.497 2.497 2.497 2.497 2.497 2.497 2.497 2.497 2.497 2.497 2.497 2.497 2.497 2.497 2.497 2.497 2.497 2.497 2.497 2.497 2.497 2.497 2.497 2.497 2.497 2.497 2.497 2.497 2.497 2.497 2.497 2.497 2.497 2.497 2.497 2.497 2.497 2.497 2.497 2.497 2.497 2.497 2.497 2.497 2.497 2.497 2.497 2.497 2.497 2.497 2.497 2.497 2.497 2.497 2.497 2.497 2.497 2.497 2.497 2.497 2.497 2.497 2.497 2.497 2.497 2.497 2.497 2.497 2.497 2.497 2.497 2.497 2.497 2.497 2.497 2.497 2.497 2.497 2.497 2.497 2.497 2.497 2.497 2.497 2.497 2.497 2.497 2.497 2.497 2.497 2.497 2.497 2.497 2.497 2.497 2.497 2.497 2.497 2.497 2.497 2.497 2.497 2.497 2.497 2.497 2.497 2.497 2.497 2.497 2.497 2.497 2.497 2.497 2.497 2.497 2.497 2.497 2.497 2.497 2.497 2.497 2.497 2.497 2.497 2.497 2.497 2.497 2.497 2.497 2.497 2.497 2.497 2.497 2.497 2.497 2.497 2.497 2.497 2.497 2.497 2.497 2.497 2.497 2.497 2.497 2.497 2.497 2.393 2.497 2.497 2.497 2.497 2.497 2.497 2.497 2.497 2.497 2.497 2.497 2.497 2.497 2.497 2.497 2.497 2.497 2.497 2.497 2.497 2.497 2.497 2.497 2.497 2.497 2.497 2.497 2.497 2.497 2.497 2.497 2.497 2.497 2.497 2.497 2.497 2.497 2.497 2.497 2.497 2.497 2.497 2.497 2.497 2.497 2.497 2.497 2.497 2.497 2.497 2.601 2.497 2.497 2.497 2.497 2.497 2.497 2.497 2.497 2.497 2.497 2.497 2.497 2.497 2.497 2.497 2.497 2.497 2.497 2.497 2.497 2.497 2.497 2.497 2.497 2.497 2.497 2.497 2.497 2.497 2.497 2.497 2.497 2.497 2.497 2.497 2.497 2.497 2.497 2.497 2.497 2.497 2.497 2.497 2.497 2.497 2.497 
