# name: phAngle
# type: matrix
# rows: 1
# columns: 359
 45 45 45 45 45 45 45 45 45 45 45 45 45 45 45 45 45 45 45 45 45 45 45 45 45 45 45 45 45 45 45 45 45 45 45 45 45 45 45 45 45 45 45 45 45 45 45 45 45 45 45 45 45 45 45 45 45 45 45 45 45 45 45 45 45 45 45 45 45 45 45 45 45 45 45 45 45 45 45 45 45 45 45 45 45 45 45 45 45 45 45 45 45 45 45 45 45 45 45 45 45 45 45 45 45 45 45 45 45 45 45 45 45 45 45 45 45 45 45 45 45 45 45 45 45 45 45 45 45 45 45 45 45 45 45 45 45 45 45 45 45 45 45 45 45 45 45 45 45 45 45 45 45 45 45 45 45 45 45 45 45 45 45 45 45 45 45 45 45 45 45 45 45 45 45 45 45 45 45 45 45 45 45 45 45 45 45 45 45 45 45 45 45 45 45 45 45 45 45 45 45 45 45 45 45 45 45 45 45 45 45 45 45 45 45 45 45 45 45 45 45 45 45 45 45 45 45 45 45 45 45 45 45 45 45 45 45 45 45 45 45 45 45 45 45 45 45 45 45 45 45 45 45 45 45 45 45 45 45 45 45 45 45 45 45 45 45 45 45 45 45 45 45 45 45 45 45 45 45 45 45 45 45 45 45 45 45 45 45 45 45 45 45 45 45 45 45 45 45 45 45 45 45 45 45 45 45 45 45 45 45 45 45 45 45 45 45 45 45 45 45 45 45 45 45 45 45 45 45 45 45 45 45 45 45 45 45 45 45 45 45 45 45 45 45 45 45 45 45 45 45 45 45 45 45 45 45 45 45 
# name: freq
# type: matrix
# rows: 1
# columns: 359
 50.0 50.0 50.0 50.0 50.0 50.0 50.0 50.0 50.0 50.0 50.0 50.0 50.0 50.0 50.0 50.0 50.0 50.0 50.0 50.0 50.0 50.0 50.0 50.0 50.0 50.0 50.0 50.0 50.0 50.0 50.0 50.0 50.0 50.0 50.0 50.0 50.0 50.0 50.0 50.0 50.0 50.0 50.0 50.0 50.0 50.0 50.0 50.0 50.0 50.0 50.0 50.0 50.0 50.0 50.0 50.0 50.0 50.0 50.0 50.0 50.0 50.0 50.0 50.0 50.0 50.0 50.1 50.0 50.0 50.0 50.0 50.0 50.0 50.0 50.0 50.0 50.0 50.0 50.0 50.0 50.0 50.0 50.0 50.0 50.0 50.0 50.0 50.0 50.0 50.0 50.0 50.0 50.0 50.0 50.0 50.0 50.0 50.0 50.0 50.0 50.0 50.0 50.0 50.0 50.0 50.0 50.0 50.0 50.0 50.0 50.0 50.0 50.0 50.0 50.0 50.0 50.0 50.0 50.0 50.0 50.0 50.0 50.0 50.0 50.0 50.0 50.0 50.0 50.0 50.0 50.0 50.0 50.0 50.0 50.0 50.0 50.0 50.0 50.0 50.0 50.0 50.0 50.0 50.0 50.0 50.0 50.0 50.0 50.0 50.0 50.0 50.0 50.0 50.0 50.0 50.0 50.0 50.0 50.0 50.0 50.0 50.0 50.0 50.0 50.0 50.0 50.0 50.0 50.0 50.0 50.0 50.0 50.0 50.0 50.0 50.0 50.0 50.0 50.0 50.0 50.0 50.0 50.0 50.0 50.0 50.0 50.0 50.0 50.0 50.0 50.0 50.0 50.0 50.0 50.0 50.0 50.0 50.0 50.0 50.0 50.0 50.0 50.0 50.0 50.0 50.0 50.0 50.0 50.0 50.0 50.0 50.0 50.0 50.0 50.0 50.0 50.0 50.0 50.0 50.0 50.0 50.0 50.0 50.0 50.0 50.0 50.0 50.0 50.0 50.0 50.0 50.0 50.0 50.0 50.0 50.0 50.0 50.0 50.0 50.0 50.0 50.0 50.0 50.0 50.0 50.0 50.0 50.0 50.0 50.0 50.0 50.0 50.0 50.0 50.0 50.0 50.0 50.0 50.0 50.0 50.0 50.0 50.0 50.0 50.0 50.0 50.0 50.0 50.0 50.0 50.0 50.0 50.0 50.0 50.0 50.0 50.0 50.0 50.0 50.0 50.0 50.0 50.0 50.0 50.0 50.0 50.0 50.0 50.0 50.0 50.0 50.0 50.0 50.0 50.0 50.0 50.0 50.0 50.0 50.0 50.0 50.0 50.0 50.0 50.0 50.0 50.0 50.0 50.0 50.0 50.0 50.0 50.0 50.0 50.0 50.0 50.0 50.0 50.0 50.0 50.0 50.0 50.0 50.0 50.0 50.0 50.0 50.0 50.0 50.0 50.0 50.0 50.0 50.0 50.0 50.0 50.0 50.0 50.0 50.0 50.0 50.0 50.0 50.0 50.0 50.0 50.0 50.0 50.0 50.0 50.0 50.0 50.0 50.0 50.0 50.0 50.0 50.0 50.0 
# name: reacPower
# type: matrix
# rows: 1
# columns: 359
 3.33 3.33 3.33 3.33 3.226 3.33 3.226 3.226 3.226 3.226 3.226 3.226 3.226 3.226 3.226 3.226 3.226 3.226 3.226 3.226 3.226 3.226 3.226 3.226 3.226 3.226 3.226 3.226 3.226 3.226 3.226 3.226 3.226 3.226 3.226 3.226 3.226 3.226 3.226 3.226 3.226 3.226 3.226 3.226 3.226 3.33 3.226 3.226 3.226 3.226 3.226 3.226 3.226 3.33 3.33 3.33 3.33 3.226 3.33 3.226 3.226 3.226 3.226 3.226 3.226 3.226 3.226 3.226 3.226 3.226 3.226 3.226 3.226 3.226 3.33 3.33 3.226 3.226 3.33 3.226 3.33 3.33 3.33 3.33 3.33 3.33 3.33 3.33 3.33 3.33 3.33 3.33 3.33 3.33 3.33 3.33 3.33 3.33 3.33 3.33 3.33 3.33 3.33 3.33 3.33 3.33 3.33 3.33 3.33 3.33 3.33 3.33 3.33 3.33 3.33 3.33 3.33 3.33 3.33 3.33 3.33 3.33 3.33 3.33 3.33 3.434 3.33 3.33 3.33 3.33 3.33 3.33 3.33 3.33 3.33 3.33 3.33 3.33 3.33 3.33 3.33 3.33 3.33 3.33 3.33 3.33 3.33 3.33 3.33 3.33 3.33 3.33 3.434 3.434 3.434 3.33 3.434 3.33 3.33 3.434 3.434 3.434 3.434 3.434 3.434 3.434 3.434 3.434 3.434 3.434 3.33 3.33 3.434 3.434 3.434 3.33 3.33 3.33 3.434 3.33 3.33 3.434 3.434 3.33 3.33 3.33 3.33 3.33 3.33 3.33 3.33 3.33 3.33 3.33 3.33 3.33 3.33 3.33 3.33 3.33 3.33 3.33 3.33 3.33 3.33 3.33 3.434 3.434 3.33 3.33 3.434 3.434 3.434 3.434 3.33 3.33 3.434 3.434 3.434 3.434 3.33 3.434 3.434 3.33 3.33 3.33 3.33 3.434 3.33 3.33 3.33 3.33 3.33 3.33 3.33 3.33 3.33 3.434 3.33 3.434 3.434 3.434 3.434 3.434 3.434 3.434 3.434 3.434 3.434 3.434 3.434 3.434 3.434 3.434 3.434 3.538 3.538 3.538 3.538 3.538 3.434 3.434 3.226 3.226 3.33 3.33 3.226 3.226 3.226 3.33 3.33 3.226 3.226 3.33 3.226 3.226 3.226 3.226 3.33 3.226 3.33 3.33 3.33 3.33 3.33 3.33 3.33 3.33 3.33 3.226 3.226 3.33 3.33 3.226 3.226 3.33 3.33 3.33 3.33 3.33 3.33 3.33 3.33 3.33 3.33 3.33 3.33 3.33 3.33 3.33 3.33 3.33 3.33 3.226 3.226 3.226 3.33 3.33 3.33 3.226 3.226 3.226 3.33 3.226 3.226 3.226 3.226 3.33 3.226 3.226 3.226 3.226 3.226 3.226 3.226 3.226 3.226 3.226 3.226 3.33 3.226 3.33 3.226 3.33 3.33 3.226 3.226 3.226 3.226 3.226 3.226 3.226 3.226 3.226 3.226 3.226 3.226 3.226 3.226 
# name: power
# type: matrix
# rows: 1
# columns: 359
 2.601 2.601 2.601 2.601 2.601 2.601 2.601 2.601 2.601 2.601 2.601 2.601 2.601 2.601 2.601 2.601 2.601 2.601 2.601 2.601 2.601 2.601 2.601 2.601 2.601 2.601 2.601 2.601 2.601 2.601 2.601 2.601 2.601 2.601 2.601 2.601 2.601 2.601 2.601 2.601 2.601 2.601 2.601 2.601 2.601 2.601 2.601 2.601 2.601 2.601 2.601 2.601 2.601 2.601 2.601 2.601 2.601 2.601 2.601 2.601 2.601 2.601 2.601 2.601 2.601 2.601 2.601 2.601 2.601 2.601 2.601 2.601 2.601 2.601 2.601 2.601 2.601 2.601 2.601 2.601 2.601 2.601 2.601 2.601 2.601 2.601 2.601 2.601 2.601 2.601 2.601 2.601 2.601 2.601 2.601 2.601 2.601 2.601 2.601 2.601 2.601 2.706 2.601 2.601 2.601 2.601 2.601 2.601 2.601 2.601 2.601 2.601 2.601 2.601 2.601 2.601 2.601 2.601 2.601 2.601 2.601 2.601 2.601 2.601 2.601 2.601 2.601 2.601 2.601 2.601 2.601 2.601 2.601 2.601 2.601 2.601 2.601 2.601 2.601 2.601 2.601 2.601 2.601 2.601 2.601 2.601 2.601 2.601 2.601 2.601 2.601 2.601 2.601 2.601 2.601 2.601 2.601 2.601 2.601 2.601 2.601 2.706 2.601 2.601 2.601 2.601 2.601 2.601 2.601 2.601 2.601 2.601 2.601 2.601 2.601 2.601 2.601 2.601 2.601 2.601 2.601 2.601 2.601 2.601 2.601 2.601 2.601 2.601 2.601 2.601 2.601 2.601 2.601 2.601 2.601 2.601 2.601 2.601 2.601 2.601 2.601 2.601 2.601 2.601 2.601 2.601 2.601 2.601 2.601 2.601 2.601 2.601 2.601 2.601 2.601 2.601 2.601 2.601 2.601 2.601 2.601 2.601 2.601 2.601 2.601 2.601 2.601 2.601 2.601 2.601 2.601 2.601 2.601 2.601 2.601 2.601 2.601 2.601 2.601 2.601 2.601 2.601 2.601 2.601 2.601 2.601 2.601 2.601 2.601 2.601 2.601 2.601 2.601 2.601 2.601 2.706 2.706 2.706 2.706 2.706 2.706 2.706 2.601 2.601 2.601 2.601 2.601 2.601 2.601 2.601 2.601 2.601 2.601 2.601 2.601 2.601 2.601 2.601 2.601 2.601 2.601 2.601 2.601 2.601 2.601 2.601 2.601 2.601 2.601 2.601 2.601 2.601 2.601 2.601 2.601 2.601 2.601 2.601 2.601 2.601 2.601 2.601 2.601 2.601 2.601 2.601 2.601 2.601 2.601 2.601 2.601 2.601 2.601 2.601 2.601 2.601 2.601 2.601 2.601 2.601 2.601 2.601 2.601 2.601 2.601 2.601 2.601 2.601 2.601 2.601 2.601 2.601 2.601 2.601 2.601 2.601 2.601 2.601 2.601 2.601 2.601 2.601 2.601 2.601 2.601 2.601 2.601 2.601 2.601 2.601 2.601 2.601 2.601 2.601 2.601 2.601 2.601 2.601 2.601 
