# name: phAngle
# type: matrix
# rows: 1
# columns: 352
 24 24 24 12 12 12 12 12 12 12 12 12 12 12 12 12 12 12 12 12 12 12 12 12 12 12 12 12 12 12 12 12 12 12 12 12 12 12 12 12 12 12 12 12 12 12 12 12 12 12 12 12 12 12 12 12 12 12 12 12 12 12 12 12 12 12 12 12 12 12 12 12 12 12 12 12 12 12 12 12 12 12 12 12 12 12 12 12 12 12 12 12 12 12 12 12 12 12 12 12 12 12 12 12 12 12 12 12 12 12 12 12 12 12 12 12 12 12 12 12 12 12 12 12 12 12 12 12 12 12 12 12 12 12 12 12 12 12 12 12 12 12 12 12 12 12 12 12 12 12 12 12 12 12 12 12 12 12 12 12 12 12 12 12 12 12 12 12 12 12 12 12 12 12 12 12 12 12 12 12 12 12 12 12 12 12 12 12 12 12 12 12 12 12 12 12 12 12 12 12 12 12 12 12 12 12 12 12 12 12 12 12 12 12 12 12 12 12 12 12 12 12 12 12 12 12 12 12 12 12 12 12 12 12 12 12 12 12 12 12 12 12 12 12 12 12 12 12 12 12 12 12 12 12 12 12 12 12 12 12 12 12 12 12 12 12 12 12 12 12 12 12 12 12 12 12 12 12 12 12 12 12 12 12 12 12 12 12 12 12 12 12 12 12 12 12 12 12 12 12 12 12 12 12 12 12 12 12 12 12 12 12 12 12 12 12 12 12 12 12 12 12 12 12 12 12 12 12 12 12 12 12 12 12 12 12 12 12 12 12 12 12 12 12 12 12 12 12 12 12 12 12 
# name: freq
# type: matrix
# rows: 1
# columns: 352
 50.0 50.0 50.0 50.0 50.0 50.0 50.0 50.1 50.0 50.0 50.0 50.0 50.0 50.0 50.0 50.0 50.0 50.0 50.0 50.0 50.0 50.0 50.0 50.0 50.0 50.0 50.0 50.0 50.0 50.0 50.0 50.0 50.0 50.0 50.0 50.0 50.0 50.0 50.0 50.0 50.0 50.0 50.0 50.0 50.0 50.0 50.0 50.0 50.0 50.0 50.0 50.0 50.0 50.0 50.0 50.0 50.0 50.0 50.0 50.0 50.0 50.0 50.0 50.0 50.0 50.0 50.0 50.0 50.0 50.0 50.0 50.0 50.0 50.0 50.0 50.0 50.0 50.0 50.0 50.0 50.0 50.0 50.0 50.0 50.0 50.0 50.0 50.0 50.0 50.0 50.0 50.0 50.0 50.0 50.0 50.0 50.0 50.0 50.0 50.0 50.0 50.0 50.0 50.0 50.0 50.0 50.0 50.0 50.0 50.0 50.0 50.0 50.0 50.0 50.0 50.0 50.0 50.0 50.0 50.0 50.0 50.0 50.0 50.0 50.0 50.0 50.0 50.0 50.0 50.0 50.0 50.0 50.0 50.0 50.0 50.0 50.0 50.0 50.0 50.0 50.0 50.0 50.0 50.0 50.0 50.0 50.0 50.0 50.0 50.0 50.0 50.0 50.0 50.0 50.0 50.0 50.0 50.0 50.0 50.0 50.0 50.0 50.0 50.0 50.0 50.0 50.0 50.0 50.0 50.0 50.0 50.0 50.1 50.0 50.0 50.0 50.0 50.0 50.0 50.0 50.0 50.0 50.0 50.0 50.0 50.0 50.0 50.0 50.0 50.0 50.0 50.0 50.0 50.0 50.0 50.0 50.0 50.0 50.0 50.0 50.0 50.0 50.0 50.0 50.0 50.0 50.0 50.0 50.0 50.0 50.0 50.0 50.0 50.0 50.0 50.0 50.1 50.0 50.0 50.0 50.0 50.0 50.0 50.0 50.0 50.0 50.0 50.0 50.0 50.0 50.0 50.0 50.0 50.0 50.0 50.0 50.0 50.0 50.0 50.0 50.0 50.0 50.0 50.0 50.0 50.0 50.0 50.0 50.0 50.0 50.0 50.0 50.0 50.0 50.0 50.0 50.0 50.0 50.0 50.0 49.9 50.0 50.0 49.9 49.9 49.9 49.9 50.0 49.9 49.9 49.9 49.9 49.9 49.9 49.9 50.0 50.0 50.0 49.9 50.0 50.0 49.9 49.9 50.0 50.0 50.0 49.9 50.0 50.0 50.0 50.0 50.0 50.0 50.0 50.0 50.0 50.0 50.0 50.0 50.0 50.0 50.0 50.0 50.0 50.0 49.9 50.0 50.0 50.0 50.0 50.0 50.0 50.0 50.0 49.9 50.0 50.0 50.0 50.0 50.0 50.0 50.0 50.0 50.0 50.0 50.0 50.0 50.0 50.0 50.0 50.0 50.0 50.0 50.0 50.0 50.0 50.0 50.0 50.0 50.0 50.0 50.0 50.0 50.0 50.0 50.0 50.0 50.0 50.0 50.0 50.0 50.0 
# name: reacPower
# type: matrix
# rows: 1
# columns: 352
 8.695 8.695 8.695 7.66 7.556 7.556 7.556 7.556 7.556 7.66 7.66 7.556 7.556 7.556 7.66 7.556 7.556 7.453 7.453 7.453 7.453 7.453 7.453 7.556 7.556 7.453 7.453 7.556 7.453 7.453 7.453 7.453 7.453 7.556 7.556 7.556 7.556 7.66 7.66 7.66 7.556 7.556 7.66 7.556 7.556 7.66 7.556 7.556 7.556 7.556 7.66 7.556 7.556 7.66 7.556 7.556 7.66 7.66 7.556 7.66 7.556 7.556 7.556 7.66 7.556 7.556 7.66 7.66 7.66 7.556 7.66 7.66 7.66 7.453 7.556 7.556 7.556 7.556 7.556 7.453 7.556 7.556 7.453 7.556 7.556 7.556 7.556 7.556 7.66 7.556 7.556 7.66 7.66 7.867 7.764 7.764 7.66 7.66 7.556 7.556 7.66 7.66 7.66 7.764 7.764 7.66 7.764 7.66 7.66 7.764 7.764 7.764 7.764 7.764 7.764 7.764 7.764 7.764 7.764 7.764 7.764 7.764 7.66 7.867 7.66 7.66 7.66 7.66 7.556 7.556 7.66 7.764 7.66 7.66 7.66 7.66 7.66 7.66 7.66 7.66 7.66 7.556 7.66 7.66 7.66 7.66 7.66 7.66 7.66 7.66 7.66 7.66 7.66 7.66 7.66 7.66 7.764 7.66 7.66 7.764 7.66 7.66 7.764 7.66 7.66 7.66 7.66 7.764 7.764 7.764 7.66 7.66 7.66 7.764 7.764 7.66 7.764 7.66 7.764 7.867 7.764 7.867 7.764 7.764 7.764 7.764 7.764 7.867 7.764 7.764 7.764 7.764 7.764 7.764 7.867 7.764 7.764 7.764 7.764 7.867 7.867 7.867 7.971 7.764 7.867 7.971 7.867 7.867 7.971 7.867 7.867 7.867 7.867 7.971 7.867 7.867 7.764 7.867 7.867 7.867 7.867 7.867 7.764 7.867 7.867 7.764 7.867 7.867 7.867 7.867 7.867 7.764 7.764 7.867 7.764 7.867 7.764 7.867 7.867 7.764 7.867 7.867 7.764 7.867 7.867 7.867 7.867 7.867 7.971 7.971 7.867 7.867 7.971 7.971 7.971 7.867 7.971 7.971 7.971 8.074 7.867 7.971 7.867 7.971 7.867 7.867 7.867 7.867 7.867 7.867 7.971 7.867 7.971 7.764 7.867 7.971 7.867 7.971 7.971 7.764 7.867 7.867 7.867 7.867 7.867 7.867 7.867 7.867 7.867 7.867 7.764 7.764 7.867 7.867 7.971 7.867 7.867 7.971 7.867 7.867 7.867 7.867 7.867 7.867 7.971 7.764 7.867 7.867 7.867 7.867 7.867 7.867 7.764 7.764 7.764 7.867 7.66 7.66 7.764 7.764 7.764 7.764 7.764 7.764 7.764 7.764 7.764 7.764 7.764 7.764 7.764 7.764 7.764 7.764 7.764 7.764 7.764 7.764 7.764 7.764 7.764 7.764 7.764 7.764 7.764 7.764 7.764 7.764 7.764 7.764 7.764 7.867 
# name: power
# type: matrix
# rows: 1
# columns: 352
 20.289 20.289 20.289 29.71 29.917 29.606 29.503 29.503 29.606 29.71 29.71 29.606 30.227 29.813 29.71 30.02 30.124 29.399 29.917 29.813 29.192 29.606 29.606 29.192 29.399 29.399 29.917 29.089 29.813 29.71 29.399 29.71 29.71 29.503 29.399 29.503 30.02 29.917 29.296 29.71 29.813 29.606 29.813 29.606 30.124 29.399 29.917 29.917 29.71 29.71 29.71 30.227 29.503 29.813 29.813 29.813 29.503 30.02 29.917 29.503 29.813 29.606 30.124 29.399 29.813 29.917 29.71 29.606 30.124 30.02 29.813 29.917 29.606 30.02 29.503 29.813 29.503 30.02 29.296 29.813 29.503 29.917 29.399 29.71 29.503 29.917 29.296 29.606 29.71 30.124 29.399 29.71 29.606 29.71 29.192 29.71 29.606 29.503 29.192 29.71 29.503 29.813 29.296 29.71 29.606 30.02 29.399 29.71 29.503 29.917 29.399 29.606 29.71 29.917 29.503 29.606 29.917 29.813 29.71 29.503 29.71 29.503 29.917 29.192 29.606 29.296 29.71 29.399 29.399 29.813 29.503 29.813 29.192 29.606 29.296 29.813 29.296 29.503 29.813 29.71 29.399 29.296 29.71 29.503 29.813 29.503 29.503 29.917 29.71 30.02 29.296 29.813 30.02 29.813 29.503 29.296 29.606 29.399 29.813 29.296 29.399 29.71 29.503 29.813 29.089 29.606 29.813 29.606 29.296 29.192 29.606 29.399 29.606 29.503 29.296 29.606 29.503 29.917 29.503 29.399 29.71 29.503 29.917 29.606 29.399 29.71 29.606 29.917 29.399 29.606 29.813 29.606 30.02 29.503 29.503 29.813 29.503 29.917 29.399 29.503 29.813 29.606 29.71 29.503 29.296 29.71 29.503 29.813 29.399 29.296 29.606 29.399 29.813 29.399 29.503 29.71 29.71 29.813 29.606 29.399 29.813 30.02 29.813 30.124 29.503 29.71 29.917 29.71 30.02 29.606 29.606 29.813 29.606 29.917 29.71 29.296 29.813 30.02 29.813 30.02 29.399 29.71 30.02 29.71 30.02 29.71 29.399 29.813 29.813 29.813 30.124 29.606 29.606 29.71 30.02 29.813 30.124 29.71 30.124 29.813 29.71 30.02 29.917 29.296 29.606 29.813 29.606 29.917 29.606 30.02 29.71 30.02 29.813 30.124 29.503 29.606 29.813 29.399 29.71 29.606 29.399 29.606 29.917 29.71 29.917 29.503 29.503 29.71 29.917 29.813 30.124 29.399 29.71 29.917 29.606 30.02 30.124 29.503 29.917 30.02 29.71 30.02 29.606 29.503 29.813 29.813 29.606 29.813 29.606 29.399 29.71 29.71 29.813 29.503 29.71 29.192 29.71 29.503 29.71 29.503 29.71 29.296 29.296 29.606 29.813 29.503 29.813 29.296 29.192 29.296 29.606 29.813 29.503 29.813 29.296 29.296 29.813 29.813 29.503 29.813 29.399 29.296 29.606 29.71 29.503 29.813 30.02 29.606 29.503 29.606 29.399 29.71 
