# name: phAngle
# type: matrix
# rows: 1
# columns: 360
 17 24 24 15 15 15 13 12 13 12 12 12 13 15 15 15 15 15 15 15 15 15 15 15 15 15 15 15 15 15 15 15 15 15 15 15 15 15 15 15 15 15 15 15 15 15 15 15 15 15 15 15 15 15 15 15 15 15 15 15 15 15 15 15 15 15 15 15 15 15 15 15 15 15 15 15 15 15 15 15 15 15 15 15 15 15 15 15 15 15 15 15 15 15 15 15 15 15 15 15 15 15 15 15 15 15 15 15 15 15 15 15 15 15 15 15 15 15 15 15 15 15 15 15 15 15 15 15 15 15 15 15 15 15 15 15 15 15 13 12 13 13 13 13 13 13 13 13 13 13 13 13 13 13 13 13 13 13 13 13 13 13 13 13 13 13 13 13 13 13 13 13 13 13 13 13 13 13 13 13 13 13 13 13 13 13 13 13 13 13 13 13 13 13 13 13 13 13 13 13 13 13 13 13 13 13 13 13 13 13 13 13 13 13 13 13 13 13 13 13 13 13 13 13 13 13 13 13 13 13 13 13 13 13 13 13 13 13 13 13 13 13 13 13 13 13 13 13 13 13 13 13 13 13 13 13 13 13 13 13 13 13 13 13 13 13 13 13 13 13 13 13 13 13 13 13 13 13 13 13 13 13 13 13 13 13 13 13 13 13 13 13 13 13 13 13 13 13 13 13 13 13 13 13 13 13 13 13 13 13 13 13 13 13 13 13 13 13 13 13 13 13 13 13 13 13 13 13 13 13 13 13 13 13 13 13 13 13 13 13 13 13 13 13 13 13 13 13 13 13 13 13 13 13 13 13 13 13 13 13 
# name: freq
# type: matrix
# rows: 1
# columns: 360
 50.0 50.0 50.0 50.0 50.0 50.0 50.0 50.0 50.0 50.0 50.0 50.0 50.0 50.0 50.0 50.0 50.0 50.0 50.0 50.0 50.0 50.0 50.0 50.0 50.0 50.0 50.0 50.0 50.0 50.0 50.0 50.0 50.0 50.0 50.0 50.0 50.0 50.0 50.0 50.0 50.0 50.0 50.0 50.0 50.0 50.0 50.0 50.0 50.0 50.0 50.0 50.0 50.0 50.0 50.0 50.0 50.0 50.0 50.0 50.0 50.0 50.0 50.0 50.0 50.0 50.0 50.0 50.0 50.0 50.0 50.0 50.0 50.0 50.0 50.0 50.0 50.0 50.0 50.0 50.0 50.0 50.0 50.0 50.0 50.0 50.0 50.0 50.0 50.0 50.0 50.0 50.0 50.0 50.0 50.0 50.0 50.0 50.0 50.0 50.0 50.0 50.0 50.0 50.0 50.0 50.0 50.0 50.0 50.0 50.0 50.0 50.0 50.0 50.0 50.0 50.0 50.0 50.0 50.0 50.0 50.0 50.0 50.0 50.0 50.0 50.0 50.0 50.0 50.0 50.0 50.0 50.0 50.0 50.0 50.0 50.0 50.0 50.0 50.0 50.0 50.0 50.0 50.0 50.0 50.0 50.0 50.0 50.0 50.0 50.0 50.0 50.0 50.0 50.0 50.0 50.0 50.0 50.0 50.0 50.0 50.0 50.0 50.0 50.0 50.0 50.0 50.0 50.0 50.0 50.0 50.0 50.0 50.0 50.0 50.0 50.0 50.0 50.0 50.0 50.0 50.0 50.0 50.0 50.0 50.0 50.0 50.0 50.0 50.0 50.0 50.0 50.0 50.0 50.0 50.0 50.0 50.0 50.0 50.0 50.0 50.0 50.0 50.0 50.0 50.0 50.0 50.0 50.0 50.0 50.0 50.0 50.0 50.0 50.0 50.0 50.0 50.0 50.0 50.0 50.0 50.0 50.0 50.0 50.0 50.0 50.0 50.0 50.0 50.0 50.0 50.0 50.0 50.0 50.0 50.0 50.0 50.0 50.0 50.0 50.0 50.0 50.0 50.0 50.0 50.0 50.0 50.0 50.0 50.0 50.0 50.0 50.0 50.0 50.0 50.0 50.0 50.0 50.0 50.0 50.0 50.0 50.0 50.0 49.9 50.0 50.0 50.0 50.0 50.0 50.0 50.0 50.0 50.0 50.0 50.0 50.0 50.0 50.0 50.0 50.0 50.0 50.0 50.0 50.0 50.0 50.0 50.0 50.0 50.0 50.0 50.0 50.0 50.0 50.0 50.0 50.0 50.0 50.0 50.0 50.0 50.0 50.0 50.0 50.0 50.0 50.0 50.0 50.0 50.0 50.0 50.0 50.0 50.0 50.0 50.0 50.0 50.0 50.0 50.0 50.0 50.0 50.0 50.0 50.0 50.0 50.0 50.0 50.0 50.0 50.0 50.0 50.0 50.0 50.0 50.0 50.0 50.0 50.0 50.0 50.0 50.0 50.0 50.0 50.0 50.0 50.0 50.0 50.0 50.0 50.0 50.0 50.0 50.0 50.0 50.0 50.0 50.0 50.0 50.0 50.0 
# name: reacPower
# type: matrix
# rows: 1
# columns: 360
 7.971 8.488 8.488 7.971 7.971 7.971 7.867 7.867 7.867 7.764 7.867 7.764 7.764 7.971 7.971 7.971 7.971 7.971 7.971 7.971 7.971 7.971 7.971 8.074 7.971 8.074 8.074 8.074 8.074 8.074 8.074 8.074 8.074 8.074 8.178 8.178 8.074 8.074 8.074 8.074 8.074 8.074 8.074 7.971 8.074 7.971 8.178 7.971 8.178 7.867 8.074 7.971 7.971 7.971 7.971 8.074 7.971 8.178 7.971 8.074 7.971 8.074 7.971 8.074 7.971 7.971 7.971 7.971 8.074 7.971 8.074 7.971 8.074 7.971 8.074 7.971 8.074 7.971 7.971 8.074 7.971 7.867 7.556 7.66 7.556 7.66 7.556 7.66 7.556 7.66 7.66 7.556 7.556 7.453 7.556 7.453 7.556 7.349 7.556 7.349 7.556 7.556 7.453 7.66 7.453 7.556 7.453 7.556 7.453 7.556 7.453 7.453 7.556 7.453 7.556 7.453 7.66 7.453 7.66 7.453 7.556 7.453 7.556 7.453 7.556 7.66 7.453 7.66 7.453 7.66 7.453 7.556 7.453 7.556 7.453 7.556 7.556 7.453 7.556 7.349 7.453 7.349 7.453 7.556 7.556 7.556 7.453 7.453 7.453 7.453 7.453 7.453 7.453 7.453 7.453 7.453 7.556 7.453 7.453 7.453 7.453 7.453 7.453 7.453 7.453 7.453 7.453 7.453 7.453 7.453 7.453 7.453 7.556 7.453 7.453 7.453 7.453 7.453 7.453 7.453 7.453 7.453 7.453 7.453 7.453 7.453 7.453 7.349 7.453 7.453 7.453 7.453 7.453 7.453 7.453 7.453 7.556 7.453 7.453 7.556 7.556 7.556 7.556 7.556 7.556 7.556 7.556 7.556 7.556 7.556 7.556 7.453 7.453 7.556 7.453 7.556 7.556 7.556 7.556 7.556 7.453 7.556 7.453 7.453 7.453 7.453 7.556 7.66 7.66 7.556 7.66 7.66 7.66 7.556 7.66 7.66 7.66 7.66 7.66 7.556 7.556 7.66 7.66 7.66 7.556 7.556 7.556 7.556 7.556 7.556 7.556 7.556 7.556 7.556 7.556 7.453 7.556 7.453 7.556 7.453 7.453 7.453 7.453 7.453 7.453 7.453 7.66 7.556 7.453 7.453 7.556 7.556 7.556 7.556 7.556 7.556 7.556 7.556 7.66 7.66 7.66 7.556 7.556 7.556 7.556 7.556 7.556 7.556 7.556 7.556 7.66 7.556 7.556 7.556 7.556 7.556 7.556 7.556 7.556 7.556 7.556 7.556 7.556 7.556 7.556 7.66 7.556 7.556 7.556 7.66 7.66 7.66 7.556 7.556 7.764 7.66 7.66 7.66 7.66 7.66 7.66 7.764 7.764 7.764 7.66 7.66 7.66 7.556 7.556 7.556 7.556 7.556 7.556 7.556 7.556 7.556 7.556 7.453 7.453 7.453 7.556 7.556 7.453 7.453 7.556 7.556 7.556 7.453 7.556 7.453 7.453 7.66 7.66 7.66 7.66 7.66 7.66 7.764 7.66 7.764 
# name: power
# type: matrix
# rows: 1
# columns: 360
 21.014 19.875 19.875 24.223 24.223 24.223 28.157 29.917 28.364 29.089 30.642 29.089 28.364 24.223 24.12 24.223 24.12 24.12 24.12 24.12 24.12 24.12 24.12 24.12 24.12 24.223 24.223 24.223 24.223 24.223 24.223 24.223 24.223 24.223 24.223 24.223 24.223 24.223 24.223 24.223 24.223 24.223 24.223 24.327 24.223 24.327 24.12 24.43 24.223 24.327 24.223 24.327 24.223 24.327 24.223 24.223 24.327 24.12 24.43 24.12 24.327 24.223 24.327 24.223 24.327 24.223 24.223 24.223 24.016 24.327 24.12 24.327 24.12 24.327 24.223 24.43 24.327 24.327 24.327 24.223 24.43 23.809 24.016 23.706 23.913 23.706 23.913 23.809 23.913 23.809 23.706 23.809 23.499 23.706 23.602 23.706 23.602 23.706 23.602 23.706 23.706 23.706 23.706 23.499 23.706 23.602 23.809 23.602 23.706 23.602 23.706 23.602 23.602 23.706 23.499 23.809 23.602 23.809 23.602 23.809 23.602 23.809 23.706 23.706 23.706 23.602 23.706 23.499 23.809 23.602 23.809 23.602 23.706 23.602 23.706 23.706 23.499 23.706 27.432 29.192 28.054 28.675 27.743 27.95 27.743 27.432 27.846 27.639 27.743 27.846 28.054 27.536 27.95 27.95 28.054 27.846 27.743 27.743 28.261 27.639 28.054 28.054 27.846 27.95 28.157 28.157 27.639 28.054 27.743 27.846 27.743 28.054 27.846 27.743 27.846 27.846 28.054 27.536 27.846 27.743 28.157 27.536 27.846 27.846 27.639 28.157 28.054 27.95 27.743 28.261 28.157 28.054 27.95 27.95 28.157 28.054 27.743 27.95 28.261 28.054 27.639 28.054 27.846 28.054 27.536 27.846 27.846 27.95 27.536 27.95 28.157 27.846 27.639 27.639 27.95 27.846 27.743 27.639 27.846 27.743 27.743 27.536 27.846 27.639 28.157 27.432 27.846 27.639 28.157 27.639 27.95 28.157 28.054 27.95 27.743 28.054 27.95 28.261 27.639 28.054 27.846 28.054 27.743 27.846 28.054 27.95 27.743 27.536 27.95 27.743 28.157 27.536 27.846 27.95 27.743 27.95 27.536 27.95 27.639 27.95 27.639 27.639 27.846 27.639 28.054 27.536 27.743 27.95 27.846 27.846 27.536 27.846 27.536 27.846 27.639 27.743 27.846 27.639 28.054 27.743 27.639 28.054 27.846 28.157 27.536 27.846 28.054 27.95 28.261 27.846 27.536 27.95 27.95 28.157 27.536 27.95 28.157 27.95 27.639 27.639 28.054 28.157 27.95 27.639 27.536 27.743 28.054 27.95 27.639 27.536 27.95 28.054 27.95 27.846 27.432 27.846 28.054 27.846 28.157 27.536 27.846 28.054 27.846 28.157 27.639 27.95 28.054 27.743 28.054 27.743 27.639 27.846 27.743 27.95 27.639 28.054 27.639 27.743 28.054 27.743 27.536 27.846 28.054 27.846 28.157 27.536 27.743 27.846 27.536 27.95 27.639 28.054 27.846 28.157 27.95 28.157 27.639 27.743 27.95 27.743 
