# name: phAngle
# type: matrix
# rows: 1
# columns: 359
 5 5 5 4 5 5 5 5 5 5 5 6 6 6 5 5 6 5 6 5 6 5 5 6 6 5 6 5 5 5 6 5 6 6 5 6 5 6 5 5 5 5 5 5 5 5 5 5 5 5 6 5 5 5 5 5 6 5 5 5 5 5 5 5 5 6 5 5 6 5 5 5 5 5 6 5 5 5 5 5 5 5 5 5 5 5 5 5 5 5 5 5 5 5 5 5 5 5 5 5 5 5 5 5 5 5 5 5 5 5 5 5 5 5 5 5 5 5 5 5 5 5 5 5 5 5 5 5 5 5 5 5 5 5 5 5 5 5 5 5 5 5 5 5 5 5 5 5 5 5 5 5 5 5 5 5 5 5 5 5 5 5 5 5 5 5 5 5 5 5 5 5 5 5 5 5 5 5 5 5 5 5 5 5 5 5 5 5 5 5 5 5 3 3 3 3 5 3 5 3 5 3 3 3 3 3 3 3 3 3 3 3 3 3 5 5 5 5 5 5 5 5 5 5 5 5 5 5 5 5 5 5 5 5 5 4 4 4 6 6 6 4 6 6 6 6 5 5 5 5 4 4 4 4 5 4 4 4 4 4 6 6 6 6 5 5 5 4 4 4 4 4 4 4 4 4 4 5 4 4 4 4 4 4 4 4 4 4 4 4 4 4 4 4 4 4 4 4 4 4 4 4 4 4 4 4 4 4 4 4 4 4 4 4 4 4 4 4 4 4 4 4 4 4 4 4 4 4 4 4 4 4 4 4 4 4 4 4 4 4 4 4 4 4 4 4 4 4 4 4 4 4 4 4 4 4 4 4 4 
# name: freq
# type: matrix
# rows: 1
# columns: 359
 50.0 50.0 50.0 50.0 50.0 50.0 50.0 50.0 50.0 50.0 50.0 50.0 50.0 50.0 50.0 50.0 50.0 50.0 50.0 50.0 50.0 50.0 50.0 50.0 50.0 50.0 50.0 50.0 50.0 50.0 50.0 50.0 50.0 50.0 50.0 50.0 50.0 50.0 50.0 50.0 50.0 50.0 50.0 50.0 50.0 50.0 50.0 50.0 50.0 50.0 50.0 50.0 50.0 50.0 50.0 50.0 50.0 50.0 50.0 50.0 50.0 50.0 50.0 50.0 50.0 50.0 50.0 50.0 50.0 50.0 50.0 50.0 50.0 50.0 50.0 50.0 50.0 50.0 50.0 50.0 50.0 50.0 50.0 50.0 50.0 50.0 50.0 50.0 50.0 50.0 50.0 50.0 50.0 50.0 50.0 50.0 50.0 50.0 50.0 50.0 50.0 50.0 50.0 50.0 50.0 50.0 50.0 50.0 50.0 50.0 50.0 50.0 50.0 50.0 50.0 50.0 50.0 50.0 50.0 50.0 50.0 50.0 50.0 50.0 50.0 50.0 50.0 50.0 50.0 50.0 50.0 50.0 50.0 50.0 50.0 50.0 50.0 50.0 50.0 50.0 50.0 50.0 50.0 50.0 50.0 50.0 50.0 50.0 50.0 50.0 50.0 50.0 50.0 50.0 50.0 50.0 50.0 50.0 50.0 50.0 50.0 50.0 50.0 50.0 50.0 50.0 50.0 50.0 50.0 50.0 50.0 50.0 50.0 50.0 50.0 50.0 50.0 50.0 50.0 50.0 50.0 50.0 50.0 50.0 50.0 50.0 50.0 50.0 50.0 50.0 50.0 50.0 50.0 50.0 50.0 50.0 50.0 50.0 50.0 50.0 50.0 50.0 50.0 50.0 50.0 50.0 50.0 50.0 50.0 50.0 50.0 50.0 50.0 50.0 50.0 50.0 50.0 50.0 50.0 50.0 50.0 50.0 50.0 50.0 50.0 50.0 50.0 50.0 50.0 50.0 50.0 50.0 50.0 50.0 50.0 50.0 50.0 50.0 50.0 50.0 50.0 50.0 50.0 50.0 50.0 50.0 50.0 50.0 50.0 50.0 50.0 50.0 50.0 50.0 50.0 50.0 50.0 50.0 50.0 50.0 50.0 50.0 50.0 50.0 50.0 50.0 50.0 50.0 50.0 50.0 50.0 50.0 50.0 50.0 50.0 50.0 50.0 50.0 50.0 50.0 50.0 50.0 50.0 50.0 50.0 50.0 50.0 50.0 50.0 50.0 50.0 50.0 50.0 50.0 50.0 50.0 50.0 50.0 50.0 50.0 50.0 50.0 50.0 50.0 50.0 50.0 50.0 50.0 50.0 50.0 50.0 50.0 50.0 50.0 50.0 50.0 50.0 50.0 50.0 50.0 50.0 50.0 50.0 50.0 50.0 50.0 50.0 50.0 50.0 50.0 50.0 50.0 50.0 50.0 50.0 50.0 50.0 50.0 50.0 50.0 50.0 50.0 50.0 50.0 50.0 50.0 50.0 50.0 50.0 50.0 50.0 50.0 50.0 50.0 50.0 50.0 50.0 50.0 50.0 
# name: reacPower
# type: matrix
# rows: 1
# columns: 359
 3.105 3.209 3.105 3.105 3.002 3.002 3.002 3.312 3.209 3.312 3.209 4.554 4.658 4.554 4.451 4.865 4.761 4.658 4.761 4.968 4.761 4.761 4.865 4.761 4.761 4.761 4.658 4.761 5.072 4.865 4.658 4.658 4.658 4.658 4.658 4.451 4.658 4.658 4.658 4.761 4.761 4.14 4.658 4.658 4.554 4.761 4.554 4.554 4.658 4.347 4.14 4.14 4.244 4.244 4.244 4.14 4.14 4.14 4.244 4.14 4.244 4.244 4.347 4.244 4.244 4.347 4.658 4.658 4.451 4.658 4.658 4.658 4.658 4.761 4.761 4.658 4.658 4.761 4.658 4.554 4.554 4.658 4.658 4.658 4.451 4.554 4.451 4.554 4.658 4.554 4.658 4.554 4.554 4.761 4.658 4.658 4.658 4.865 4.865 4.865 4.761 4.761 4.968 4.658 4.658 4.761 4.865 4.865 4.865 4.865 4.865 4.865 4.865 4.968 4.865 4.761 4.761 4.865 4.761 4.761 4.968 4.761 4.761 4.761 4.968 4.865 4.761 4.865 4.865 4.761 4.761 4.761 4.761 4.865 4.658 4.761 4.554 4.761 4.658 4.658 4.761 4.554 4.658 4.658 4.658 4.761 4.658 4.761 4.554 4.658 4.658 4.865 4.658 4.865 4.658 4.554 4.761 4.554 4.554 4.554 4.658 4.865 4.761 4.658 4.761 4.658 4.347 4.658 4.761 4.658 4.761 4.658 4.451 4.658 4.658 4.865 4.761 4.761 4.554 4.14 4.244 4.347 4.347 4.347 4.347 4.347 4.347 4.451 4.244 4.14 4.14 4.244 4.037 3.933 3.933 4.037 4.14 4.037 4.14 4.037 4.14 3.933 3.83 3.83 3.933 3.933 4.037 3.933 3.933 3.933 4.037 4.037 4.037 3.933 4.244 4.451 4.761 4.865 4.968 5.072 4.968 5.072 5.176 5.176 5.176 4.968 4.968 4.865 4.968 5.072 5.176 4.968 5.072 4.968 4.968 5.797 6.004 5.797 6.211 6.211 6.314 6.107 6.521 6.418 6.418 6.314 6.832 6.728 6.935 6.728 6.004 6.004 6.004 5.9 6.107 6.004 6.004 6.107 6.107 5.9 6.314 6.418 6.314 6.521 6.625 6.314 6.832 6.004 5.9 5.797 5.9 5.59 5.693 5.693 3.209 3.105 3.105 2.898 3.416 3.416 3.519 3.519 3.209 3.416 3.312 3.312 3.312 3.312 2.898 2.898 2.898 2.898 3.416 3.209 3.209 3.209 3.312 3.312 3.312 3.416 3.416 3.416 3.312 3.416 3.416 3.519 3.416 3.312 3.209 3.312 3.312 3.416 3.416 3.416 3.726 3.623 3.726 3.83 3.726 3.519 3.623 3.519 3.519 3.623 3.209 3.519 3.416 3.416 3.519 3.726 3.623 3.623 3.726 3.623 3.416 3.519 3.519 3.416 3.416 3.416 3.519 3.416 3.519 3.519 3.726 3.726 3.623 3.105 3.416 3.519 2.795 3.312 3.312 3.312 3.209 3.312 3.519 3.416 3.519 
# name: power
# type: matrix
# rows: 1
# columns: 359
 26.708 26.397 26.501 26.811 26.604 26.604 26.501 26.501 26.604 26.708 26.604 43.064 41.304 43.271 43.271 43.582 43.271 43.478 43.271 43.685 43.271 43.478 43.582 43.271 43.168 43.375 43.271 43.375 43.685 43.582 43.271 43.996 43.168 43.064 43.375 43.271 43.478 43.271 43.685 43.892 43.582 43.375 43.478 43.685 43.685 43.375 43.996 43.478 43.685 43.685 43.271 43.375 43.478 43.582 43.478 43.582 43.271 43.375 43.478 43.685 43.375 43.685 43.478 43.478 43.375 43.168 43.582 43.582 43.271 43.685 43.478 43.582 43.478 43.582 43.168 43.478 43.478 43.375 43.478 43.685 43.478 43.582 43.685 43.478 43.789 43.789 43.685 43.789 44.099 43.582 43.685 43.582 43.685 43.685 43.892 43.582 43.789 43.996 44.099 43.685 43.892 43.685 43.789 43.789 44.099 44.203 43.789 43.789 43.789 43.996 43.996 43.789 44.099 44.099 43.789 43.789 43.996 43.892 43.892 43.996 43.582 43.478 43.892 43.996 43.789 43.892 44.306 43.582 43.996 43.996 43.789 43.789 44.099 43.892 43.892 43.789 43.892 43.996 43.789 43.789 43.685 43.789 43.892 43.789 43.685 44.203 43.685 43.685 43.996 43.685 43.582 43.892 43.892 43.478 43.685 43.685 43.582 43.789 43.685 43.789 43.375 43.789 43.582 43.892 43.685 43.478 43.478 43.892 43.685 43.789 43.789 43.892 43.892 43.685 43.685 43.892 43.789 43.892 43.685 43.478 43.685 43.685 43.685 43.685 43.892 43.685 43.582 43.685 43.685 43.582 43.685 43.582 43.685 43.685 43.582 43.789 43.375 43.789 43.478 43.582 43.375 43.582 43.789 43.582 43.789 43.789 43.685 43.892 43.892 43.789 43.685 43.789 43.685 43.478 44.099 43.892 44.099 44.203 43.892 43.892 43.789 43.996 44.099 44.203 43.892 44.203 43.892 43.892 43.789 43.892 43.996 43.892 43.789 43.892 43.996 65.01 62.836 66.356 63.768 64.182 65.321 64.7 65.942 64.7 65.217 64.803 68.737 69.255 69.358 69.669 66.149 64.389 64.182 64.493 68.323 66.77 66.874 67.495 67.909 65.424 64.7 64.079 64.182 65.424 66.46 66.667 67.081 65.01 65.321 65.942 66.356 65.01 64.596 60.145 27.225 26.811 26.811 26.604 27.122 27.122 27.122 27.122 27.122 27.225 27.122 27.018 27.018 27.018 26.811 27.018 27.018 26.915 27.432 27.225 27.329 27.329 27.122 27.225 27.329 27.432 27.329 27.743 27.329 27.432 27.329 27.95 27.639 27.432 27.639 27.743 27.432 27.536 27.536 27.536 27.95 27.846 27.743 27.95 27.639 27.639 27.432 27.536 27.639 27.846 27.639 27.639 27.536 27.432 27.639 27.846 27.743 27.743 27.95 27.743 27.639 27.743 27.846 27.639 27.639 27.743 27.95 27.743 27.846 27.846 27.846 27.846 27.639 27.536 27.743 27.329 27.536 27.639 27.743 27.536 27.122 27.536 27.536 27.536 27.743 
