# name: phAngle
# type: matrix
# rows: 1
# columns: 355
 0 0 0 0 0 0 0 0 0 0 0 0 0 0 0 0 0 0 0 0 0 0 0 0 0 0 0 0 0 0 0 0 0 0 0 0 0 0 0 0 0 0 0 0 0 0 0 0 0 0 0 0 0 0 0 0 0 8 6 4 4 5 6 5 5 5 5 4 4 4 4 6 6 6 4 6 6 6 4 4 4 6 4 4 4 4 4 4 4 4 4 4 4 4 4 4 6 6 4 4 4 4 4 4 4 4 4 4 4 4 4 4 4 4 4 4 4 4 4 4 4 6 4 6 6 6 6 4 6 6 6 6 4 6 4 4 4 4 4 4 4 4 4 6 4 4 6 6 4 4 4 4 4 4 4 4 4 4 4 4 4 4 4 4 4 4 4 4 4 4 4 4 4 4 4 4 4 4 4 4 4 4 4 4 4 4 4 4 4 4 4 4 4 4 4 4 4 4 4 4 4 4 4 4 4 4 4 4 4 4 4 4 4 4 4 4 4 4 4 4 4 4 4 4 4 4 4 4 4 4 4 4 4 4 4 4 4 4 4 4 4 4 4 4 4 4 4 4 4 4 4 4 4 4 4 4 4 4 4 4 4 4 4 4 4 4 4 4 4 4 4 4 4 4 4 4 4 4 4 4 4 4 4 4 4 4 4 4 4 4 4 4 4 4 4 4 4 4 4 4 4 4 4 4 4 4 4 4 4 4 4 4 4 4 4 4 4 4 4 4 4 4 4 4 4 4 4 4 4 4 4 4 4 4 4 4 4 4 4 4 4 4 4 4 4 4 4 4 4 4 4 4 4 4 4 
# name: freq
# type: matrix
# rows: 1
# columns: 355
 50.0 50.0 50.0 50.0 50.0 50.0 50.0 50.0 50.0 50.0 50.0 50.0 50.0 50.0 50.0 50.0 50.0 50.0 50.0 50.0 50.0 50.0 50.0 50.0 50.0 50.0 50.0 50.0 50.0 50.0 50.0 50.0 50.0 50.0 50.0 50.0 50.0 50.0 50.0 50.0 50.0 50.0 50.0 50.0 50.0 50.0 50.0 50.0 50.0 50.0 50.0 50.0 50.0 50.0 50.0 50.0 50.0 50.0 50.0 50.0 50.0 50.0 50.0 50.0 50.0 50.0 50.0 50.0 50.0 50.0 50.0 50.0 50.0 50.0 50.0 50.0 50.0 50.0 50.0 50.0 50.0 50.0 50.0 50.0 50.0 50.0 50.0 50.0 50.0 50.0 50.0 50.0 50.0 50.0 50.0 50.0 50.0 50.0 50.0 50.0 50.0 50.0 50.0 50.0 50.0 50.0 50.0 50.0 50.0 50.0 50.0 50.0 50.0 50.0 50.0 50.0 50.0 50.0 50.0 50.0 50.0 50.0 50.0 50.0 50.0 50.0 50.0 50.0 50.0 50.0 50.0 50.0 50.0 50.0 50.0 50.0 50.0 50.0 50.0 50.0 50.0 50.0 50.0 50.0 50.0 50.0 50.0 50.0 50.0 50.0 50.0 50.0 50.0 50.0 50.0 50.0 50.0 50.0 50.0 50.0 50.0 50.0 50.0 50.0 50.0 50.0 50.0 50.0 50.0 50.0 50.0 50.0 50.0 50.0 50.0 50.0 50.0 50.0 50.0 50.0 50.0 50.0 50.0 50.0 50.0 50.0 50.0 50.0 50.0 50.0 50.0 50.0 50.0 50.0 50.0 50.0 50.0 50.0 50.0 50.0 50.0 50.0 50.0 50.0 50.0 50.0 50.0 50.0 50.0 50.0 50.0 50.0 50.0 50.0 50.0 50.0 50.0 50.0 50.0 50.0 50.0 50.0 50.0 50.0 50.0 50.0 50.0 50.0 50.0 50.0 50.0 50.0 50.0 50.0 50.0 50.0 50.0 50.0 50.0 50.0 50.0 50.0 50.0 50.0 50.0 50.0 50.0 50.0 50.0 50.0 50.0 50.0 50.0 50.0 50.0 50.0 50.0 50.0 50.0 50.0 50.0 50.0 50.0 50.0 50.0 50.0 50.0 50.0 50.0 50.0 50.0 50.0 50.0 50.0 50.0 50.0 50.0 50.0 50.0 50.0 50.0 50.0 50.0 50.0 50.0 50.0 50.0 50.0 50.0 50.0 50.0 50.0 50.0 50.0 50.0 50.0 50.0 50.0 50.0 50.0 50.0 50.0 50.0 50.0 50.0 50.0 50.0 50.0 50.0 50.0 50.0 50.0 50.0 50.0 50.0 50.0 50.0 50.0 50.0 50.0 50.0 50.0 50.0 50.0 50.0 50.0 50.0 50.0 50.0 50.0 50.0 50.0 50.0 50.0 50.0 50.0 50.0 50.0 50.0 50.0 50.0 50.0 50.0 50.0 50.0 50.0 50.0 50.0 50.0 50.0 50.0 50.0 50.0 50.0 50.0 
# name: reacPower
# type: matrix
# rows: 1
# columns: 355
 0.0 0.0 0.0 0.0 0.0 0.0 0.0 0.0 0.0 0.0 0.0 0.0 0.0 0.0 0.0 0.0 0.0 0.0 0.0 0.0 0.0 0.0 0.0 0.0 0.0 0.0 0.0 0.0 0.0 0.0 0.0 0.0 0.0 0.0 0.0 0.0 0.0 0.0 0.0 0.0 0.0 0.0 0.0 0.0 0.0 0.0 0.0 0.0 0.0 0.0 0.0 0.0 0.0 0.0 0.0 0.0 0.0 9.109 6.418 6.004 6.107 6.211 6.211 6.314 6.314 6.211 6.211 5.797 6.004 5.59 5.797 6.211 6.211 6.211 5.797 6.211 6.211 6.314 6.107 6.107 6.004 6.107 6.004 6.004 6.004 6.107 6.004 6.107 6.004 6.004 5.9 6.004 5.9 6.107 6.004 6.004 6.211 6.211 6.004 6.004 6.004 6.004 5.9 5.797 5.9 5.797 5.9 5.9 5.9 5.9 6.004 5.9 5.693 6.004 5.486 5.383 6.004 6.107 6.004 5.9 6.107 6.211 6.004 6.211 6.314 6.314 6.211 6.004 6.314 6.418 6.314 6.211 5.797 6.418 5.9 6.004 6.004 5.9 6.107 6.004 6.004 5.9 6.107 6.211 6.004 6.107 6.314 6.211 6.004 5.693 6.004 6.107 5.9 6.004 5.9 5.693 5.797 5.9 5.693 5.797 5.797 5.693 5.693 5.797 5.486 5.693 5.59 5.59 5.693 5.59 5.383 5.486 5.59 5.693 5.693 5.693 5.59 5.59 5.9 5.693 5.693 5.797 5.797 5.693 5.693 5.383 5.486 5.486 5.59 5.693 5.693 5.59 5.693 5.693 5.59 5.59 5.797 5.59 5.486 5.59 5.59 5.59 5.693 5.59 5.59 5.59 5.383 5.693 5.59 5.383 5.486 5.486 5.59 5.693 5.693 5.486 5.693 5.383 5.59 5.486 5.59 5.59 5.486 5.486 5.486 5.486 5.383 5.486 5.486 5.486 5.486 5.486 5.279 5.486 5.486 5.072 5.59 5.383 5.486 5.486 5.383 5.383 5.693 5.59 5.486 5.486 5.59 5.383 5.59 5.486 5.486 5.693 5.693 5.59 5.383 5.59 5.486 5.383 5.693 5.693 5.486 5.486 5.486 5.176 5.486 5.59 5.693 5.59 4.968 4.865 5.176 5.176 5.176 5.176 5.59 5.59 5.693 5.59 5.59 5.693 5.59 5.59 5.486 5.486 5.59 5.59 5.693 5.383 5.176 5.486 5.279 5.383 5.59 5.486 5.59 5.486 5.383 5.59 5.59 5.59 5.59 5.383 5.486 5.693 5.59 5.383 5.486 5.279 5.383 5.279 5.383 5.486 5.59 5.693 5.59 5.59 5.486 5.486 5.486 5.486 5.486 5.486 5.486 5.59 5.279 5.279 5.176 5.072 5.279 5.383 5.383 5.383 5.383 5.279 5.279 5.279 5.072 5.176 5.072 5.072 5.072 5.072 4.968 4.968 4.968 5.176 5.072 4.968 4.968 5.072 4.761 4.968 4.968 4.968 4.865 
# name: power
# type: matrix
# rows: 1
# columns: 355
 0.0 0.0 0.0 0.0 0.0 0.0 0.0 0.0 0.0 0.0 0.0 0.0 0.0 0.0 0.0 0.0 0.0 0.0 0.0 0.0 0.0 0.0 0.0 0.0 0.0 0.0 0.0 0.0 0.0 0.0 0.0 0.0 0.0 0.0 0.0 0.0 0.0 0.0 0.0 0.0 0.0 0.0 0.0 0.0 0.0 0.0 0.0 0.0 0.0 0.0 0.0 0.0 0.0 0.0 0.0 0.0 0.0 58.281 60.352 65.424 64.803 66.253 65.735 66.253 66.874 66.253 68.323 65.631 67.805 63.458 65.942 62.422 64.907 61.698 65.114 62.112 62.215 62.629 62.319 61.905 62.422 62.319 62.215 62.112 61.594 61.905 62.112 62.112 61.905 61.801 62.319 62.008 61.905 62.008 62.319 62.008 61.801 61.801 61.905 62.008 62.112 61.905 61.387 61.387 61.387 61.491 61.387 61.698 61.387 61.905 61.594 61.801 62.112 61.801 61.284 61.387 61.491 61.387 61.491 61.491 61.594 62.008 61.594 61.905 61.698 61.594 61.698 60.766 62.215 61.698 61.698 61.801 60.559 61.387 61.284 61.077 61.387 60.973 61.284 61.387 60.973 61.284 60.973 61.387 61.387 61.905 60.869 61.905 61.387 60.973 61.698 61.491 61.801 61.18 61.387 61.801 61.491 61.284 61.387 61.284 61.801 61.18 61.284 61.387 60.455 61.905 61.698 61.905 61.077 61.387 60.869 60.869 60.766 60.559 60.766 60.766 60.662 60.973 61.491 61.284 61.18 61.284 60.662 61.284 61.284 60.352 61.284 60.766 60.869 60.869 60.973 61.491 60.973 61.698 60.869 61.077 61.077 61.18 60.869 61.18 60.766 60.766 61.077 60.662 60.662 61.284 60.041 61.077 60.662 60.352 61.284 61.387 60.973 61.284 60.869 60.662 61.077 60.869 60.869 61.284 60.869 61.077 60.973 60.973 60.766 60.973 60.662 60.559 60.869 60.559 60.766 60.973 60.766 60.869 60.662 60.869 61.284 60.973 60.662 60.973 60.973 60.973 60.352 60.766 60.766 61.284 60.662 60.869 60.973 60.973 60.766 60.766 60.973 60.973 60.662 60.559 60.869 61.18 60.559 60.559 60.559 60.869 60.559 61.077 60.662 60.869 60.869 61.387 61.077 61.284 61.077 61.077 61.284 61.077 61.18 60.973 61.801 61.387 60.973 61.284 61.284 61.18 60.766 60.869 60.766 60.869 60.973 60.662 60.455 60.766 60.973 60.869 61.387 60.766 61.284 61.077 60.869 60.766 60.559 60.352 60.455 60.559 60.766 61.18 60.766 60.455 60.662 60.662 60.766 60.662 60.766 61.077 60.869 61.18 61.077 60.559 61.18 61.077 60.559 60.869 60.559 60.869 60.662 61.077 60.455 60.869 60.145 60.145 60.455 60.248 60.041 60.559 60.352 60.248 60.352 61.18 60.455 60.559 60.248 60.352 60.145 60.662 60.455 60.248 60.352 60.455 60.662 60.455 60.559 61.387 59.834 60.145 60.455 60.248 60.145 
