# name: phAngle
# type: matrix
# rows: 1
# columns: 359
 0 0 0 0 0 0 0 0 0 0 0 0 0 0 0 0 0 0 0 0 0 0 0 0 0 0 0 0 0 0 0 0 0 0 0 0 32 27 36 34 36 34 27 36 32 32 32 32 32 32 32 32 32 32 32 32 32 28 32 32 28 32 32 32 32 32 28 32 32 32 32 32 32 32 32 32 32 32 32 32 32 32 34 32 32 30 34 32 32 32 32 30 32 32 30 32 32 32 32 34 32 32 34 30 32 32 32 34 32 32 32 32 32 32 32 34 32 34 32 30 32 32 34 32 32 32 32 32 32 34 32 32 34 32 32 32 32 32 34 34 32 34 32 32 32 34 32 34 34 32 34 34 32 34 34 32 34 34 32 34 34 34 34 34 34 34 34 34 34 30 34 34 30 34 32 34 30 34 34 34 30 34 34 34 34 34 34 34 34 34 32 34 34 34 30 34 34 32 34 32 34 34 32 34 32 34 34 32 34 32 32 34 34 34 34 34 32 34 34 34 34 32 34 32 34 32 34 34 34 34 32 34 32 34 32 34 32 34 34 34 34 34 34 32 34 34 34 34 34 34 30 34 34 34 34 34 32 34 30 34 34 34 34 34 34 34 30 34 34 34 32 34 30 34 34 30 34 34 34 34 30 34 34 30 30 30 30 34 30 30 30 30 30 30 30 30 30 30 30 30 30 30 30 30 30 30 30 30 30 30 30 30 30 30 30 30 30 30 30 30 30 30 30 30 30 30 30 30 30 30 30 30 30 30 30 30 30 30 30 30 30 30 30 30 30 30 30 30 30 30 30 30 30 30 30 30 30 30 34 
# name: freq
# type: matrix
# rows: 1
# columns: 359
 50.0 50.0 50.0 50.0 50.0 50.0 50.0 50.0 50.0 50.0 50.0 50.0 50.0 50.0 50.0 50.0 50.0 50.0 50.0 50.0 50.0 50.0 50.0 50.0 50.0 50.0 50.0 50.0 50.0 50.0 50.0 50.0 50.0 50.0 50.0 50.0 50.0 50.0 50.0 50.0 50.0 50.0 50.0 50.0 50.0 50.0 50.0 50.0 50.0 50.0 50.0 50.0 50.0 50.0 50.0 50.0 50.0 50.0 50.0 50.0 50.0 50.0 50.0 50.0 50.0 50.0 50.0 50.0 50.0 50.0 50.0 50.0 50.0 50.0 50.0 50.0 50.0 50.0 50.0 50.0 50.0 50.0 50.0 50.0 50.0 50.0 50.0 50.0 50.0 50.0 50.0 50.0 50.0 50.0 50.0 50.0 50.0 50.0 50.0 50.0 50.0 50.0 50.0 50.0 50.0 50.0 50.0 50.0 49.9 50.0 50.0 50.0 50.0 50.0 50.0 50.0 50.0 50.0 50.0 50.0 50.0 50.0 50.0 50.0 50.0 50.0 50.0 50.0 50.0 50.0 50.0 50.0 50.0 50.0 50.0 50.0 50.0 50.0 50.0 50.0 50.0 50.0 50.0 50.0 50.0 50.0 50.0 50.0 50.0 50.0 50.0 50.0 50.0 50.0 50.0 50.0 50.0 50.0 50.0 50.0 50.0 50.0 50.0 50.0 50.0 50.0 50.0 50.0 50.0 50.0 50.0 50.0 50.0 50.0 50.0 50.0 50.0 50.0 50.0 50.0 50.0 50.0 50.0 50.0 50.0 50.0 50.0 50.0 50.0 50.0 50.0 50.0 50.0 50.0 50.0 50.0 50.0 50.0 50.0 50.0 50.0 50.0 50.0 50.0 50.0 50.0 50.0 50.0 50.0 50.0 50.0 50.0 49.9 50.0 50.0 50.0 50.0 50.0 50.0 50.0 50.0 50.0 50.0 50.0 50.0 50.0 50.0 50.0 50.0 50.0 50.0 50.0 50.0 50.0 50.0 50.0 50.0 50.0 50.0 50.0 50.0 50.0 50.0 50.0 50.0 50.0 50.0 50.0 50.0 50.0 50.0 50.0 50.0 50.0 50.0 50.0 50.0 50.0 50.0 50.0 50.0 50.0 50.0 50.0 50.0 50.0 50.0 50.0 50.0 50.0 50.0 50.0 50.0 50.0 50.0 50.0 50.0 50.0 50.0 50.0 50.0 50.0 50.0 50.0 50.0 50.0 50.0 50.0 50.0 50.0 50.0 50.0 50.0 50.0 50.0 50.0 50.0 50.0 50.0 50.0 50.0 50.0 50.0 50.0 50.0 50.0 50.0 50.0 50.0 50.0 50.0 50.0 50.0 50.0 50.0 50.0 50.0 50.0 50.0 50.0 50.0 50.0 50.0 50.0 50.0 50.0 50.0 50.0 50.0 50.0 50.0 50.0 50.0 50.0 50.0 50.0 50.0 50.0 50.0 50.0 50.0 50.0 50.0 50.0 50.0 50.0 50.0 50.0 50.0 50.0 50.0 50.0 50.0 50.0 50.0 50.0 50.0 50.0 50.0 
# name: reacPower
# type: matrix
# rows: 1
# columns: 359
 0.0 0.0 0.0 0.0 0.0 0.0 0.0 0.0 0.0 0.0 0.0 0.0 0.0 0.0 0.0 0.0 0.0 0.0 0.0 0.0 0.0 0.0 0.0 0.0 0.0 0.0 0.0 0.0 0.0 0.0 0.0 0.0 0.0 0.0 0.0 0.0 16.045 16.252 16.77 16.77 17.494 16.666 16.356 17.287 16.563 16.77 16.77 16.873 17.08 16.563 16.666 16.77 16.77 16.666 16.666 16.77 16.977 16.356 16.977 16.977 16.356 16.977 17.08 16.459 16.666 17.08 16.356 16.873 17.08 16.77 16.873 17.287 17.08 16.977 17.08 16.873 17.287 16.77 16.77 17.391 16.77 16.77 16.77 16.563 16.977 16.459 16.77 17.08 16.666 17.08 17.08 16.356 16.666 17.08 16.459 17.287 16.873 17.184 16.977 16.77 17.391 16.977 16.977 16.459 16.666 16.666 16.873 16.873 17.184 16.873 16.977 17.08 16.977 16.873 17.08 16.666 16.666 16.77 17.184 16.459 16.873 18.012 17.598 17.701 17.494 17.494 17.598 17.598 17.701 17.08 16.977 17.494 17.08 17.494 17.909 17.391 17.598 17.287 16.873 17.287 16.977 16.873 17.494 16.873 17.287 16.977 17.184 17.184 16.873 17.391 17.287 17.184 17.287 16.666 16.977 17.287 16.977 16.977 17.494 16.977 16.873 16.77 16.563 16.666 16.77 16.666 16.666 16.977 16.977 16.149 16.77 16.873 16.045 16.666 16.977 17.08 16.252 16.563 16.666 17.08 16.459 16.666 17.184 17.08 16.666 16.666 17.287 16.77 16.873 16.873 17.08 17.287 17.08 16.977 16.252 16.77 17.287 16.977 17.184 17.494 17.184 16.977 17.494 17.391 17.701 16.873 16.666 17.391 17.08 16.77 16.873 16.977 16.873 16.563 17.184 16.77 16.873 17.287 17.391 16.563 16.977 17.494 16.977 16.977 17.494 17.287 17.08 16.873 17.184 16.977 17.391 17.391 17.287 16.977 17.08 16.563 16.977 16.977 17.287 17.287 16.977 16.977 17.184 17.287 16.563 17.08 17.701 16.77 17.598 17.598 15.321 17.08 16.873 16.77 16.666 16.977 17.08 16.77 16.356 17.184 16.873 16.77 17.08 16.563 17.08 16.563 16.459 16.77 16.563 16.563 16.977 16.977 16.459 16.977 16.873 16.045 16.873 16.873 16.873 16.563 16.149 16.873 16.666 16.149 16.149 16.252 15.942 16.563 16.149 16.045 16.356 15.838 16.045 15.838 15.838 16.356 15.838 15.838 16.356 16.045 15.631 16.045 16.045 15.942 15.942 15.838 15.942 15.631 16.045 16.045 15.631 16.252 16.252 15.735 15.735 16.356 16.149 16.149 16.252 16.045 16.149 15.838 15.942 15.424 15.735 15.735 16.149 15.942 15.735 15.838 16.356 16.149 16.356 16.356 15.735 15.631 15.942 15.838 15.113 15.735 15.631 15.321 15.631 15.942 15.838 16.045 15.838 16.045 15.321 15.424 16.045 15.942 15.838 15.631 15.735 15.942 15.838 15.942 16.563 
# name: power
# type: matrix
# rows: 1
# columns: 359
 0.0 0.0 0.0 0.0 0.0 0.0 0.0 0.0 0.0 0.0 0.0 0.0 0.0 0.0 0.0 0.0 0.0 0.0 0.0 0.0 0.0 0.0 0.0 0.0 0.0 0.0 0.0 0.0 0.0 0.0 0.0 0.0 0.0 0.0 0.0 0.0 24.016 29.399 24.223 25.88 24.637 26.501 29.399 24.637 27.329 27.122 27.329 27.432 27.329 27.329 27.018 27.018 27.329 27.329 27.432 27.329 27.018 26.915 27.122 27.122 26.811 27.225 27.329 26.915 26.915 27.018 27.018 27.329 27.432 27.018 26.811 27.122 27.018 27.329 27.018 27.018 27.018 26.915 27.122 27.225 26.915 27.018 26.708 27.122 27.018 26.604 26.811 26.915 27.018 27.018 27.018 26.708 27.018 27.018 26.811 26.811 27.122 27.122 26.915 26.708 27.225 27.018 26.811 26.708 26.915 27.018 26.811 26.708 27.225 26.811 26.915 26.811 27.122 26.915 26.915 26.604 26.915 26.811 26.915 26.604 27.018 26.915 26.811 27.329 27.018 27.018 26.811 27.122 26.915 26.708 26.811 27.018 26.708 27.225 27.122 26.915 26.811 27.018 26.708 26.811 27.018 26.604 26.915 27.018 26.915 26.708 27.018 26.708 26.604 27.225 26.708 26.708 27.122 26.604 26.708 27.122 26.708 26.501 27.122 26.708 26.501 26.708 26.604 26.501 26.708 26.501 26.708 26.708 26.501 26.604 26.397 26.397 26.604 26.501 26.915 26.708 26.294 26.708 26.501 26.604 26.604 26.604 26.708 26.708 26.397 26.811 26.811 26.708 26.604 26.501 26.915 26.811 26.294 26.708 26.19 26.604 26.708 26.915 26.708 27.018 26.708 26.604 27.122 26.708 26.915 26.604 26.501 26.811 26.501 26.811 26.811 26.501 26.604 26.501 26.811 26.708 26.811 26.811 26.708 26.501 26.604 26.811 26.501 26.811 26.811 26.915 26.501 26.397 26.708 26.501 26.915 26.501 26.915 26.604 26.915 26.501 26.915 26.604 26.708 26.708 26.501 26.708 26.501 27.018 26.501 26.708 26.708 26.708 26.811 26.604 26.087 26.604 26.604 26.397 26.708 26.501 26.915 26.397 26.501 26.604 26.501 26.501 26.708 26.397 26.604 26.501 26.294 26.708 26.294 26.708 26.811 26.708 26.294 26.501 26.397 26.501 26.501 26.397 26.604 26.397 26.294 26.294 26.501 26.294 26.294 26.19 26.294 26.501 26.294 26.294 26.708 26.19 26.397 26.087 26.501 26.397 26.397 26.087 26.501 26.19 26.087 26.397 26.501 26.19 26.397 26.087 26.087 26.19 26.19 26.294 26.087 26.294 26.087 26.19 26.397 26.397 26.19 26.397 26.294 26.397 26.19 26.294 26.19 26.19 25.983 26.294 26.397 26.294 26.19 26.294 26.294 26.397 26.294 26.294 26.501 26.19 26.087 26.19 25.983 25.983 26.397 26.087 26.397 26.294 26.501 26.294 26.501 26.087 26.19 26.087 26.501 26.19 26.087 26.087 26.19 26.087 26.294 26.501 26.397 
