# name: phAngle
# type: matrix
# rows: 1
# columns: 359
 0 0 0 0 0 0 0 0 0 0 0 0 0 0 0 0 0 0 0 0 0 0 0 0 0 0 0 0 0 0 0 0 0 0 0 0 0 0 0 0 0 0 0 0 0 0 0 0 0 0 0 0 0 0 0 0 0 0 0 0 0 0 0 0 0 0 0 0 0 0 0 0 0 0 0 0 0 0 0 0 0 0 0 0 0 0 0 0 0 0 0 0 0 0 0 0 0 0 0 0 0 0 0 0 0 0 0 0 0 0 0 0 0 0 0 0 0 0 0 0 0 0 0 0 0 0 0 0 0 0 0 39 30 28 27 28 30 28 32 28 32 30 28 32 32 32 32 28 30 30 32 32 30 32 32 28 28 30 30 28 30 32 32 30 32 32 32 34 32 32 30 30 30 30 30 30 30 30 30 30 30 30 30 32 32 30 32 34 32 32 34 34 32 34 34 34 32 34 32 34 32 30 32 34 32 32 32 32 32 34 34 32 34 34 32 34 34 32 32 34 34 32 34 34 32 34 34 34 30 30 30 32 34 34 32 34 32 34 34 34 34 32 34 34 32 34 34 32 34 34 34 34 34 34 34 34 32 34 34 34 34 34 34 34 34 34 34 34 34 34 30 30 34 30 34 34 30 34 34 34 34 30 34 34 34 34 34 34 34 30 34 32 30 34 34 34 34 34 34 34 34 34 34 34 34 34 32 34 34 34 34 34 34 34 32 34 32 30 34 34 30 34 32 32 34 32 34 32 34 34 34 32 34 34 32 32 32 32 32 32 32 32 32 32 32 34 32 30 32 34 32 34 34 32 34 34 34 32 34 
# name: freq
# type: matrix
# rows: 1
# columns: 359
 50.0 50.0 50.0 50.0 50.0 50.0 50.0 50.0 50.0 50.0 50.0 50.0 50.0 50.0 50.0 50.0 50.0 50.0 50.0 50.0 50.0 50.0 50.0 50.0 50.0 50.0 50.0 50.0 50.0 50.0 50.0 50.0 50.0 50.0 50.0 50.0 50.0 50.0 49.9 49.9 50.0 50.0 50.0 50.0 50.0 49.9 50.0 50.0 50.0 50.0 50.0 50.0 50.0 50.0 50.0 50.0 50.0 50.0 50.0 50.0 50.0 50.0 50.0 50.0 50.0 50.0 50.0 50.0 50.0 50.0 50.0 50.0 50.0 50.0 50.0 50.0 50.0 50.0 50.0 50.0 50.0 50.0 50.0 50.0 50.0 50.0 50.0 50.0 50.0 50.0 50.0 50.0 50.0 50.0 50.0 50.0 50.0 50.0 50.0 50.0 50.0 50.0 50.0 50.0 50.0 50.0 50.0 50.0 50.0 50.0 50.0 50.0 50.0 50.0 50.0 50.0 50.0 50.0 50.0 50.0 50.0 50.0 50.0 50.0 50.0 50.0 50.0 50.0 50.0 50.0 50.0 50.0 50.0 50.0 50.0 50.0 50.0 50.0 50.0 50.0 50.0 50.0 50.0 50.0 50.0 50.0 50.0 50.0 50.0 50.0 50.0 50.0 50.0 50.0 50.0 50.0 50.0 50.0 50.0 50.0 50.0 50.0 50.0 50.0 50.0 50.0 50.0 50.0 50.0 50.0 50.0 50.0 50.0 50.0 50.0 50.0 50.0 50.0 50.0 50.0 50.0 50.0 50.0 50.0 50.0 50.0 50.0 50.0 50.0 50.0 50.0 50.0 50.0 50.0 50.0 50.0 50.0 50.0 50.0 50.0 50.0 50.0 50.0 50.0 50.0 50.0 50.0 50.0 50.0 50.0 50.0 50.0 50.0 50.0 50.0 50.0 50.0 50.0 50.0 50.0 50.0 50.0 50.0 50.0 50.0 50.0 50.0 50.0 50.0 50.0 50.0 50.0 50.0 50.0 50.0 50.0 50.0 50.0 50.0 50.0 50.0 50.0 50.0 50.0 50.0 50.0 50.0 50.0 50.0 50.0 50.0 50.0 50.0 50.0 50.0 50.0 50.0 50.0 50.0 50.0 50.0 50.0 50.0 50.0 50.0 50.0 50.0 50.0 50.0 50.0 50.0 50.0 50.0 50.0 50.0 50.0 50.0 50.0 50.0 50.0 50.0 50.0 50.0 50.0 50.0 50.0 50.0 50.0 50.0 50.0 50.0 50.0 50.0 50.0 50.0 50.0 50.0 50.0 50.0 50.0 50.0 50.0 50.0 50.0 50.0 50.0 50.0 50.0 50.0 50.0 50.0 50.0 50.0 50.0 50.0 50.0 50.0 50.0 50.0 50.0 50.0 50.0 50.0 50.0 50.0 50.0 50.0 50.0 50.0 50.0 50.0 50.0 50.0 50.0 50.0 50.0 50.0 50.0 50.0 50.0 50.0 50.0 50.0 50.0 50.0 50.0 50.0 50.0 50.0 50.0 50.0 50.0 50.0 50.0 50.0 50.0 50.0 50.0 50.0 
# name: reacPower
# type: matrix
# rows: 1
# columns: 359
 0.0 0.0 0.0 0.0 0.0 0.0 0.0 0.0 0.0 0.0 0.0 0.0 0.0 0.0 0.0 0.0 0.0 0.0 0.0 0.0 0.0 0.0 0.0 0.0 0.0 0.0 0.0 0.0 0.0 0.0 0.0 0.0 0.0 0.0 0.0 0.0 0.0 0.0 0.0 0.0 0.0 0.0 0.0 0.0 0.0 0.0 0.0 0.0 0.0 0.0 0.0 0.0 0.0 0.0 0.0 0.0 0.0 0.0 0.0 0.0 0.0 0.0 0.0 0.0 0.0 0.0 0.0 0.0 0.0 0.0 0.0 0.0 0.0 0.0 0.0 0.0 0.0 0.0 0.0 0.0 0.0 0.0 0.0 0.0 0.0 0.0 0.0 0.0 0.0 0.0 0.0 0.0 0.0 0.0 0.0 0.0 0.0 0.0 0.0 0.0 0.0 0.0 0.0 0.0 0.0 0.0 0.0 0.0 0.0 0.0 0.0 0.0 0.0 0.0 0.0 0.0 0.0 0.0 0.0 0.0 0.0 0.0 0.0 0.0 0.0 0.0 0.0 0.0 0.0 0.0 0.0 16.459 16.045 15.942 15.942 15.942 16.045 16.356 16.563 16.356 16.459 16.149 16.252 16.563 16.666 16.77 17.184 15.942 15.735 15.528 16.873 16.563 15.942 16.563 16.563 16.252 16.356 16.149 16.459 16.045 16.252 16.977 16.977 16.252 16.977 16.77 16.666 16.563 17.391 16.977 16.252 16.252 15.838 15.838 14.699 15.217 15.321 15.735 15.735 15.942 15.735 16.252 15.942 16.666 16.77 16.149 16.873 16.873 16.459 17.184 17.184 16.666 17.08 16.666 17.391 16.977 16.873 16.77 16.563 16.977 17.701 15.631 16.563 16.873 16.873 17.184 17.287 17.08 17.184 16.977 17.391 17.391 16.563 17.184 17.08 16.873 16.977 17.391 17.494 17.184 17.287 17.287 17.08 16.563 17.08 17.184 16.666 17.08 16.356 15.838 16.149 17.391 17.08 17.391 17.701 17.184 17.287 16.873 17.494 16.977 16.977 17.287 17.184 16.977 17.08 16.563 16.873 16.977 16.873 17.184 16.77 16.77 17.805 16.873 16.873 17.184 17.08 16.977 16.77 16.873 16.977 16.563 16.77 16.873 16.563 16.77 17.08 16.666 16.666 16.873 16.459 16.356 16.666 16.252 16.873 16.666 16.459 16.77 16.77 16.666 16.873 16.252 17.08 16.977 16.77 16.666 16.563 17.391 16.666 16.252 17.287 17.184 16.459 16.977 17.08 17.391 17.08 16.977 17.391 16.666 16.977 16.977 16.873 16.977 17.184 16.977 17.184 16.873 17.184 17.287 16.77 16.666 16.977 16.873 16.873 17.184 17.08 16.045 16.666 16.666 16.045 16.563 17.701 17.391 17.391 17.184 17.701 16.977 17.391 17.494 17.598 17.287 17.701 17.701 17.598 17.598 17.494 17.598 17.391 17.494 17.701 17.08 17.391 17.805 17.701 17.287 17.598 16.356 17.805 17.494 18.219 17.909 17.701 18.116 18.012 18.219 17.909 17.701 17.598 
# name: power
# type: matrix
# rows: 1
# columns: 359
 0.0 0.0 0.0 0.0 0.0 0.0 0.0 0.0 0.0 0.0 0.0 0.0 0.0 0.0 0.0 0.0 0.0 0.0 0.0 0.0 0.0 0.0 0.0 0.0 0.0 0.0 0.0 0.0 0.0 0.0 0.0 0.0 0.0 0.0 0.0 0.0 0.0 0.0 0.0 0.0 0.0 0.0 0.0 0.0 0.0 0.0 0.0 0.0 0.0 0.0 0.0 0.0 0.0 0.0 0.0 0.0 0.0 0.0 0.0 0.0 0.0 0.0 0.0 0.0 0.0 0.0 0.0 0.0 0.0 0.0 0.0 0.0 0.0 0.0 0.0 0.0 0.0 0.0 0.0 0.0 0.0 0.0 0.0 0.0 0.0 0.0 0.0 0.0 0.0 0.0 0.0 0.0 0.0 0.0 0.0 0.0 0.0 0.0 0.0 0.0 0.0 0.0 0.0 0.0 0.0 0.0 0.0 0.0 0.0 0.0 0.0 0.0 0.0 0.0 0.0 0.0 0.0 0.0 0.0 0.0 0.0 0.0 0.0 0.0 0.0 0.0 0.0 0.0 0.0 0.0 0.0 22.463 26.501 28.675 29.296 27.018 26.708 26.915 27.122 26.811 27.225 26.708 26.915 26.915 26.915 27.329 27.432 27.018 26.811 26.604 27.018 27.122 26.501 26.811 26.811 27.122 26.915 26.708 26.811 26.811 26.708 27.122 27.225 26.708 26.811 26.811 26.811 26.811 27.225 27.122 26.501 26.501 26.501 26.294 26.397 26.19 26.397 26.19 26.397 26.604 26.397 26.501 26.397 27.018 27.018 26.397 27.018 26.708 26.915 26.915 26.604 26.501 27.225 26.708 26.708 26.708 27.018 26.708 26.811 26.708 27.225 26.19 26.811 26.604 26.915 26.811 26.915 26.915 26.811 26.811 26.708 27.018 26.501 26.708 27.018 26.604 26.708 26.811 27.018 26.501 26.708 27.018 26.604 26.708 26.915 26.811 26.501 26.708 26.604 26.294 26.294 27.018 26.501 26.604 26.915 26.708 26.811 26.397 26.811 26.397 26.501 26.811 26.708 26.604 26.915 26.19 26.397 26.811 26.397 26.604 26.811 26.501 26.708 26.708 26.397 26.604 26.811 26.604 26.397 26.604 26.294 26.294 26.604 26.501 26.294 26.604 26.604 26.397 26.501 26.604 26.708 26.294 26.397 26.604 26.294 26.087 26.397 26.397 26.397 26.397 26.294 26.604 26.397 26.294 26.501 26.294 26.604 26.604 26.19 26.604 26.604 26.915 26.294 26.501 26.708 26.604 26.708 26.397 26.501 26.708 26.501 26.397 26.397 26.397 26.708 26.501 26.811 26.397 26.604 26.708 26.708 26.397 26.708 26.604 26.811 26.604 26.811 26.19 26.397 26.294 26.294 26.501 26.811 26.811 26.811 27.018 26.604 26.811 26.604 26.811 26.811 26.915 26.708 26.708 26.915 26.915 26.915 26.811 26.915 26.811 27.122 26.811 27.018 26.811 27.122 26.604 27.018 26.087 27.018 26.501 27.122 26.708 26.604 27.018 26.604 26.811 26.708 26.915 26.708 
