# name: phAngle
# type: matrix
# rows: 1
# columns: 358
 347 347 347 347 347 347 347 347 347 347 347 347 347 347 347 347 347 347 347 347 347 347 347 347 347 347 347 347 347 347 347 347 347 347 347 347 347 347 347 347 347 347 347 347 347 347 347 347 347 347 347 347 347 347 347 347 347 347 347 347 347 347 347 347 347 347 347 347 347 347 347 347 347 347 347 347 347 347 347 347 347 347 347 346 346 346 346 346 346 346 346 346 346 346 346 346 346 346 346 346 346 346 346 346 346 346 346 346 346 346 346 346 346 346 346 346 346 346 346 346 346 346 346 346 346 346 346 346 273 273 273 273 347 347 347 347 346 346 346 346 346 346 346 346 346 346 346 347 346 346 346 346 346 346 346 347 347 347 347 347 347 347 347 347 347 347 347 347 347 347 347 347 347 347 347 347 347 347 347 347 347 347 347 347 347 347 347 347 347 347 347 347 347 347 347 347 347 347 347 347 347 347 347 347 347 347 347 347 347 347 347 347 347 347 347 347 347 347 347 347 346 346 346 346 346 346 346 346 346 346 346 346 346 346 346 346 346 346 346 346 346 346 346 346 346 346 346 346 346 346 346 346 346 346 346 347 347 347 347 347 347 347 346 346 346 346 346 346 346 346 346 346 346 346 346 346 346 346 346 346 346 346 346 346 346 346 346 346 346 346 346 346 346 346 346 346 346 346 346 347 346 273 273 273 273 273 273 273 273 273 273 273 273 273 273 273 273 273 348 347 347 347 347 347 347 346 347 347 347 347 346 346 346 346 346 346 346 346 346 346 346 346 346 346 346 346 346 346 347 347 346 346 347 346 347 347 347 346 
# name: freq
# type: matrix
# rows: 1
# columns: 358
 50.0 50.0 50.0 50.0 50.0 50.0 50.0 50.0 50.0 50.0 50.0 50.0 50.0 50.0 50.0 50.0 50.0 50.0 50.0 50.0 50.0 50.0 50.0 50.0 50.0 50.0 50.0 50.0 50.0 50.0 50.0 50.0 50.0 50.0 50.0 50.0 50.0 50.0 50.0 50.0 50.0 50.0 50.0 50.0 50.0 50.0 50.0 50.0 50.0 50.0 50.0 50.0 50.0 50.0 50.0 50.0 50.0 50.0 50.0 50.0 50.0 50.0 50.0 50.0 50.0 50.0 50.0 50.0 50.0 50.0 50.0 50.0 50.0 50.0 50.0 50.0 50.0 50.0 50.0 50.0 50.0 50.0 50.0 50.0 49.9 50.0 50.0 50.0 49.9 50.0 50.0 49.9 50.0 50.0 50.0 50.0 50.0 50.0 50.0 50.0 50.0 50.0 50.0 50.0 50.0 49.9 50.0 50.0 50.0 50.0 50.0 50.0 50.0 50.0 50.0 50.0 50.0 50.0 50.0 50.0 50.0 50.0 50.0 50.0 50.0 50.0 50.0 50.0 50.0 50.0 50.0 50.0 50.0 50.0 50.0 50.0 50.0 50.0 50.0 50.0 50.0 50.0 50.0 50.0 50.0 50.0 50.0 50.0 50.0 50.0 50.0 50.0 50.0 50.0 50.0 50.0 50.0 50.0 50.0 50.0 50.0 50.0 50.0 50.0 50.0 50.0 50.0 50.0 50.0 50.0 50.0 50.0 50.0 50.0 50.0 50.0 50.0 50.0 50.0 50.0 50.0 50.0 50.0 50.0 50.0 50.0 50.0 50.0 50.0 50.0 50.0 50.0 50.0 50.0 50.0 50.0 50.0 50.0 50.0 50.0 50.0 50.0 50.0 50.0 50.0 50.0 50.0 50.0 50.0 50.0 50.0 50.0 50.0 50.0 50.0 50.0 50.0 50.0 50.0 50.0 50.0 50.0 50.0 50.0 50.0 50.0 50.0 50.0 50.0 50.0 50.0 50.0 50.0 50.0 50.0 50.0 50.0 50.0 50.0 50.0 50.0 50.0 50.0 50.0 50.0 50.0 50.0 50.0 50.0 50.0 50.0 50.0 50.0 50.0 50.0 50.0 50.0 50.0 50.0 50.0 50.0 50.0 49.9 50.0 50.0 50.0 50.0 50.0 50.0 50.0 50.0 50.0 50.0 50.0 50.0 50.0 50.0 50.0 50.0 50.0 50.0 50.0 50.0 50.0 50.0 50.0 50.0 50.0 50.0 50.0 50.0 50.0 50.0 50.0 50.0 50.0 50.0 50.0 50.0 50.0 50.0 50.0 50.0 50.0 50.0 50.0 50.0 50.0 50.0 50.0 49.9 50.0 50.0 50.0 50.0 50.0 50.0 50.0 50.0 50.0 50.0 50.0 50.0 50.0 50.0 50.0 50.0 50.0 50.0 50.0 50.0 50.0 50.0 50.0 50.0 50.0 50.0 49.9 50.0 50.0 50.0 50.0 50.0 50.0 50.0 50.0 50.0 50.0 50.0 50.0 50.0 50.0 50.0 50.0 50.0 50.0 50.0 50.0 
# name: reacPower
# type: matrix
# rows: 1
# columns: 358
 -9.937 -10.248 -10.144 -9.937 -9.627 -9.627 -9.627 -9.42 -9.523 -9.523 -9.834 -9.42 -9.834 -9.834 -9.834 -9.834 -9.627 -9.834 -9.627 -9.937 -9.627 -9.834 -9.523 -9.834 -9.834 -9.834 -9.937 -9.73 -9.627 -9.73 -9.627 -9.834 -9.937 -9.627 -9.834 -9.73 -9.937 -9.523 -9.937 -9.937 -9.627 -9.73 -9.834 -9.834 -9.627 -9.73 -9.834 -9.627 -9.834 -9.627 -9.834 -9.937 -9.73 -9.834 -9.627 -9.834 -9.937 -9.627 -9.937 -9.523 -9.937 -9.73 -9.834 -9.627 -9.73 -9.627 -9.834 -9.937 -9.523 -9.627 -9.523 -9.937 -9.523 -9.834 -9.73 -9.627 -9.627 -9.834 -9.627 -9.834 -9.627 -9.937 -9.627 -9.627 -9.73 -9.42 -9.73 -9.627 -9.42 -9.73 -9.627 -9.316 -9.42 -9.523 -9.627 -9.316 -9.42 -9.73 -9.316 -9.627 -9.42 -9.73 -9.42 -9.316 -9.627 -9.523 -9.523 -9.523 -9.627 -9.42 -9.316 -9.213 -9.523 -9.627 -9.627 -9.42 -9.42 -9.73 -9.523 -9.523 -9.523 -9.627 -9.73 -9.523 -9.73 -9.73 -9.627 -9.73 -9.109 -9.109 -9.109 -9.109 -9.627 -9.627 -9.834 -9.627 -9.73 -9.627 -9.73 -9.42 -9.627 -9.73 -9.316 -9.834 -9.627 -9.523 -9.627 -9.627 -9.42 -9.627 -9.213 -9.42 -9.316 -9.42 -9.523 -9.627 -9.937 -9.834 -9.627 -9.73 -9.834 -9.937 -9.937 -9.937 -9.73 -9.834 -9.834 -9.937 -9.937 -9.627 -10.041 -9.627 -9.834 -9.627 -9.42 -9.523 -9.834 -9.627 -10.041 -10.041 -9.937 -9.834 -10.041 -10.041 -9.73 -9.834 -9.834 -10.041 -10.041 -10.144 -10.144 -9.73 -9.834 -9.937 -10.041 -9.834 -9.937 -10.041 -9.834 -10.041 -9.73 -10.248 -10.041 -10.041 -10.041 -9.73 -10.144 -9.937 -10.144 -10.144 -10.144 -10.248 -9.937 -9.937 -10.144 -9.937 -9.937 -9.834 -10.144 -10.144 -9.73 -9.834 -9.523 -9.73 -9.523 -9.834 -9.73 -9.523 -9.627 -9.73 -9.627 -9.73 -9.316 -9.73 -9.627 -9.627 -9.834 -9.937 -9.42 -9.523 -9.834 -9.834 -9.937 -9.834 -9.937 -9.834 -9.73 -9.73 -9.523 -9.73 -9.316 -9.316 -9.73 -9.73 -9.627 -9.834 -9.523 -9.627 -9.627 -9.627 -9.834 -9.523 -9.523 -9.627 -9.73 -9.523 -9.316 -9.42 -9.42 -9.834 -9.834 -9.834 -9.523 -9.627 -9.937 -9.73 -9.627 -9.523 -9.316 -9.523 -9.73 -9.73 -9.834 -9.42 -9.316 -9.937 -9.73 -9.937 -9.627 -9.627 -9.627 -9.73 -9.73 -9.627 -9.627 -9.834 -9.73 -9.834 -9.316 -9.937 -9.73 -9.109 -9.109 -9.109 -9.109 -9.109 -9.109 -9.006 -9.006 -9.006 -9.006 -9.109 -9.006 -9.006 -9.006 -9.109 -9.109 -9.109 -10.248 -9.73 -9.523 -9.42 -9.42 -9.627 -9.523 -9.73 -9.627 -9.42 -9.523 -9.937 -9.523 -9.937 -9.42 -9.316 -9.627 -9.316 -9.627 -9.627 -9.73 -9.627 -9.42 -9.834 -9.523 -9.523 -9.627 -9.42 -9.213 -9.213 -9.213 -9.42 -9.42 -9.73 -9.73 -9.627 -9.834 -9.523 -9.73 -9.316 
