# name: phAngle
# type: matrix
# rows: 1
# columns: 358
 350 350 346 350 350 350 350 350 350 350 351 351 351 351 351 351 351 351 351 351 351 351 351 351 351 351 351 351 351 351 351 351 351 351 351 351 351 351 351 351 351 351 351 351 351 351 351 351 351 351 351 351 351 351 351 351 351 351 351 272 272 272 272 272 272 272 272 272 272 272 272 272 272 272 272 272 272 272 272 272 272 351 351 350 350 350 350 350 350 350 350 350 350 350 350 350 350 350 350 350 350 350 350 350 350 350 350 350 350 350 350 350 350 350 350 350 350 350 350 350 350 350 350 350 350 350 350 350 350 350 350 350 350 350 350 350 350 350 350 350 351 351 351 351 351 351 351 351 351 350 350 350 350 350 350 350 350 350 350 350 350 350 350 350 350 350 350 350 350 350 350 350 350 350 350 350 350 350 350 350 350 350 350 350 350 350 350 350 350 350 350 350 350 350 350 350 350 350 350 350 350 350 350 350 350 350 350 350 350 350 350 350 350 350 350 350 350 350 350 350 350 350 351 351 351 351 351 351 351 351 350 350 350 350 350 350 350 350 350 350 350 350 351 350 350 350 350 350 350 350 350 350 350 350 350 351 351 351 351 351 351 351 271 271 271 271 271 271 271 271 271 271 271 271 271 286 350 350 350 350 350 350 350 350 350 350 350 350 350 350 350 350 351 271 271 271 271 271 271 271 271 271 271 271 271 271 271 271 271 271 271 271 271 315 350 350 350 350 350 350 350 350 350 350 350 350 350 350 350 350 350 350 350 350 350 350 350 350 350 350 350 350 350 350 350 350 350 350 350 350 350 350 350 350 350 350 350 350 
# name: freq
# type: matrix
# rows: 1
# columns: 358
 50.0 50.0 50.0 50.0 50.0 50.0 50.0 50.0 50.0 50.0 50.0 50.0 50.0 50.0 50.0 50.0 50.0 50.0 50.0 50.0 50.0 50.0 50.0 50.0 50.0 50.0 50.0 50.0 50.0 50.0 50.0 50.0 50.0 50.0 50.0 50.0 50.0 50.0 50.0 50.0 50.0 50.0 50.0 50.0 50.0 50.0 50.0 50.0 50.0 50.0 50.0 50.0 50.0 50.0 50.0 50.0 50.0 50.0 50.0 50.0 50.0 50.0 50.0 50.0 50.0 50.0 50.0 50.0 50.0 50.0 50.0 50.0 50.0 50.0 50.0 50.0 50.0 50.0 50.0 50.0 50.0 49.9 50.0 50.0 50.0 50.0 50.0 50.0 50.0 50.0 50.0 50.0 50.0 50.0 50.0 50.0 50.0 50.0 50.0 50.0 50.0 50.0 50.0 50.0 50.0 49.9 50.0 50.0 50.0 50.0 50.0 50.0 50.0 50.0 50.0 50.0 50.0 50.0 50.0 50.0 50.0 50.0 50.0 50.0 50.0 50.0 50.0 50.0 49.9 50.0 50.0 50.0 50.0 50.0 50.0 50.0 50.0 50.0 50.0 50.0 50.0 49.9 50.0 50.0 50.0 50.0 50.0 50.0 50.0 50.0 50.0 50.0 50.0 50.0 50.0 50.0 50.0 50.0 50.0 50.0 50.0 50.0 50.0 50.0 50.0 50.0 50.0 50.0 50.0 50.0 50.0 50.0 50.0 50.0 50.0 50.0 50.0 50.0 50.0 50.0 50.0 50.0 50.0 50.0 50.0 50.0 50.0 50.0 50.0 50.0 50.0 50.0 50.0 50.0 50.0 50.0 50.0 50.0 50.0 50.0 50.0 50.0 50.0 50.0 50.0 50.0 50.0 50.0 50.0 50.0 50.0 50.0 50.0 50.0 50.0 50.0 50.0 50.0 50.0 50.0 50.0 50.0 50.0 50.0 50.0 50.0 50.0 50.0 50.0 50.0 50.0 50.0 50.0 50.0 50.0 50.0 50.0 50.0 50.0 50.0 50.0 50.0 50.0 50.0 50.0 50.0 50.0 50.0 50.0 50.0 49.9 50.0 50.0 50.0 50.0 50.0 50.0 50.0 50.0 50.0 50.0 50.0 50.0 50.0 50.0 50.0 50.0 50.0 50.0 50.0 50.0 50.0 50.0 50.0 50.0 50.0 50.0 50.0 50.0 50.0 50.0 50.0 50.0 50.0 50.0 50.0 50.0 50.0 50.0 50.0 50.0 50.0 50.0 50.0 50.0 50.0 50.0 50.0 50.0 50.0 50.0 50.0 50.0 50.0 50.0 50.0 50.0 50.0 50.0 50.0 50.0 50.0 50.0 50.0 50.0 50.0 50.0 50.0 50.0 50.0 50.0 50.0 50.0 50.0 50.0 50.0 50.0 50.0 50.0 50.0 50.0 50.0 50.0 50.0 50.0 50.0 50.0 50.0 50.0 50.0 50.0 50.0 50.0 50.0 50.0 50.0 50.0 50.0 50.0 50.0 50.0 50.0 50.0 50.0 50.0 50.0 50.0 50.0 
# name: reacPower
# type: matrix
# rows: 1
# columns: 358
 -6.107 -6.004 -6.211 -6.107 -5.797 -5.693 -5.9 -5.797 -5.693 -5.797 -5.9 -5.9 -5.797 -5.797 -5.59 -5.59 -5.693 -5.693 -5.693 -5.693 -5.693 -5.693 -5.693 -5.693 -5.693 -5.797 -5.797 -5.9 -5.9 -5.9 -5.9 -5.797 -5.9 -5.797 -5.9 -5.9 -5.9 -5.9 -5.9 -5.9 -5.9 -5.797 -5.797 -5.9 -5.797 -5.797 -5.693 -5.797 -5.9 -5.797 -5.797 -5.9 -5.797 -5.9 -5.797 -5.9 -5.693 -5.693 -5.797 -7.66 -7.66 -7.66 -7.66 -7.66 -7.66 -7.66 -7.66 -7.66 -7.66 -7.66 -7.66 -7.66 -7.66 -7.66 -7.66 -7.66 -7.66 -7.66 -7.66 -7.66 -7.764 -5.797 -5.797 -5.693 -5.797 -5.693 -5.693 -5.486 -5.59 -5.59 -5.693 -5.693 -5.797 -5.59 -5.59 -5.797 -5.693 -5.693 -5.797 -5.797 -5.797 -5.797 -5.693 -5.693 -5.693 -5.797 -5.9 -5.9 -5.693 -5.797 -5.797 -5.693 -5.797 -5.797 -5.797 -5.693 -5.797 -5.693 -5.693 -5.693 -5.693 -5.59 -5.693 -5.797 -5.693 -5.797 -5.693 -5.797 -5.693 -5.693 -5.797 -5.693 -5.797 -5.797 -5.797 -5.797 -5.797 -5.693 -5.693 -5.693 -5.797 -5.797 -5.797 -5.9 -5.797 -5.797 -5.797 -5.693 -5.693 -5.693 -5.693 -5.693 -5.693 -5.797 -5.693 -5.59 -5.797 -5.59 -5.693 -5.59 -5.693 -5.797 -5.693 -5.693 -5.693 -5.693 -5.693 -5.693 -5.59 -5.59 -5.59 -5.59 -5.693 -5.693 -5.693 -5.693 -5.693 -5.59 -5.693 -5.693 -5.693 -5.693 -5.693 -5.693 -5.693 -5.797 -5.797 -5.693 -5.59 -5.693 -5.59 -5.59 -5.59 -5.59 -5.59 -5.59 -5.59 -5.486 -5.59 -5.59 -5.486 -5.486 -5.59 -5.486 -5.59 -5.693 -5.693 -5.693 -5.59 -5.486 -5.59 -5.59 -5.59 -5.59 -5.693 -5.693 -5.59 -5.693 -5.59 -5.59 -5.486 -5.59 -5.59 -5.486 -5.486 -5.59 -5.59 -5.486 -5.59 -5.693 -5.59 -5.59 -5.693 -5.59 -5.693 -5.693 -5.59 -5.59 -5.486 -5.59 -5.693 -5.486 -5.693 -5.693 -5.486 -5.693 -5.59 -5.59 -5.486 -5.59 -5.486 -5.59 -5.59 -5.693 -5.693 -5.693 -5.59 -5.693 -5.797 -5.693 -5.693 -5.693 -7.66 -7.66 -7.66 -7.66 -7.66 -7.66 -7.66 -7.66 -7.66 -7.66 -7.66 -7.66 -7.66 -7.246 -5.59 -5.693 -5.693 -5.59 -5.486 -5.59 -5.59 -5.693 -5.59 -5.59 -5.59 -5.486 -5.486 -5.486 -5.486 -5.59 -5.693 -7.764 -7.764 -7.764 -7.66 -7.764 -7.66 -7.66 -7.764 -7.764 -7.764 -7.764 -7.66 -7.764 -7.764 -7.764 -7.66 -7.66 -7.764 -7.66 -7.66 -6.728 -5.693 -5.797 -5.693 -5.693 -5.797 -5.693 -5.797 -5.59 -5.693 -5.693 -5.693 -5.693 -5.797 -5.797 -5.797 -5.9 -5.797 -5.797 -5.9 -5.9 -5.9 -5.9 -5.797 -5.693 -5.797 -5.797 -5.9 -5.797 -5.9 -5.9 -6.004 -5.797 -5.9 -5.693 -5.797 -5.797 -5.797 -5.9 -5.797 -5.797 -5.797 -5.797 -5.693 -5.797 
