# name: phAngle
# type: matrix
# rows: 1
# columns: 361
 349 349 349 349 349 349 348 349 349 348 349 349 349 348 349 349 349 349 349 348 349 349 349 348 349 349 349 349 349 349 349 349 348 349 349 349 349 349 349 349 349 348 349 349 349 349 349 349 349 349 349 348 348 349 348 348 348 349 348 348 348 348 348 348 348 348 348 348 348 348 348 348 348 348 348 344 344 344 344 344 344 344 344 344 344 344 344 344 344 344 344 344 344 344 344 344 344 344 344 344 344 344 344 344 344 344 344 344 344 344 344 344 344 344 344 344 344 344 344 344 344 344 344 344 344 344 344 344 344 344 344 344 344 344 344 344 344 344 344 344 344 344 344 344 343 343 343 343 343 343 343 343 343 343 343 343 343 343 343 343 343 343 343 343 343 344 344 344 344 344 343 343 344 344 344 344 343 343 344 344 344 344 344 344 344 344 343 344 344 343 344 344 344 344 344 343 344 344 344 344 344 344 344 344 344 344 344 341 341 341 341 341 341 341 341 341 341 341 341 341 344 343 344 344 344 343 344 344 344 343 343 343 343 344 343 344 344 331 289 289 289 289 289 297 289 289 289 289 289 289 289 297 289 289 289 289 289 289 289 343 344 344 344 344 343 344 344 344 343 344 344 344 344 344 344 344 344 344 344 344 344 344 344 344 344 344 344 344 344 343 344 344 344 344 344 344 344 344 344 344 344 344 344 344 344 344 344 344 344 344 344 344 344 344 344 344 344 344 344 344 344 344 344 344 344 344 344 343 344 344 344 344 344 344 343 344 344 344 344 344 344 344 344 344 344 344 344 344 344 344 344 344 344 344 344 344 344 344 344 344 344 
# name: freq
# type: matrix
# rows: 1
# columns: 361
 50.0 50.0 50.0 50.0 50.0 50.0 50.0 50.0 50.0 50.0 50.0 50.0 50.0 50.0 50.0 50.0 50.0 50.0 50.0 50.0 50.0 50.0 50.0 50.0 50.0 50.0 50.0 50.0 50.0 50.0 50.0 50.0 50.0 50.0 50.0 50.0 50.0 50.0 50.0 50.0 50.0 50.0 50.0 50.0 50.0 50.0 50.0 50.0 50.0 50.0 50.0 50.0 50.0 50.0 50.0 50.0 50.0 50.0 50.0 50.0 50.0 50.0 50.0 50.0 50.0 50.0 50.0 50.0 50.0 50.0 50.0 50.0 50.0 50.0 50.0 50.0 50.0 50.0 50.0 50.0 50.0 50.0 50.0 50.0 50.0 50.0 50.0 50.0 50.0 50.0 50.0 50.0 50.0 50.0 50.0 50.0 50.0 50.0 50.0 50.0 50.0 50.0 50.0 50.0 50.0 50.0 50.0 50.0 50.0 50.0 50.0 50.0 50.0 50.0 50.0 50.0 50.0 50.0 50.0 50.0 50.0 50.0 50.0 50.0 50.0 50.0 50.0 50.0 50.0 50.0 50.0 50.0 50.0 50.0 50.0 50.0 50.0 50.0 50.0 50.0 50.0 50.0 50.0 50.0 50.0 50.0 50.0 50.0 50.0 50.0 50.0 50.0 50.0 50.0 50.0 50.0 50.0 50.0 50.0 50.0 50.0 50.0 50.0 50.0 50.0 50.0 50.0 50.0 50.0 50.0 50.0 50.0 50.0 50.0 50.0 50.0 50.0 50.0 50.0 50.0 50.0 50.0 50.0 50.0 50.0 50.0 50.0 50.0 50.0 50.0 50.0 50.0 50.0 50.0 50.0 50.0 50.0 49.9 50.0 50.0 50.0 49.9 50.0 49.9 50.0 50.0 50.0 50.0 50.0 50.0 50.0 50.0 50.0 50.0 50.0 50.0 50.0 50.0 50.0 50.0 50.0 50.0 50.0 50.0 50.0 50.0 50.0 50.0 50.0 50.0 50.0 50.0 50.0 50.0 50.0 50.0 50.0 50.0 50.0 50.0 50.0 50.0 50.0 50.0 50.0 49.9 50.0 50.0 50.0 50.0 50.0 50.0 50.0 50.0 50.0 50.0 50.0 50.0 50.0 50.0 50.0 50.0 50.0 50.0 50.0 50.0 50.0 50.0 50.0 50.0 50.0 50.0 50.0 50.0 50.0 50.0 50.0 50.0 50.0 50.0 50.0 50.0 50.0 50.0 50.0 50.0 50.0 50.0 50.0 50.0 50.0 50.0 50.0 50.0 50.0 50.0 50.0 50.0 50.0 50.0 50.0 50.0 50.0 50.0 50.0 50.0 50.0 50.0 50.0 50.0 50.0 50.0 50.0 50.0 50.0 50.0 50.0 50.0 50.0 50.0 50.0 50.0 50.0 50.0 50.0 50.0 50.0 50.0 50.0 50.0 50.0 50.0 50.0 50.0 50.0 50.0 50.0 50.0 50.0 50.0 50.0 50.0 50.0 50.0 50.0 50.0 50.0 50.0 50.0 50.0 50.0 50.0 50.0 50.0 50.0 50.0 50.0 50.0 50.0 50.0 50.0 
# name: reacPower
# type: matrix
# rows: 1
# columns: 361
 -16.045 -16.045 -16.149 -16.149 -16.149 -16.149 -16.045 -16.045 -16.045 -15.942 -16.045 -16.045 -16.045 -15.942 -15.942 -15.942 -15.942 -16.045 -15.942 -15.942 -16.045 -15.942 -15.942 -15.942 -15.942 -15.838 -16.045 -16.045 -15.942 -15.942 -15.942 -15.942 -15.838 -15.942 -15.942 -15.838 -15.838 -15.942 -15.838 -15.942 -15.838 -15.735 -15.838 -15.735 -15.735 -15.735 -15.735 -15.735 -15.735 -15.735 -15.735 -15.631 -15.631 -15.735 -15.735 -15.735 -15.631 -15.735 -15.631 -15.735 -15.735 -15.631 -15.631 -15.631 -15.631 -15.631 -15.631 -15.631 -15.631 -15.631 -15.631 -15.528 -15.528 -15.528 -15.321 -15.424 -15.528 -15.424 -15.321 -15.321 -15.424 -15.424 -15.528 -15.528 -15.424 -15.528 -15.528 -15.528 -15.631 -15.528 -15.528 -15.528 -15.631 -15.631 -15.735 -15.631 -15.735 -15.735 -15.735 -15.735 -15.735 -15.735 -15.838 -15.631 -15.838 -16.045 -15.735 -16.149 -15.838 -15.735 -16.045 -15.735 -15.735 -15.838 -15.735 -15.735 -15.838 -15.735 -15.735 -15.838 -15.838 -15.735 -15.838 -16.149 -16.045 -15.838 -15.942 -15.838 -15.942 -15.942 -15.838 -15.942 -15.942 -15.838 -15.838 -15.942 -15.942 -15.838 -15.942 -16.045 -15.942 -16.045 -15.942 -15.735 -16.149 -16.149 -16.149 -16.252 -16.149 -16.149 -16.149 -16.045 -16.149 -16.149 -16.045 -16.045 -16.149 -16.045 -16.149 -16.045 -16.045 -16.149 -16.149 -16.149 -16.356 -16.149 -16.045 -16.149 -16.149 -16.149 -16.356 -16.356 -16.149 -16.045 -16.045 -16.149 -16.252 -16.149 -15.838 -15.942 -15.838 -16.045 -16.045 -16.045 -16.252 -16.045 -16.356 -16.252 -16.045 -16.045 -15.942 -15.942 -15.942 -15.838 -15.942 -15.942 -15.942 -15.942 -15.942 -15.838 -16.149 -16.149 -16.356 -16.252 -16.356 -16.356 -16.356 -16.666 -16.563 -16.563 -16.666 -16.563 -16.563 -16.563 -16.666 -16.77 -16.563 -16.563 -16.666 -16.77 -16.459 -15.735 -15.838 -15.735 -15.735 -15.838 -15.735 -15.735 -15.838 -15.838 -15.838 -15.838 -15.838 -15.838 -15.838 -15.735 -15.735 -12.111 -5.693 -5.693 -5.693 -5.693 -5.693 -5.693 -5.693 -5.693 -5.693 -5.693 -5.693 -5.693 -5.693 -5.693 -5.693 -5.693 -5.693 -5.693 -5.693 -5.693 -5.693 -15.631 -15.528 -15.631 -15.631 -15.735 -15.838 -15.735 -15.838 -15.735 -15.838 -15.838 -15.735 -15.735 -15.631 -15.735 -15.631 -15.631 -15.735 -15.735 -15.631 -15.631 -15.735 -15.735 -15.631 -15.735 -15.735 -15.735 -15.735 -15.735 -15.631 -15.942 -15.735 -15.838 -15.838 -15.838 -15.838 -15.735 -15.735 -15.838 -15.735 -15.838 -15.838 -15.735 -15.838 -15.942 -15.735 -15.735 -15.838 -15.838 -15.838 -15.942 -15.735 -15.838 -15.735 -15.838 -15.838 -15.838 -15.528 -15.631 -15.631 -15.528 -15.528 -15.424 -15.528 -15.113 -15.321 -15.321 -15.321 -15.424 -15.321 -15.321 -15.321 -15.321 -15.321 -15.321 -15.424 -15.321 -15.217 -15.217 -15.217 -15.217 -15.424 -15.321 -15.321 -15.321 -15.424 -15.217 -15.217 -15.321 -15.321 -15.217 -15.217 -15.217 -15.321 -15.321 -15.321 -15.424 -15.424 -15.528 -15.424 -15.424 -15.424 
