# name: phAngle
# type: matrix
# rows: 1
# columns: 356
 286 286 286 285 286 285 285 285 286 286 357 357 357 357 357 357 357 357 357 357 357 357 357 357 357 357 357 357 357 357 357 357 357 357 357 357 357 357 357 357 357 357 357 357 357 357 357 357 357 357 357 357 357 357 357 357 357 357 357 357 357 357 357 357 357 357 357 357 357 357 357 357 357 357 357 357 357 357 357 357 357 357 357 357 357 357 357 357 357 357 357 357 357 357 357 357 357 357 357 357 357 357 357 357 357 357 357 357 357 357 357 357 357 357 357 357 357 357 357 357 357 357 357 357 357 357 357 357 357 357 357 357 357 357 357 357 357 357 357 357 357 357 357 357 357 357 357 357 357 357 357 357 357 356 356 356 356 356 356 356 356 356 356 356 356 356 356 356 356 356 356 356 356 356 356 356 356 356 356 356 356 356 356 356 356 356 356 356 356 356 356 356 356 356 356 356 356 356 356 356 356 356 356 356 356 356 356 356 356 356 356 356 356 356 356 356 356 356 285 285 285 285 285 285 285 285 285 286 285 285 286 315 357 357 356 356 356 356 356 356 356 294 295 295 294 295 295 294 295 295 294 295 295 294 295 295 294 357 357 357 357 357 357 357 357 356 353 353 353 353 353 353 353 353 353 353 356 356 353 356 356 356 356 353 356 353 356 356 353 356 356 353 356 353 353 353 353 353 356 353 356 353 353 353 353 353 356 356 356 353 353 353 356 353 353 353 353 356 356 353 353 353 353 353 353 353 353 353 356 353 353 353 353 353 353 353 353 353 353 353 353 353 353 353 353 353 353 353 353 353 353 353 353 356 356 356 
# name: freq
# type: matrix
# rows: 1
# columns: 356
 50.0 50.0 50.0 50.0 50.0 50.0 50.0 50.0 50.0 50.0 50.0 50.0 50.0 50.0 50.0 50.0 50.0 50.0 50.0 50.0 50.0 50.0 50.0 50.0 50.0 50.0 50.0 50.0 50.0 50.0 50.0 50.0 50.0 50.0 50.0 50.0 50.0 50.0 50.0 50.0 50.0 50.0 50.0 50.0 50.0 50.0 50.0 50.0 50.0 50.0 50.0 50.0 50.0 50.0 50.0 50.0 50.0 50.0 50.0 50.0 50.0 50.0 50.0 50.0 50.0 50.0 50.0 50.0 50.0 50.0 50.0 50.0 50.0 50.0 50.0 50.0 50.0 50.0 50.0 50.0 50.0 50.0 50.0 50.0 50.0 50.0 50.0 50.0 50.0 50.0 50.0 50.0 50.0 50.0 50.0 50.0 50.0 50.0 50.0 50.0 50.0 50.0 50.0 50.0 50.0 50.0 50.0 50.0 50.0 50.0 50.0 50.0 50.0 50.0 50.0 50.0 50.0 50.0 50.0 50.0 50.0 50.0 50.0 50.0 50.0 50.0 50.0 50.0 50.0 50.0 50.0 50.0 50.0 50.0 50.0 50.0 50.0 50.0 50.0 50.0 50.0 50.0 50.0 50.0 50.0 50.0 50.0 50.0 50.0 50.0 50.0 50.0 50.0 50.0 50.0 50.0 50.0 50.0 50.0 50.0 50.0 50.0 50.0 50.0 50.0 50.0 50.0 50.0 50.0 50.0 50.0 50.0 50.0 50.0 50.0 50.0 50.0 50.0 50.0 50.0 50.0 50.0 50.0 50.0 50.0 50.0 50.0 50.0 50.0 50.0 50.0 50.0 50.0 50.0 50.0 50.0 50.0 50.0 50.0 50.0 50.0 50.0 50.0 50.0 50.0 50.0 50.0 50.0 50.0 50.0 50.0 50.0 50.0 50.0 50.0 50.0 50.0 50.0 50.0 50.0 50.0 50.0 50.0 50.0 50.0 50.0 50.0 50.0 50.0 50.0 50.0 50.0 50.0 50.0 50.0 50.0 50.0 50.0 50.0 50.0 50.0 50.0 50.0 50.0 50.0 50.0 50.0 50.0 50.0 50.0 50.0 50.0 50.0 50.0 50.0 50.0 50.0 50.0 50.0 50.0 50.0 50.0 50.0 50.0 50.0 50.0 50.0 50.0 50.0 50.0 50.0 50.0 50.0 50.0 50.0 50.0 50.0 50.0 50.0 50.0 50.0 50.0 50.0 50.0 50.0 50.0 50.0 50.0 50.0 50.0 50.0 50.0 50.0 50.0 50.0 50.0 50.0 50.0 50.0 50.0 50.0 50.0 50.0 50.0 50.0 50.0 50.0 50.0 50.0 50.0 50.0 50.0 50.0 50.0 50.0 50.0 50.0 50.0 50.0 50.0 50.0 50.0 50.0 50.0 50.0 50.0 50.0 50.0 50.0 50.0 50.0 50.0 50.0 50.0 50.0 50.0 50.0 50.0 50.0 50.0 50.0 50.0 50.0 50.0 50.0 50.0 50.0 50.0 50.0 50.0 50.0 50.0 50.0 50.0 50.0 50.0 
# name: reacPower
# type: matrix
# rows: 1
# columns: 356
 -3.519 -3.519 -3.519 -3.519 -3.519 -3.519 -3.519 -3.519 -3.519 -3.519 -2.898 -3.002 -3.209 -3.312 -3.312 -3.312 -3.519 -3.519 -3.519 -3.623 -3.623 -3.519 -3.519 -3.519 -3.623 -3.519 -3.623 -3.519 -3.623 -3.519 -3.519 -3.726 -3.726 -3.623 -3.519 -3.623 -3.519 -3.519 -3.519 -3.519 -3.623 -3.623 -3.519 -3.623 -3.519 -3.519 -3.519 -3.519 -3.519 -3.519 -3.519 -3.623 -3.623 -3.623 -3.623 -3.623 -3.623 -3.519 -3.623 -3.623 -3.519 -3.519 -3.623 -3.623 -3.519 -3.519 -3.623 -3.623 -3.519 -3.519 -3.416 -3.519 -3.519 -3.519 -3.519 -3.519 -3.519 -3.519 -3.519 -3.519 -3.519 -3.519 -3.623 -3.519 -3.519 -3.623 -3.519 -3.623 -3.623 -3.623 -3.623 -3.623 -3.623 -3.726 -3.83 -3.519 -3.726 -3.726 -3.726 -3.623 -3.623 -3.726 -3.623 -3.726 -3.726 -3.726 -3.726 -3.726 -3.623 -3.726 -3.726 -3.623 -3.623 -3.726 -3.726 -3.623 -3.726 -3.726 -3.623 -3.623 -3.726 -3.726 -3.83 -3.623 -3.623 -3.726 -3.83 -3.726 -3.726 -3.83 -3.726 -3.726 -3.83 -3.83 -3.83 -3.83 -3.83 -3.726 -3.726 -3.726 -3.726 -3.623 -3.623 -3.726 -3.726 -3.726 -3.726 -3.726 -3.726 -3.83 -3.726 -3.726 -3.726 -3.726 -3.623 -3.83 -3.933 -3.933 -3.726 -3.83 -3.83 -3.83 -3.83 -3.83 -3.83 -3.726 -3.83 -3.83 -3.83 -3.83 -3.83 -3.933 -3.83 -3.83 -3.83 -3.83 -3.83 -3.726 -3.83 -3.83 -3.726 -3.933 -3.726 -3.726 -3.933 -3.83 -3.726 -3.933 -3.726 -3.83 -3.726 -3.83 -3.83 -3.83 -3.726 -3.83 -3.83 -3.726 -3.519 -3.519 -3.519 -3.519 -3.519 -3.519 -3.416 -3.519 -3.519 -3.519 -3.519 -3.623 -3.623 -3.519 -3.519 -3.519 -3.519 -3.519 -3.519 -3.623 -3.519 -3.519 -3.519 -3.519 -3.519 -3.519 -3.519 -3.519 -3.519 -3.519 -3.519 -3.519 -3.519 -3.312 -3.623 -3.726 -3.209 -3.312 -3.312 -3.416 -3.416 -3.416 -3.416 -3.416 -3.416 -3.416 -3.416 -3.416 -3.416 -3.416 -3.416 -3.416 -3.416 -3.416 -3.416 -3.416 -3.416 -3.416 -3.416 -3.416 -3.726 -3.726 -3.83 -3.83 -3.83 -3.933 -4.037 -4.037 -4.037 -4.14 -4.14 -4.14 -4.14 -4.14 -4.244 -4.14 -4.14 -4.14 -4.037 -4.037 -4.14 -4.037 -4.037 -4.037 -4.037 -4.037 -4.037 -4.14 -4.037 -4.037 -4.14 -4.037 -4.037 -4.14 -4.037 -4.14 -4.14 -4.14 -4.037 -4.244 -4.037 -4.14 -4.037 -4.14 -4.14 -4.14 -4.14 -4.037 -4.037 -4.037 -4.037 -4.14 -4.14 -4.14 -4.037 -4.14 -4.14 -4.14 -4.14 -4.037 -4.037 -4.14 -4.14 -4.14 -4.14 -4.14 -4.14 -4.244 -4.244 -4.244 -4.037 -4.244 -4.244 -4.244 -4.14 -4.244 -4.244 -4.14 -4.244 -4.347 -4.347 -4.14 -4.244 -4.347 -4.347 -4.451 -4.244 -4.347 -4.14 -4.244 -4.14 -4.14 -4.14 -4.244 -4.14 -4.037 -4.037 -4.037 
