# name: phAngle
# type: matrix
# rows: 1
# columns: 357
 0 0 0 0 0 0 0 0 0 0 0 0 0 0 0 0 0 0 0 0 0 355 0 355 0 0 0 0 0 0 355 0 0 0 0 0 0 0 0 0 0 0 0 0 0 0 0 0 0 0 0 0 0 0 0 355 355 355 355 355 355 355 0 355 355 355 355 0 0 0 0 0 0 0 0 0 0 0 0 0 0 0 0 0 355 0 0 0 0 0 355 0 0 355 0 0 0 0 0 0 0 355 0 0 355 355 355 355 355 355 355 355 355 355 355 355 355 355 355 355 355 355 355 355 355 355 355 355 355 355 355 355 355 355 355 355 355 355 355 355 355 355 355 355 355 355 355 355 355 355 355 355 355 355 355 355 355 355 355 355 355 355 355 355 355 355 355 355 355 355 355 355 355 355 355 355 355 355 355 355 355 355 355 355 355 355 355 355 355 355 355 355 355 355 355 355 355 355 355 355 355 355 355 355 355 355 355 355 355 355 355 355 355 355 355 355 355 355 355 355 355 355 355 355 355 355 355 355 355 355 355 355 355 355 355 355 355 355 355 355 355 355 355 355 355 355 355 355 355 355 355 355 355 355 355 355 355 355 355 355 355 355 355 355 355 355 272 272 272 272 272 272 352 355 355 355 355 355 355 355 355 355 355 355 355 355 355 355 355 355 355 355 355 355 355 355 355 355 355 355 355 355 355 355 355 355 355 355 355 355 355 355 355 355 355 355 355 355 355 355 355 355 355 355 355 355 355 355 355 355 355 355 355 355 355 355 355 355 355 355 355 355 355 355 355 355 355 355 355 355 355 355 355 355 355 355 355 
# name: freq
# type: matrix
# rows: 1
# columns: 357
 50.0 50.0 50.0 50.0 50.0 50.0 50.0 50.0 50.0 50.0 50.0 50.0 50.0 50.0 50.0 50.0 50.0 50.0 50.0 50.0 50.0 50.0 50.0 50.0 50.0 50.0 50.0 50.0 50.0 50.0 50.0 50.0 50.0 50.0 50.0 50.0 50.0 50.0 50.0 50.0 50.0 50.0 50.0 49.9 50.0 50.0 50.0 50.0 50.0 50.0 50.0 50.0 50.0 50.0 50.0 50.0 50.0 50.0 50.0 50.0 50.0 50.0 50.0 50.0 50.0 50.0 50.0 50.0 50.0 50.0 50.0 50.0 50.0 50.0 50.0 50.0 50.0 50.0 50.0 50.0 50.0 50.0 50.0 50.0 50.0 50.0 50.0 50.0 50.0 50.0 50.0 50.0 50.0 50.0 50.0 50.0 50.0 50.0 50.0 50.0 50.0 50.0 50.0 50.0 50.0 50.0 50.0 50.0 50.0 50.0 50.0 50.0 50.0 50.0 50.0 50.0 50.0 50.0 50.0 50.0 50.0 50.0 50.0 50.0 49.9 50.0 50.0 50.0 50.0 50.0 50.0 50.0 50.0 50.0 50.0 50.0 50.0 50.0 50.0 50.0 50.0 50.0 50.0 50.0 50.0 49.9 50.0 50.0 50.0 50.0 50.0 50.0 50.0 50.0 50.0 50.0 50.0 50.0 50.0 50.0 50.0 50.0 50.0 50.0 50.0 49.9 50.0 50.0 50.0 49.9 50.0 50.0 49.9 49.9 50.0 50.0 50.0 50.0 50.0 50.0 50.0 49.9 50.0 50.0 49.9 50.0 49.9 50.0 50.0 50.0 50.0 50.0 50.0 50.0 50.0 50.0 50.0 50.0 50.0 50.0 50.0 50.0 50.0 50.0 50.0 50.0 50.0 50.0 50.0 50.0 50.0 50.0 50.0 50.0 50.0 50.0 50.0 50.0 50.0 50.0 50.0 50.0 50.0 50.0 50.0 50.0 50.0 50.0 50.0 50.0 50.0 50.0 50.0 50.0 50.0 50.0 50.0 50.0 50.0 50.0 50.0 50.0 50.0 50.0 50.0 50.0 50.0 50.0 50.0 50.0 50.0 50.0 50.0 50.0 50.0 50.0 50.0 50.0 50.0 50.0 50.0 50.0 50.0 50.0 50.0 50.0 50.0 50.0 50.0 50.0 50.0 50.0 50.0 50.0 50.0 50.0 50.0 50.0 50.0 50.0 50.0 50.0 50.0 50.0 50.0 50.0 50.0 50.0 50.0 50.0 50.0 50.0 50.0 50.0 50.0 50.0 50.0 50.0 50.0 50.0 50.0 50.0 50.0 50.0 50.0 50.0 50.0 50.0 50.0 50.0 50.0 50.0 49.9 50.0 50.0 50.0 50.0 50.0 50.0 50.0 50.0 50.0 50.0 50.0 50.0 50.0 50.0 50.0 50.0 50.0 50.0 50.0 50.0 50.0 50.0 50.0 50.0 50.0 50.0 50.0 49.9 50.0 50.0 50.0 50.0 50.0 50.0 50.0 50.0 50.0 50.0 50.0 49.9 50.0 50.0 50.0 50.0 
# name: reacPower
# type: matrix
# rows: 1
# columns: 357
 -1.863 -1.863 -1.863 -1.759 -1.863 -1.863 -1.966 -1.863 -1.863 -1.966 -1.863 -1.863 -1.863 -1.966 -1.863 -1.966 -1.966 -1.966 -1.863 -1.863 -1.863 -2.07 -1.966 -2.07 -1.966 -1.863 -1.863 -1.863 -1.863 -1.863 -2.07 -1.863 -1.966 -1.966 -1.966 -1.966 -1.966 -1.966 -1.863 -1.863 -1.966 -1.863 -1.966 -1.759 -1.863 -1.863 -1.966 -1.863 -1.863 -1.759 -1.863 -1.966 -1.966 -1.863 -1.863 -2.07 -2.173 -2.07 -2.07 -2.07 -2.07 -2.173 -1.966 -2.07 -2.07 -2.07 -2.07 -1.966 -1.966 -1.966 -1.966 -1.863 -1.966 -1.966 -1.966 -1.966 -1.966 -1.863 -1.966 -1.863 -1.863 -1.863 -1.863 -1.966 -1.966 -1.863 -1.966 -1.966 -1.966 -1.966 -2.07 -1.863 -1.863 -2.07 -1.966 -1.966 -1.966 -1.966 -1.966 -1.863 -1.966 -2.07 -1.966 -1.966 -2.07 -2.173 -2.07 -2.173 -2.173 -2.07 -2.173 -2.07 -2.07 -2.07 -2.07 -2.07 -2.07 -2.07 -2.07 -2.277 -2.173 -2.07 -2.173 -2.484 -2.484 -2.484 -2.484 -2.38 -2.38 -2.38 -2.277 -2.38 -2.277 -2.38 -2.484 -2.38 -2.484 -2.484 -2.38 -2.38 -2.484 -2.38 -2.588 -2.588 -2.588 -2.588 -2.588 -2.588 -2.484 -2.484 -2.588 -2.484 -2.38 -2.38 -2.38 -2.484 -2.484 -2.484 -2.38 -2.38 -2.38 -2.38 -2.38 -2.38 -2.38 -2.38 -2.484 -2.38 -2.484 -2.38 -2.277 -2.38 -2.38 -2.38 -2.484 -2.38 -2.484 -2.38 -2.277 -2.588 -2.484 -2.588 -2.484 -2.38 -2.38 -2.38 -2.38 -2.38 -2.484 -2.38 -2.38 -2.38 -2.38 -2.277 -2.277 -2.277 -2.38 -2.38 -2.38 -2.277 -2.38 -2.277 -2.277 -2.38 -2.38 -2.38 -2.38 -2.38 -2.38 -2.38 -2.38 -2.38 -2.277 -2.277 -2.38 -2.277 -2.38 -2.38 -2.484 -2.484 -2.484 -2.38 -2.484 -2.38 -2.38 -2.38 -2.277 -2.38 -2.38 -2.277 -2.277 -2.38 -2.38 -2.38 -2.277 -2.38 -2.38 -2.484 -2.38 -2.38 -2.277 -2.277 -2.38 -2.277 -2.38 -2.38 -2.277 -2.38 -2.38 -2.277 -2.277 -2.484 -2.484 -2.484 -2.484 -2.484 -2.484 -2.38 -2.484 -2.484 -2.484 -2.484 -2.588 -2.484 -2.484 -2.484 -3.002 -3.002 -3.002 -3.002 -3.105 -3.002 -2.38 -2.38 -2.484 -2.38 -2.484 -2.691 -2.588 -2.588 -2.588 -2.588 -2.588 -2.484 -2.484 -2.484 -2.588 -2.588 -2.484 -2.588 -2.484 -2.484 -2.484 -2.38 -2.484 -2.38 -2.588 -2.691 -2.588 -2.38 -2.588 -2.484 -2.38 -2.38 -2.484 -2.38 -2.38 -2.38 -2.38 -2.38 -2.38 -2.277 -2.277 -2.38 -2.484 -2.484 -2.484 -2.484 -2.484 -2.588 -2.484 -2.484 -2.38 -2.38 -2.484 -2.484 -2.38 -2.38 -2.38 -2.484 -2.277 -2.484 -2.38 -2.38 -2.277 -2.38 -2.38 -2.484 -2.38 -2.484 -2.484 -2.38 -2.484 -2.484 -2.588 -2.484 -2.484 -2.38 -2.484 -2.484 -2.484 -2.38 -2.484 -2.38 -2.484 -2.38 -2.484 
# name: power
# type: matrix
# rows: 1
# columns: 357
 24.12 24.12 24.223 24.223 24.223 24.12 24.12 24.12 24.223 24.223 24.223 24.12 24.223 24.12 24.12 24.12 24.12 24.223 24.12 24.12 24.12 25.362 25.362 25.362 24.43 24.43 24.223 24.534 24.534 24.43 24.43 24.43 24.534 24.534 24.43 24.43 24.43 24.43 24.43 24.43 24.43 24.43 24.43 24.43 24.43 24.43 24.43 24.43 24.43 24.43 24.43 24.43 24.43 24.43 24.43 24.43 24.43 24.43 24.12 25.051 25.051 25.051 24.948 25.051 24.948 25.051 24.948 24.948 24.948 24.948 24.948 24.948 25.051 24.948 24.948 24.948 24.948 24.948 24.948 24.948 24.948 24.948 24.948 25.051 24.948 24.948 24.948 25.051 25.051 24.948 24.948 24.948 24.12 24.12 24.12 24.948 24.12 24.016 24.12 24.12 24.12 24.12 24.12 24.12 24.12 24.12 24.223 24.948 25.051 25.051 24.948 24.948 25.258 25.258 25.362 25.362 25.362 25.362 25.258 25.258 25.258 25.258 25.258 25.258 25.258 25.258 25.258 24.12 24.016 24.016 24.12 24.016 24.12 24.12 24.12 24.948 24.948 24.12 24.12 24.12 24.12 24.016 24.948 24.948 24.948 24.948 24.948 24.948 24.948 24.948 24.948 24.948 24.12 24.12 24.016 24.016 24.016 24.12 24.12 24.016 24.016 24.12 24.016 24.12 24.12 24.12 24.12 24.12 24.016 24.016 24.016 24.016 24.12 24.223 24.12 24.12 24.12 24.12 24.12 24.12 24.12 24.12 24.12 24.12 24.12 24.12 24.12 24.12 24.12 24.12 24.12 24.12 24.12 24.12 24.12 24.12 24.12 24.12 24.12 24.12 24.12 24.016 24.12 24.016 24.12 24.016 24.12 24.12 24.12 24.016 24.12 24.12 24.12 24.12 24.12 24.12 24.12 24.12 24.12 24.948 24.948 24.948 24.948 24.948 24.948 24.948 24.948 24.948 24.948 24.948 24.948 24.948 24.948 24.948 24.948 24.948 24.948 24.948 24.948 24.948 24.948 24.948 24.948 24.948 24.948 24.948 24.844 24.948 24.948 24.948 25.051 25.051 24.948 24.948 24.948 24.948 24.948 24.12 25.362 25.258 25.258 25.258 25.258 25.258 25.258 25.051 0.103 0.103 0.103 0.0 0.103 0.103 14.492 25.466 25.362 25.362 25.362 25.362 25.362 25.362 25.362 25.362 25.362 25.258 25.362 25.258 25.362 25.258 25.258 25.362 25.362 25.362 25.258 25.362 25.362 25.362 25.362 25.362 25.258 25.362 25.258 25.362 25.258 25.362 25.258 25.258 25.258 25.258 25.258 25.362 25.362 25.362 25.362 25.362 25.362 25.258 25.362 25.362 25.258 25.258 25.258 25.258 25.258 25.258 25.362 25.258 25.258 25.258 25.362 25.258 25.258 25.258 25.258 25.258 25.258 25.258 25.362 25.362 25.258 25.258 25.258 24.12 24.12 24.12 24.12 24.12 24.12 24.12 24.12 24.12 24.12 24.12 24.12 24.12 24.12 24.12 24.12 
