# name: phAngle
# type: matrix
# rows: 1
# columns: 353
 272 272 272 272 272 272 272 272 272 272 272 272 272 272 272 272 272 272 272 272 272 272 272 272 272 272 272 272 272 272 272 272 272 272 272 272 272 272 272 272 272 272 272 272 272 272 272 272 272 272 272 272 272 272 272 272 272 272 272 272 272 272 272 272 272 272 272 272 272 272 272 272 272 272 272 272 272 272 272 272 272 272 272 272 272 272 272 272 272 272 272 272 272 272 272 272 272 272 272 272 272 272 272 272 272 272 272 272 272 272 272 272 272 272 272 272 272 272 272 272 272 272 272 272 272 272 272 272 272 272 272 272 272 272 272 272 272 272 272 272 272 272 272 272 272 272 272 272 272 272 272 272 333 339 339 341 341 341 341 339 341 341 341 341 341 341 341 341 341 341 341 341 341 341 341 341 341 341 341 341 336 341 341 341 341 339 339 339 339 339 339 339 339 339 339 333 339 341 341 341 341 341 341 341 336 341 341 341 341 341 341 341 336 336 336 336 341 341 341 341 341 341 341 341 336 341 341 339 339 339 336 339 339 333 339 339 339 339 339 339 339 339 339 339 333 333 339 339 339 339 339 339 339 339 339 339 339 339 333 333 339 339 339 339 333 339 339 339 339 339 339 339 339 339 339 339 339 339 339 339 339 339 339 339 339 339 339 339 339 333 339 339 339 339 339 339 339 339 339 339 339 339 339 339 339 339 339 339 339 339 339 339 339 339 339 339 339 339 339 339 339 339 339 339 339 339 339 339 333 339 339 339 339 339 339 339 339 339 339 339 339 339 339 339 339 339 339 339 339 339 333 339 339 
# name: freq
# type: matrix
# rows: 1
# columns: 353
 50.0 50.0 50.0 50.0 50.0 50.0 50.0 50.0 50.0 50.0 50.0 50.0 50.0 50.0 50.0 50.0 50.0 50.0 50.0 50.0 50.0 50.0 50.0 50.0 50.0 50.0 50.0 50.0 50.0 50.0 50.0 50.0 50.0 50.0 50.0 50.0 50.0 50.0 50.0 50.0 50.0 50.0 50.0 50.0 50.0 50.0 50.0 50.0 50.0 50.1 50.0 50.0 50.1 50.1 50.1 50.1 50.1 50.1 50.1 50.1 50.1 50.1 50.1 50.1 50.1 50.1 50.1 50.1 50.1 50.1 50.1 50.1 50.1 50.1 50.1 50.1 50.1 50.1 50.1 50.1 50.1 50.1 50.1 50.1 50.1 50.1 50.1 50.1 50.1 50.1 50.1 50.1 50.1 50.1 50.1 50.1 50.1 50.1 50.1 50.1 50.1 50.0 50.1 50.1 50.1 50.1 50.1 50.1 50.1 50.1 50.0 50.1 50.0 50.0 50.1 50.1 50.1 50.1 50.1 50.1 50.0 50.1 50.0 50.1 50.1 50.0 50.0 50.1 50.1 50.1 50.0 50.0 50.1 50.1 50.0 50.0 50.0 50.0 50.0 50.0 50.0 50.0 50.0 50.0 50.0 50.0 50.0 50.1 50.0 50.0 50.0 50.0 50.0 50.0 50.0 50.0 50.0 50.0 50.0 50.0 50.0 50.0 50.0 50.0 50.0 50.0 50.0 50.0 50.0 50.0 50.0 50.0 50.0 50.0 50.0 50.0 50.0 50.0 50.0 50.0 50.0 50.0 50.0 50.0 50.0 50.0 50.0 50.0 50.0 50.0 50.0 50.0 50.0 50.0 50.0 50.0 50.0 50.0 50.0 50.0 50.0 50.0 50.0 50.0 50.0 50.0 50.0 50.0 50.0 50.0 50.0 50.0 50.0 50.0 50.0 50.0 50.0 50.0 50.0 50.0 50.0 50.0 50.0 50.0 50.0 50.0 50.0 50.0 50.0 50.0 50.0 50.0 50.0 50.0 50.0 50.0 50.0 50.0 50.0 50.0 50.0 50.0 50.0 50.0 50.0 50.0 50.0 50.0 50.0 50.0 50.0 50.0 50.0 50.0 50.0 50.0 50.0 50.0 50.0 50.0 50.0 50.0 50.0 50.0 50.0 50.0 50.0 50.0 50.0 50.0 50.0 50.0 50.0 50.0 50.0 50.0 50.0 50.0 50.0 50.0 50.0 50.0 50.0 50.0 50.0 50.0 50.0 50.0 50.0 50.0 50.0 50.0 50.0 50.0 50.0 50.0 50.0 50.0 50.0 50.0 49.9 50.0 50.0 50.0 50.0 50.0 50.0 50.0 50.0 50.0 50.0 50.0 50.0 50.0 50.0 50.0 50.0 50.0 50.0 50.0 50.0 50.0 50.0 50.0 50.0 50.0 50.0 50.0 50.0 50.0 50.0 50.0 50.0 50.0 50.0 50.0 50.0 50.0 50.0 50.0 50.0 49.9 50.0 49.9 50.0 49.9 50.0 50.0 50.0 50.0 50.0 50.0 50.0 
# name: reacPower
# type: matrix
# rows: 1
# columns: 353
 -7.493 -7.597 -7.493 -7.493 -7.493 -7.493 -7.493 -7.493 -7.493 -7.493 -7.493 -7.493 -7.493 -7.493 -7.493 -7.493 -7.493 -7.493 -7.493 -7.493 -7.493 -7.493 -7.493 -7.493 -7.493 -7.493 -7.493 -7.493 -7.493 -7.493 -7.493 -7.493 -7.493 -7.493 -7.493 -7.493 -7.597 -7.597 -7.493 -7.493 -7.597 -7.493 -7.597 -7.493 -7.493 -7.493 -7.597 -7.493 -7.493 -7.493 -7.597 -7.597 -7.597 -7.597 -7.597 -7.597 -7.597 -7.597 -7.597 -7.597 -7.493 -7.597 -7.597 -7.597 -7.597 -7.597 -7.493 -7.597 -7.493 -7.493 -7.493 -7.493 -7.493 -7.493 -7.493 -7.493 -7.493 -7.493 -7.493 -7.493 -7.493 -7.493 -7.493 -7.493 -7.493 -7.493 -7.493 -7.493 -7.493 -7.493 -7.493 -7.493 -7.493 -7.493 -7.493 -7.493 -7.493 -7.493 -7.493 -7.493 -7.493 -7.493 -7.493 -7.493 -7.493 -7.493 -7.493 -7.493 -7.493 -7.493 -7.493 -7.493 -7.493 -7.493 -7.493 -7.493 -7.493 -7.493 -7.493 -7.493 -7.493 -7.493 -7.493 -7.493 -7.493 -7.493 -7.493 -7.493 -7.493 -7.493 -7.493 -7.493 -7.493 -7.493 -7.493 -7.493 -7.493 -7.493 -7.493 -7.493 -7.493 -7.493 -7.493 -7.493 -7.493 -7.493 -7.493 -7.493 -7.493 -7.493 -7.493 -7.493 -7.91 -7.077 -6.973 -6.973 -6.973 -6.869 -7.077 -6.869 -6.973 -6.869 -6.973 -6.973 -6.869 -6.869 -6.765 -6.973 -6.973 -6.973 -6.973 -6.869 -6.869 -6.973 -6.973 -6.973 -6.973 -6.973 -6.765 -6.765 -8.014 -6.973 -6.869 -6.973 -7.389 -6.869 -6.869 -6.869 -6.765 -6.765 -6.661 -6.765 -6.869 -6.869 -6.869 -8.222 -7.805 -6.869 -6.973 -6.869 -6.973 -6.973 -6.869 -6.869 -8.222 -6.973 -6.973 -7.077 -6.973 -7.597 -7.285 -7.597 -8.534 -8.846 -8.742 -8.014 -7.805 -7.701 -7.805 -7.805 -7.805 -7.805 -7.805 -7.805 -8.222 -7.805 -7.181 -7.077 -7.077 -7.181 -8.118 -7.181 -6.973 -8.014 -7.389 -7.181 -7.077 -6.973 -7.077 -7.077 -6.973 -7.181 -7.077 -7.077 -7.493 -8.222 -7.285 -7.077 -7.181 -7.181 -7.181 -7.181 -7.181 -7.389 -7.285 -7.181 -7.181 -7.181 -8.222 -7.91 -6.973 -7.077 -7.493 -7.181 -8.222 -6.973 -7.077 -7.181 -7.285 -7.077 -7.389 -7.181 -6.973 -6.973 -6.765 -6.973 -6.973 -6.973 -6.973 -6.973 -6.973 -7.181 -7.077 -6.973 -7.077 -6.973 -6.973 -6.765 -6.973 -8.534 -7.077 -6.869 -6.869 -6.869 -6.765 -6.869 -6.765 -6.973 -7.389 -6.973 -6.973 -6.869 -6.869 -6.973 -6.869 -6.973 -6.973 -6.869 -6.869 -6.869 -6.973 -6.973 -6.973 -6.869 -6.869 -6.869 -6.973 -6.661 -6.869 -7.285 -6.973 -6.973 -6.869 -6.869 -6.765 -6.765 -6.765 -6.765 -8.118 -6.869 -7.077 -6.869 -6.869 -7.181 -6.869 -6.765 -6.661 -6.869 -6.869 -6.869 -6.869 -6.557 -6.765 -6.765 -6.765 -6.765 -6.765 -6.765 -6.765 -6.765 -7.91 -6.973 -6.869 
