# name: phAngle
# type: matrix
# rows: 1
# columns: 359
 349 349 349 349 349 349 349 349 349 349 349 349 349 349 349 349 349 349 349 349 349 349 349 349 349 349 349 349 315 349 349 349 349 349 349 349 349 349 349 349 349 349 349 349 349 349 349 349 349 349 349 349 349 349 349 349 349 349 349 349 349 349 349 349 349 349 349 349 349 349 349 349 349 349 349 349 349 349 349 349 349 349 349 349 349 349 349 349 349 349 349 349 349 349 349 349 349 349 349 349 349 349 349 349 349 349 349 349 349 349 349 349 349 349 349 349 349 349 349 349 349 349 349 349 349 349 349 349 349 349 349 349 349 349 349 349 349 349 349 349 349 349 349 349 349 349 349 349 349 349 349 349 349 349 349 349 274 274 274 274 274 274 274 274 274 274 274 274 274 274 274 274 274 274 274 274 274 274 274 274 274 274 274 274 274 274 274 274 274 274 274 274 274 274 274 274 274 274 274 274 274 274 274 274 274 274 274 274 274 274 274 274 274 274 274 274 274 274 274 274 274 274 274 274 274 274 274 274 274 274 274 273 274 274 274 274 274 274 274 274 274 274 274 274 274 274 275 275 274 274 274 274 274 274 274 274 274 274 274 274 274 274 274 274 274 274 274 274 274 274 274 274 274 274 274 274 274 274 274 274 274 274 273 273 274 274 274 274 274 274 274 274 274 274 274 274 274 274 274 274 274 274 274 274 274 274 274 274 274 274 274 274 274 274 274 274 274 274 274 274 274 274 274 274 274 274 274 274 274 274 274 274 274 274 274 274 274 274 349 350 349 350 350 349 350 349 349 349 349 349 349 349 349 349 349 349 349 349 349 
# name: freq
# type: matrix
# rows: 1
# columns: 359
 50.0 50.0 50.0 50.0 50.0 50.0 50.0 50.0 50.0 50.0 50.0 50.0 50.0 50.0 50.0 50.0 50.0 50.0 50.0 50.0 50.0 50.0 50.0 50.0 50.0 50.0 50.0 50.0 50.0 50.0 50.0 50.0 50.0 50.0 50.0 50.0 50.0 50.0 50.0 50.0 50.0 50.0 50.0 50.0 50.0 50.0 50.0 50.0 50.0 50.0 50.0 50.0 50.0 50.0 50.0 50.0 50.0 50.0 50.0 50.0 50.0 50.0 50.0 50.0 50.0 50.0 50.0 50.0 50.0 50.0 50.0 50.0 50.0 50.0 50.0 50.0 50.0 50.0 50.0 50.0 50.0 50.0 50.0 50.0 50.0 50.0 50.0 50.0 50.0 50.0 50.0 50.0 50.0 50.0 50.0 50.0 50.0 50.0 50.0 50.0 50.0 50.0 50.0 50.0 50.0 50.0 50.0 50.0 50.0 50.0 50.0 50.0 50.0 50.0 50.0 50.0 50.0 50.0 50.0 50.0 50.0 50.0 50.0 50.0 50.0 50.0 50.0 50.0 50.0 50.0 50.0 50.0 50.0 50.0 50.0 50.0 50.0 50.0 50.0 50.0 50.0 50.0 50.0 50.0 50.0 50.0 50.0 50.0 50.0 50.0 50.0 50.0 50.0 50.0 50.0 50.0 50.0 50.0 50.0 50.0 50.0 50.0 50.0 50.0 50.0 50.0 50.0 50.0 50.0 50.0 50.0 50.0 50.0 50.0 50.0 50.0 50.0 50.0 50.0 50.0 50.0 50.0 50.0 50.0 50.0 50.0 50.0 50.0 50.0 50.0 50.0 50.0 50.0 50.0 50.0 50.0 50.0 50.0 50.0 50.0 50.0 50.0 50.0 50.0 50.0 50.0 50.0 50.0 50.0 50.0 50.0 50.0 50.0 50.0 50.0 50.0 50.0 50.0 50.0 50.0 50.0 50.0 50.0 50.0 50.0 50.0 50.0 50.0 50.0 50.0 50.0 50.0 50.0 50.0 50.0 50.0 50.0 50.0 50.0 50.0 50.0 50.0 50.0 50.0 50.0 50.0 50.0 50.0 50.0 50.0 50.0 50.0 50.0 50.0 50.0 50.0 50.0 50.0 50.0 50.0 50.0 50.0 50.0 50.0 50.0 50.0 50.0 50.0 50.0 50.0 50.0 50.0 50.0 50.0 50.0 50.0 50.0 50.0 50.0 50.0 50.0 50.0 50.0 50.0 50.0 50.0 50.0 50.0 50.0 50.0 50.0 50.0 50.0 50.0 50.0 50.0 50.0 50.0 50.0 50.0 50.0 50.0 50.0 50.0 50.0 50.0 50.0 50.0 50.0 50.0 50.0 50.0 50.0 50.0 50.0 50.0 50.0 50.0 50.0 50.0 50.0 50.0 50.1 50.0 50.0 50.0 50.0 50.0 50.0 50.0 50.0 50.0 50.0 50.0 50.0 50.0 50.0 50.0 50.0 50.0 50.0 50.0 50.0 50.0 50.0 50.0 50.0 50.0 50.0 50.0 50.0 50.0 50.0 50.0 50.0 50.0 50.0 50.0 50.0 
# name: reacPower
# type: matrix
# rows: 1
# columns: 359
 -5.072 -5.176 -5.176 -5.279 -5.176 -5.176 -5.176 -5.176 -5.072 -5.072 -5.072 -5.072 -5.072 -5.072 -5.072 -5.072 -5.072 -5.072 -5.072 -5.072 -5.072 -5.072 -5.072 -5.072 -4.968 -5.072 -5.072 -5.072 -5.383 -5.072 -4.968 -5.072 -5.072 -5.072 -5.176 -5.072 -5.072 -5.072 -5.072 -5.072 -5.072 -5.072 -5.072 -4.968 -5.072 -5.072 -5.072 -5.072 -5.072 -5.072 -5.072 -5.072 -5.072 -5.072 -5.072 -5.072 -5.072 -5.072 -5.072 -5.072 -5.176 -5.072 -5.072 -5.072 -5.072 -5.072 -5.072 -5.072 -5.072 -5.072 -5.072 -5.072 -5.072 -5.072 -5.072 -5.072 -5.072 -5.072 -5.072 -5.072 -5.072 -5.072 -5.072 -4.968 -4.865 -4.865 -4.761 -4.865 -4.761 -4.865 -4.865 -4.865 -4.761 -4.865 -4.865 -4.865 -4.865 -4.865 -4.968 -4.865 -4.968 -5.072 -4.968 -5.072 -4.968 -5.072 -4.968 -5.176 -5.072 -5.279 -5.176 -5.176 -5.279 -5.279 -5.279 -5.176 -5.176 -5.176 -5.279 -5.176 -5.176 -5.176 -5.176 -5.176 -5.176 -5.176 -5.279 -5.176 -5.176 -5.176 -5.176 -5.072 -5.176 -5.279 -5.279 -5.176 -5.383 -5.383 -5.279 -5.176 -5.279 -5.279 -5.279 -5.176 -5.279 -4.968 -4.968 -5.072 -5.072 -4.968 -5.072 -5.176 -5.279 -5.279 -5.176 -5.072 -6.004 -6.004 -6.004 -6.004 -6.004 -6.004 -6.004 -6.004 -6.004 -6.004 -6.004 -6.004 -6.004 -6.004 -6.004 -6.004 -6.004 -6.004 -6.004 -6.004 -6.004 -6.004 -6.004 -6.004 -6.004 -6.004 -6.004 -6.004 -6.004 -6.004 -6.004 -6.004 -6.004 -6.004 -6.004 -6.004 -6.004 -6.004 -6.004 -6.004 -6.004 -6.004 -6.004 -6.004 -6.004 -6.004 -6.004 -6.004 -6.004 -6.004 -6.004 -6.004 -6.004 -6.004 -6.004 -6.004 -6.004 -6.004 -6.004 -6.004 -6.004 -6.004 -6.004 -6.004 -6.004 -6.004 -6.004 -6.004 -6.004 -6.004 -6.004 -6.004 -6.004 -6.004 -6.004 -5.9 -5.693 -5.693 -5.693 -5.693 -5.693 -5.693 -5.693 -5.693 -5.693 -5.693 -5.693 -5.693 -5.59 -5.693 -5.797 -5.797 -6.004 -6.004 -6.004 -6.004 -6.004 -6.004 -6.004 -6.004 -6.004 -6.004 -6.004 -6.004 -6.004 -6.004 -6.004 -6.004 -6.004 -6.004 -6.004 -6.004 -6.004 -6.004 -6.004 -6.004 -6.004 -6.004 -6.004 -6.004 -6.004 -6.107 -6.004 -6.004 -6.004 -6.004 -6.004 -5.797 -5.693 -5.797 -5.797 -6.004 -6.004 -6.004 -6.004 -6.004 -6.004 -6.004 -6.004 -6.004 -6.004 -6.004 -6.004 -6.004 -6.004 -6.004 -6.004 -6.004 -6.004 -6.004 -6.004 -6.004 -6.004 -6.004 -6.004 -6.004 -6.004 -6.004 -6.004 -6.004 -6.004 -6.004 -6.004 -6.004 -6.004 -6.004 -6.004 -6.004 -6.004 -6.004 -6.004 -6.004 -6.004 -6.004 -6.004 -6.004 -6.004 -6.004 -6.004 -6.004 -6.004 -6.004 -5.176 -5.279 -5.383 -5.383 -5.383 -5.383 -5.486 -5.486 -5.486 -5.383 -5.486 -5.383 -5.383 -5.176 -5.176 -5.176 -5.176 -5.279 -5.176 -5.176 -5.176 
