# name: phAngle
# type: matrix
# rows: 1
# columns: 357
 349 349 349 349 349 349 349 349 349 349 349 349 349 349 349 349 349 349 349 349 349 349 349 349 349 349 349 349 349 349 349 349 349 349 349 349 349 349 349 349 349 349 349 349 349 349 349 349 349 349 349 349 349 349 349 349 349 349 349 349 349 349 349 349 349 349 349 349 349 349 349 349 349 349 349 349 349 349 349 349 349 349 349 349 349 349 349 349 349 349 349 349 349 349 349 349 349 349 349 349 349 349 349 349 349 349 349 349 349 349 349 349 349 349 349 349 349 349 349 349 349 349 349 349 349 349 349 349 349 349 349 349 349 349 349 349 349 349 349 349 349 349 349 349 349 349 349 349 349 349 349 349 349 349 349 349 349 349 349 349 349 349 349 349 349 349 349 349 349 349 349 349 349 349 349 349 349 349 349 349 349 349 349 349 349 349 349 349 349 349 349 349 349 349 349 349 349 349 349 349 349 349 349 349 349 349 349 349 349 349 349 349 349 349 349 349 349 349 349 349 349 349 349 349 349 349 349 349 349 349 349 349 349 349 349 349 349 349 349 349 349 349 349 349 349 349 349 349 349 349 349 349 349 349 349 349 349 349 349 349 349 349 349 349 349 349 349 349 349 349 349 349 349 349 349 349 349 349 349 349 349 349 349 349 349 349 349 349 349 349 349 349 349 349 349 349 349 349 349 349 349 349 349 349 349 349 349 349 349 349 349 349 349 349 349 349 349 349 349 349 349 349 349 349 349 349 349 349 349 349 349 349 349 349 349 349 349 349 349 349 349 349 349 349 349 349 349 349 349 349 349 349 349 349 349 349 349 
# name: freq
# type: matrix
# rows: 1
# columns: 357
 50.0 50.0 50.0 50.0 50.0 50.0 50.0 50.0 50.0 50.0 50.0 50.0 50.0 50.0 50.0 50.0 50.0 50.1 50.0 50.0 50.0 50.0 50.0 50.0 50.0 50.0 50.0 50.0 50.0 50.0 50.0 50.0 50.0 50.0 50.0 50.0 50.0 50.0 50.0 50.0 50.0 50.0 50.0 50.0 50.0 50.0 50.0 50.0 50.0 50.0 50.0 50.0 50.0 50.0 50.0 50.0 50.0 50.0 50.0 50.0 50.0 50.0 50.0 50.0 50.0 50.0 50.0 50.0 50.0 50.0 50.0 50.0 50.0 50.0 50.0 50.0 50.0 50.0 50.0 50.0 50.0 50.0 50.0 50.0 50.0 50.0 50.0 50.0 50.0 50.0 50.0 50.0 50.0 50.0 50.0 50.0 50.0 50.0 50.0 50.0 50.0 50.0 50.0 50.0 50.0 50.0 50.0 50.0 50.0 50.0 50.0 50.0 50.0 50.0 50.0 50.0 50.0 50.0 50.0 50.0 50.0 50.0 50.0 50.0 50.0 50.0 50.0 50.0 50.0 50.0 50.0 50.0 50.0 50.0 50.0 50.0 50.0 50.0 50.0 50.0 50.0 50.0 50.0 50.0 50.0 50.0 50.0 50.0 50.0 50.0 50.0 50.0 50.0 50.0 50.0 50.0 50.0 50.0 50.0 50.0 50.0 50.0 50.0 50.0 50.0 50.0 50.0 50.0 50.0 50.0 50.0 50.0 50.0 50.0 50.0 50.0 50.0 50.0 50.0 50.0 50.0 50.0 50.0 50.0 50.0 50.0 50.0 50.0 50.0 50.0 50.0 50.0 50.0 50.0 50.0 50.0 50.0 50.0 50.0 50.0 50.0 50.0 50.0 50.0 50.0 50.0 50.0 50.0 50.0 50.0 50.0 50.0 50.0 50.0 50.0 50.0 50.0 50.0 50.0 50.0 50.0 50.0 50.0 50.0 50.0 50.0 50.0 50.0 50.0 50.1 50.0 50.0 50.0 50.0 50.0 50.0 50.0 50.0 50.0 50.0 50.0 50.0 50.0 50.0 50.0 50.0 50.0 50.0 50.0 50.0 50.0 50.0 50.0 50.0 50.0 50.0 50.0 50.0 50.0 50.0 50.0 50.0 50.0 50.0 50.0 50.0 50.0 50.0 50.0 50.0 50.0 50.1 50.0 50.0 50.0 50.0 50.0 50.1 50.0 50.0 50.0 50.0 50.0 50.1 50.0 50.0 50.0 50.0 50.0 50.0 50.0 50.0 50.0 50.0 50.0 50.0 50.0 50.0 50.0 50.0 50.0 50.0 50.0 50.0 50.0 50.0 50.0 50.0 50.0 50.0 50.0 50.0 50.0 50.0 50.0 50.0 50.0 50.0 50.0 50.0 50.0 50.0 50.0 50.0 50.0 50.0 50.0 50.0 50.0 50.0 50.0 50.0 50.0 50.0 50.0 50.0 50.0 50.0 50.0 50.0 50.0 50.0 50.0 50.0 50.0 50.0 50.0 50.0 50.0 50.0 50.0 50.0 50.0 50.0 50.0 50.0 50.0 
# name: reacPower
# type: matrix
# rows: 1
# columns: 357
 -5.176 -5.279 -5.486 -5.383 -5.383 -5.383 -5.383 -5.383 -5.383 -5.486 -5.383 -5.383 -5.486 -5.59 -5.279 -5.279 -5.383 -5.279 -5.383 -5.486 -5.383 -5.279 -5.279 -5.383 -5.279 -5.279 -5.176 -5.383 -5.176 -5.279 -5.279 -5.279 -5.176 -5.279 -5.176 -5.176 -5.176 -5.279 -5.176 -5.176 -5.383 -5.176 -5.279 -5.279 -5.176 -5.383 -5.176 -5.176 -5.279 -5.279 -5.279 -5.176 -5.279 -5.176 -5.176 -5.279 -5.279 -5.176 -5.176 -5.279 -5.383 -5.279 -5.279 -5.072 -4.968 -5.072 -4.865 -5.072 -4.968 -4.865 -5.072 -4.968 -4.865 -4.968 -4.865 -5.072 -5.072 -5.072 -5.072 -5.072 -5.279 -5.072 -5.176 -5.072 -5.072 -5.383 -5.176 -5.279 -5.279 -5.176 -5.279 -5.176 -5.176 -5.279 -5.279 -5.176 -5.176 -5.279 -5.383 -5.176 -5.176 -5.176 -5.176 -5.486 -5.279 -5.176 -5.279 -5.176 -5.176 -5.176 -5.279 -5.383 -5.176 -5.383 -5.279 -5.176 -5.176 -5.176 -5.176 -5.176 -5.176 -5.176 -5.176 -5.176 -5.383 -5.176 -5.279 -5.279 -5.176 -5.383 -5.279 -5.279 -5.176 -5.279 -5.279 -5.176 -5.279 -5.176 -5.176 -5.176 -5.176 -5.279 -5.176 -5.176 -5.279 -5.072 -5.383 -5.072 -5.279 -5.176 -5.072 -5.279 -5.279 -5.176 -5.383 -5.176 -5.279 -5.072 -5.176 -5.176 -5.176 -5.279 -5.279 -5.279 -5.176 -5.176 -5.176 -5.072 -5.176 -5.072 -5.072 -5.176 -5.176 -5.176 -5.279 -5.072 -5.072 -4.968 -5.072 -5.072 -5.072 -5.279 -5.176 -5.176 -5.176 -5.176 -5.383 -5.176 -5.176 -5.176 -5.176 -5.176 -5.176 -5.176 -5.279 -5.176 -5.383 -5.176 -5.176 -5.383 -5.176 -5.176 -5.176 -5.176 -5.176 -5.279 -5.176 -5.176 -5.279 -5.176 -5.176 -5.072 -5.072 -5.072 -5.072 -5.176 -5.072 -5.072 -5.176 -5.072 -5.072 -5.176 -5.072 -5.072 -5.176 -5.279 -5.176 -5.072 -5.072 -5.072 -5.176 -5.176 -5.176 -5.279 -5.176 -5.176 -5.279 -5.176 -5.176 -5.072 -5.072 -5.176 -5.072 -5.279 -5.072 -5.176 -5.072 -5.072 -5.279 -5.176 -5.176 -5.176 -5.072 -4.968 -4.968 -4.865 -4.865 -4.865 -4.968 -4.968 -4.865 -4.968 -4.968 -5.072 -4.968 -4.865 -5.072 -4.865 -5.072 -5.072 -5.176 -5.072 -5.072 -4.968 -4.968 -4.968 -4.968 -4.968 -5.072 -5.176 -5.176 -5.176 -5.176 -5.176 -5.072 -5.072 -5.072 -5.176 -5.176 -5.072 -5.072 -5.072 -5.176 -5.176 -5.176 -5.176 -5.072 -5.279 -5.072 -5.176 -5.072 -4.968 -4.865 -5.072 -5.176 -5.072 -5.072 -5.072 -5.176 -5.176 -5.176 -5.279 -5.072 -5.176 -5.072 -5.176 -5.072 -5.176 -5.176 -5.279 -5.279 -5.383 -5.176 -5.279 -5.383 -5.176 -5.176 -5.176 -5.176 -5.279 -5.176 -5.383 -5.072 -5.176 -5.176 -5.176 -5.279 -5.176 -5.176 -5.176 -5.176 -5.176 -5.176 -5.279 -5.383 -5.279 -5.486 -5.383 -5.383 -5.279 -5.279 -5.383 -5.279 -5.486 -5.279 -5.279 -5.279 
