# name: phAngle
# type: matrix
# rows: 1
# columns: 358
 0 0 0 0 0 0 0 0 0 0 0 0 0 0 0 0 0 0 0 0 0 0 0 0 0 0 0 0 0 0 0 0 0 0 0 0 0 0 0 0 0 0 0 0 0 0 0 0 0 0 0 0 0 0 0 0 0 0 0 0 0 0 0 0 0 0 0 0 0 0 271 271 271 271 272 271 0 0 0 0 0 0 0 0 0 0 0 0 0 0 0 0 0 0 0 0 0 0 0 0 0 0 0 0 0 0 0 0 0 0 0 0 0 0 0 0 0 0 0 0 0 0 0 0 0 271 271 270 271 271 271 271 272 271 271 271 271 271 271 271 272 271 271 271 271 271 271 271 271 271 271 271 271 272 271 270 271 271 271 271 270 271 271 272 271 272 272 271 271 271 272 271 271 271 271 272 271 271 271 271 271 271 271 271 271 271 271 271 271 271 271 271 271 272 271 271 272 271 272 271 271 272 271 271 271 271 272 271 271 271 271 271 271 271 271 271 271 270 272 271 272 272 272 271 271 271 271 271 271 271 271 271 271 271 272 271 272 271 271 271 271 271 271 271 272 271 271 271 271 271 271 271 271 272 271 0 0 0 0 0 0 0 0 0 0 0 0 0 0 0 0 0 0 0 0 0 0 0 0 0 0 0 0 0 0 0 0 0 0 0 0 0 0 0 0 0 0 0 0 0 0 0 0 0 0 0 0 0 0 0 0 0 0 0 0 0 0 0 0 0 0 0 0 0 0 0 0 0 0 0 0 0 0 0 0 0 0 0 0 0 0 0 0 0 0 0 0 0 0 0 0 0 0 0 271 271 271 271 
# name: freq
# type: matrix
# rows: 1
# columns: 358
 50.0 50.0 50.0 50.0 50.0 50.0 50.0 50.0 50.0 50.0 50.0 50.0 50.0 50.0 50.0 50.0 50.0 50.0 50.0 50.0 50.0 50.0 50.0 50.0 50.0 50.0 50.0 50.0 50.0 50.0 50.0 50.0 50.0 50.0 50.0 50.0 50.0 50.0 50.0 50.0 50.0 50.0 50.0 50.0 50.0 50.0 50.0 50.0 50.0 50.0 50.0 50.0 50.0 50.0 50.0 50.0 50.0 50.0 50.0 50.0 50.0 50.0 50.0 50.0 50.0 50.0 50.0 50.0 50.0 50.0 50.0 50.0 50.0 50.0 50.0 50.0 50.0 50.0 50.0 50.0 50.0 50.0 50.0 50.0 50.0 50.0 50.0 50.0 50.0 50.0 50.0 50.0 50.0 50.0 50.0 50.0 50.0 50.0 50.0 50.0 50.0 50.0 50.0 50.0 50.0 50.0 50.0 50.0 50.0 50.0 50.0 50.0 50.0 50.0 50.0 50.0 50.0 50.0 50.0 50.0 50.0 50.0 50.0 50.0 50.0 50.0 50.0 50.0 50.0 50.0 50.0 50.0 50.0 50.0 50.0 50.0 50.0 50.0 50.0 50.0 50.0 50.0 50.0 50.0 50.0 50.0 50.0 50.0 50.0 50.0 50.0 50.0 50.0 50.0 50.0 50.0 50.0 50.0 50.0 50.0 50.0 50.0 50.0 50.0 50.0 50.0 50.0 50.0 50.0 50.0 50.0 50.0 50.0 50.0 50.0 50.0 50.0 50.0 50.0 50.0 50.0 50.0 50.0 50.0 50.0 50.0 50.0 50.0 50.0 50.0 50.0 50.0 50.0 50.0 49.9 50.0 49.9 50.0 50.0 50.0 49.9 50.0 50.0 50.0 50.0 50.0 50.0 50.0 50.0 50.0 50.0 50.0 50.0 50.0 50.0 50.0 50.0 50.0 50.0 50.0 50.0 50.0 49.9 50.0 50.0 50.0 50.0 50.0 50.0 50.0 50.0 50.0 50.0 50.0 50.0 50.0 50.0 50.0 50.0 50.0 50.0 50.0 50.0 50.0 50.0 50.0 50.0 50.0 50.0 50.0 50.0 50.0 50.0 50.0 50.0 50.0 50.0 50.0 50.0 50.0 50.0 50.0 50.0 50.0 50.0 50.0 50.0 50.0 50.0 50.0 50.0 50.0 50.0 50.0 50.0 50.0 50.0 50.0 50.0 50.0 50.0 50.0 50.0 50.0 50.0 50.0 50.0 50.0 50.0 50.0 50.0 50.0 50.0 50.0 50.0 50.0 50.0 50.0 50.0 50.0 50.0 50.0 50.0 50.0 50.0 50.0 50.0 50.0 50.0 50.0 50.0 50.0 50.0 50.0 50.0 50.0 50.0 50.0 50.0 50.0 50.0 50.0 50.0 50.0 50.0 50.0 50.0 50.0 50.0 50.0 50.0 50.0 50.0 50.0 50.0 50.0 50.0 50.0 50.0 50.0 50.0 50.0 50.0 50.0 50.0 50.0 50.0 50.0 50.0 50.0 50.0 50.0 50.0 50.0 50.0 50.0 50.0 50.0 
# name: reacPower
# type: matrix
# rows: 1
# columns: 358
 -1.035 -0.931 -0.931 -0.931 -0.931 -0.828 -0.931 -0.931 -0.828 -0.828 -0.931 -0.931 -0.931 -0.931 -0.931 -1.035 -1.035 -1.035 -0.931 -0.828 -0.931 -1.035 -1.035 -1.035 -0.931 -1.035 -1.035 -1.035 -0.931 -1.035 -1.035 -1.035 -1.138 -1.035 -1.035 -1.035 -1.035 -1.035 -1.138 -1.138 -1.035 -1.035 -1.035 -1.035 -1.035 -1.035 -1.035 -1.035 -1.035 -1.035 -1.035 -1.035 -1.138 -1.035 -1.138 -1.035 -0.931 -1.035 -1.035 -1.035 -1.035 -0.931 -1.035 -1.035 -1.035 -1.035 -1.035 -1.035 -1.035 -1.759 -3.105 -3.105 -3.105 -3.105 -3.105 -3.105 -1.138 -1.138 -1.035 -1.035 -1.035 -1.035 -1.138 -1.035 -1.035 -1.035 -1.035 -1.035 -1.035 -1.035 -1.035 -0.931 -1.035 -1.035 -0.931 -0.931 -0.931 -1.035 -1.035 -0.931 -1.035 -1.035 -1.035 -1.035 -1.035 -1.035 -1.035 -1.035 -1.035 -1.138 -1.138 -1.035 -1.138 -1.035 -1.035 -0.931 -0.931 -0.931 -0.931 -1.035 -1.035 -1.035 -0.931 -0.931 -0.931 -3.105 -3.105 -3.105 -3.105 -3.105 -3.105 -3.105 -3.105 -3.105 -3.105 -3.105 -3.105 -3.105 -3.105 -3.105 -3.105 -3.105 -3.105 -3.105 -3.105 -3.105 -3.105 -3.105 -3.105 -3.105 -3.105 -3.105 -3.105 -3.105 -3.105 -3.105 -3.105 -3.105 -3.105 -3.105 -3.105 -3.105 -3.209 -3.105 -3.209 -3.105 -3.105 -3.105 -3.105 -3.105 -3.105 -3.105 -3.105 -3.105 -3.105 -3.105 -3.105 -3.105 -3.105 -3.105 -3.105 -3.105 -3.105 -3.105 -3.105 -3.105 -3.105 -3.105 -3.105 -3.105 -3.105 -3.105 -3.105 -3.105 -3.105 -3.105 -3.105 -3.105 -3.209 -3.105 -3.209 -3.105 -3.105 -3.105 -3.105 -3.209 -3.105 -3.209 -3.209 -3.209 -3.209 -3.209 -3.209 -3.209 -3.105 -3.105 -3.105 -3.105 -3.105 -3.105 -3.105 -3.105 -3.105 -3.105 -3.105 -3.105 -3.105 -3.105 -3.105 -3.105 -3.105 -3.105 -3.105 -3.105 -3.105 -3.105 -3.105 -3.105 -3.105 -3.105 -3.105 -3.105 -3.105 -3.105 -3.105 -3.105 -3.105 -3.105 -3.105 -3.105 -3.105 -3.105 -3.105 -3.105 -3.105 -1.138 -0.828 -0.828 -0.931 -0.828 -0.931 -0.828 -0.724 -0.828 -0.828 -0.724 -0.828 -0.724 -0.724 -0.828 -0.828 -0.828 -0.828 -0.724 -0.828 -0.828 -0.724 -0.828 -0.724 -0.724 -0.724 -0.724 -0.724 -0.724 -0.724 -0.621 -0.621 -0.621 -0.621 -0.724 -0.621 -0.621 -0.621 -0.621 -0.621 -0.621 -0.517 -0.517 -0.517 -0.621 -0.724 -0.724 -0.724 -0.724 -0.621 -0.621 -0.724 -0.724 -0.828 -0.828 -0.828 -0.724 -0.724 -0.724 -0.724 -0.724 -0.828 -0.828 -0.828 -0.724 -0.724 -0.828 -0.724 -0.724 -0.724 -0.621 -0.724 -0.621 -0.621 -0.621 -0.621 -0.621 -0.621 -0.621 -0.724 -0.621 -0.621 -0.621 -0.621 -0.621 -0.621 -0.621 -0.517 -0.621 -0.621 -0.621 -0.621 -0.621 -0.621 -0.621 -0.621 -0.828 -0.724 -0.621 -3.002 -3.105 -3.002 -3.002 
# name: power
# type: matrix
# rows: 1
# columns: 358
 22.878 22.878 22.878 22.878 22.878 22.878 22.878 22.878 22.878 22.878 22.878 22.878 22.878 22.878 22.878 22.878 22.878 22.878 22.878 22.878 22.463 22.463 22.36 22.36 22.36 22.36 22.36 22.36 22.36 22.36 22.36 22.36 22.774 22.774 22.774 22.774 22.67 22.463 22.36 22.36 22.463 22.463 22.36 22.36 22.36 22.36 22.36 22.36 22.256 22.36 22.36 22.36 22.256 22.36 22.36 22.256 22.36 22.36 22.256 22.256 22.256 22.36 22.256 22.256 22.36 22.256 22.36 22.36 22.256 11.801 0.0 0.0 0.0 0.0 0.0 0.0 23.292 23.499 22.774 22.67 22.567 22.463 22.463 22.463 22.463 22.463 22.67 22.567 22.67 22.67 22.567 22.567 22.567 22.567 22.567 22.36 22.463 22.36 22.463 22.36 22.36 22.463 22.36 22.463 22.36 22.36 22.36 22.36 22.36 22.36 22.36 22.36 22.36 22.36 22.36 22.36 22.36 22.36 22.36 22.36 22.36 22.36 22.36 22.36 22.36 0.0 0.0 0.0 0.0 0.0 0.0 0.0 0.103 0.0 0.0 0.0 0.0 0.0 0.0 0.0 0.103 0.0 0.0 0.0 0.0 0.0 0.0 0.0 0.0 0.0 0.0 0.0 0.0 0.0 0.0 0.0 0.0 0.0 0.0 0.0 0.0 0.0 0.0 0.103 0.0 0.0 0.0 0.0 0.0 0.0 0.103 0.0 0.0 0.0 0.0 0.0 0.0 0.0 0.0 0.0 0.0 0.0 0.0 0.0 0.0 0.0 0.0 0.0 0.0 0.0 0.0 0.0 0.0 0.0 0.0 0.0 0.0 0.0 0.103 0.0 0.0 0.103 0.0 0.0 0.0 0.0 0.103 0.0 0.0 0.0 0.0 0.0 0.0 0.0 0.0 0.0 0.0 0.0 0.103 0.0 0.0 0.103 0.0 0.0 0.0 0.0 0.0 0.0 0.0 0.0 0.0 0.0 0.0 0.0 0.103 0.0 0.103 0.0 0.0 0.0 0.0 0.0 0.0 0.0 0.103 0.0 0.0 0.0 0.0 0.0 0.0 0.0 0.0 0.103 0.0 17.494 23.706 23.292 23.188 22.981 22.981 22.981 22.981 22.981 22.981 22.981 22.981 22.878 22.878 22.981 22.981 22.774 22.878 22.774 22.878 22.878 22.878 22.878 22.878 22.878 22.878 22.774 22.774 22.774 22.878 22.878 22.878 22.878 22.567 22.774 22.567 22.67 22.67 22.67 22.567 22.567 22.567 22.567 22.567 22.67 22.774 22.774 22.774 22.878 22.774 22.774 22.67 22.67 22.67 22.67 22.67 22.67 22.67 22.67 22.67 22.67 22.67 22.67 22.67 22.67 22.567 22.567 22.567 22.567 22.463 22.567 22.67 22.567 22.567 22.67 22.567 22.567 22.567 22.567 22.567 22.567 22.567 22.567 22.567 22.36 22.463 22.463 22.463 22.463 22.463 22.463 22.463 22.463 22.36 22.463 22.463 22.567 22.67 22.36 0.0 0.0 0.0 0.0 
