# name: phAngle
# type: matrix
# rows: 1
# columns: 359
 354 354 354 354 354 354 354 354 354 354 354 354 354 354 354 354 354 354 354 354 354 354 354 354 355 355 355 355 355 355 355 355 355 355 355 355 355 355 355 355 355 355 355 355 355 355 355 355 355 355 355 355 355 355 355 355 355 355 355 354 355 354 354 354 354 354 355 354 354 354 354 354 354 354 354 354 355 354 354 354 354 354 354 354 354 354 354 354 354 354 354 354 354 354 354 354 354 354 354 354 354 354 354 354 354 354 354 354 354 354 354 354 354 354 354 354 354 354 354 354 354 354 354 354 354 354 354 354 354 354 354 354 354 354 354 354 354 354 354 354 354 354 354 354 354 354 354 354 354 354 354 354 354 354 354 354 354 354 354 354 354 354 354 354 354 354 354 354 354 354 354 354 354 354 354 354 354 354 354 354 354 354 354 354 354 354 354 354 354 354 354 354 354 354 354 354 354 354 354 273 273 273 273 273 273 273 273 273 273 273 273 273 273 273 273 273 273 273 274 273 273 273 274 273 273 273 273 273 273 273 273 354 354 354 354 354 354 354 354 354 354 354 354 354 354 354 354 354 354 354 354 354 354 354 354 354 354 354 354 354 354 354 354 354 354 354 354 354 354 354 354 354 354 354 354 354 354 354 354 354 354 354 354 354 354 354 354 354 354 354 354 354 354 354 354 354 354 354 354 354 354 354 354 354 354 354 354 354 354 354 354 354 354 354 354 354 354 354 354 354 354 354 354 354 354 354 354 354 354 354 354 354 354 354 354 354 354 354 354 354 354 354 354 354 354 354 354 354 354 354 354 354 354 354 354 354 354 354 354 
# name: freq
# type: matrix
# rows: 1
# columns: 359
 50.0 50.0 50.0 50.0 50.0 50.0 50.0 50.0 50.0 50.0 50.0 50.0 50.0 50.0 50.0 50.0 50.0 50.0 50.0 50.0 50.0 50.0 50.0 50.0 50.0 50.0 50.0 50.0 50.0 50.0 50.0 50.0 50.0 50.0 50.0 50.0 50.0 50.0 50.0 50.0 50.0 50.0 50.0 50.0 50.0 50.0 50.0 50.0 50.0 50.0 50.0 50.0 50.0 50.0 50.0 50.0 50.0 50.0 50.0 50.0 50.0 50.0 50.0 50.0 50.0 50.0 50.0 50.0 50.0 50.0 50.0 50.0 50.0 50.0 50.0 50.0 50.0 50.0 50.0 50.0 50.0 50.0 50.0 50.0 50.0 50.0 50.0 50.0 50.0 50.0 50.0 50.0 50.0 50.0 50.0 50.0 50.0 50.0 50.0 50.0 50.0 50.0 50.0 50.0 50.0 50.0 50.0 50.0 50.0 50.0 50.0 50.0 50.0 50.0 50.0 50.0 50.0 50.0 50.0 50.0 50.0 50.0 50.0 50.0 50.0 50.0 50.0 50.0 50.0 50.0 50.0 50.0 50.0 50.0 50.0 50.0 50.0 50.0 50.0 50.0 50.0 50.0 50.0 50.0 50.0 50.0 50.0 50.0 50.0 50.0 50.0 50.0 50.0 50.0 50.0 50.0 50.0 50.0 50.0 50.0 50.0 50.0 50.0 50.0 50.0 50.0 50.0 50.0 50.0 50.0 50.0 50.0 50.0 50.0 50.0 50.0 50.0 50.0 50.0 50.0 50.0 50.0 50.0 50.0 50.0 50.0 50.0 50.0 50.0 50.0 50.0 50.0 50.0 50.0 50.0 50.0 50.0 50.0 50.0 50.0 50.0 50.0 50.0 50.0 50.0 50.0 50.0 50.0 50.0 50.0 50.0 50.0 50.0 50.0 50.0 50.0 50.0 50.0 50.0 50.0 50.0 50.0 50.0 50.0 50.0 50.0 50.0 50.0 50.0 50.0 50.0 50.0 50.0 50.0 50.0 50.0 50.0 50.0 50.0 50.0 50.0 50.0 50.0 50.0 50.0 50.0 50.0 50.0 50.0 50.0 50.0 50.0 50.0 50.0 50.0 50.0 50.0 50.0 50.0 50.0 50.0 50.0 50.0 50.0 50.0 50.0 50.0 50.0 50.0 50.0 50.0 50.0 50.0 50.0 50.0 50.0 50.0 50.0 50.0 50.0 50.0 50.0 50.0 50.0 50.0 50.0 50.0 50.0 50.0 50.0 50.0 50.0 50.0 50.0 50.0 50.0 50.0 50.0 50.0 50.0 50.0 50.0 50.0 50.0 50.0 50.0 50.0 50.0 50.0 50.0 50.0 50.0 50.0 50.0 50.0 50.0 50.0 50.0 50.0 50.0 50.0 50.0 50.0 50.0 50.0 50.0 50.0 50.0 50.0 50.0 50.0 50.0 50.0 50.0 50.0 50.0 50.0 50.0 50.0 50.0 50.0 50.0 50.0 50.0 50.0 50.0 50.0 50.0 50.0 50.0 50.0 50.0 50.0 50.0 50.0 50.0 50.0 50.0 50.0 
# name: reacPower
# type: matrix
# rows: 1
# columns: 359
 -3.416 -3.519 -3.519 -3.519 -3.519 -3.416 -3.519 -3.519 -3.519 -3.519 -3.519 -3.416 -3.416 -3.416 -3.519 -3.416 -3.416 -3.416 -3.416 -3.519 -3.416 -3.416 -3.519 -3.416 -3.623 -3.623 -3.623 -3.623 -3.623 -3.623 -3.623 -3.726 -3.726 -3.623 -3.726 -3.726 -3.623 -3.726 -3.623 -3.726 -3.726 -3.726 -3.726 -3.726 -3.83 -3.623 -3.726 -3.623 -3.623 -3.726 -3.623 -3.726 -3.726 -3.726 -3.726 -3.726 -3.623 -3.623 -3.726 -3.726 -3.623 -3.623 -3.726 -3.623 -3.623 -3.623 -3.623 -3.623 -3.519 -3.519 -3.623 -3.519 -3.519 -3.519 -3.519 -3.623 -3.519 -3.623 -3.623 -3.623 -3.623 -3.416 -3.416 -3.416 -3.519 -3.519 -3.623 -3.519 -3.623 -3.623 -3.623 -3.623 -3.519 -3.519 -3.623 -3.623 -3.623 -3.623 -3.519 -3.519 -3.519 -3.623 -3.623 -3.623 -3.623 -3.726 -3.726 -3.623 -3.623 -3.623 -3.623 -3.519 -3.623 -3.623 -3.519 -3.623 -3.726 -3.623 -3.519 -3.519 -3.416 -3.416 -3.416 -3.416 -3.416 -3.519 -3.416 -3.519 -3.519 -3.416 -3.519 -3.416 -3.416 -3.519 -3.519 -3.416 -3.312 -3.416 -3.416 -3.416 -3.416 -3.416 -3.416 -3.416 -3.416 -3.312 -3.416 -3.312 -3.312 -3.312 -3.312 -3.312 -3.312 -3.416 -3.312 -3.312 -3.312 -3.312 -3.312 -3.312 -3.312 -3.209 -3.312 -3.312 -3.209 -3.209 -3.312 -3.209 -3.312 -3.312 -3.312 -3.416 -3.209 -3.416 -3.312 -3.312 -3.312 -3.312 -3.312 -3.312 -3.312 -3.312 -3.312 -3.312 -3.312 -3.416 -3.312 -3.416 -3.416 -3.416 -3.416 -3.312 -3.312 -3.416 -3.312 -3.312 -3.519 -3.623 -3.623 -3.519 -3.519 -3.519 -3.519 -3.519 -3.519 -3.519 -3.519 -3.519 -3.519 -3.519 -3.519 -3.623 -3.519 -3.519 -3.519 -3.623 -3.519 -3.623 -3.519 -3.623 -3.519 -3.623 -3.519 -3.519 -3.623 -3.623 -3.623 -3.623 -3.519 -3.623 -3.623 -3.312 -3.312 -3.312 -3.312 -3.312 -3.209 -3.209 -3.312 -3.312 -3.312 -3.312 -3.209 -3.519 -3.519 -3.519 -3.519 -3.519 -3.519 -3.519 -3.416 -3.519 -3.519 -3.623 -3.519 -3.416 -3.416 -3.519 -3.519 -3.519 -3.623 -3.519 -3.623 -3.519 -3.623 -3.519 -3.623 -3.519 -3.519 -3.623 -3.623 -3.623 -3.623 -3.519 -3.519 -3.519 -3.623 -3.519 -3.519 -3.623 -3.519 -3.623 -3.623 -3.623 -3.623 -3.623 -3.623 -3.623 -3.623 -3.623 -3.623 -3.519 -3.726 -3.519 -3.519 -3.623 -3.519 -3.519 -3.623 -3.519 -3.519 -3.623 -3.519 -3.519 -3.519 -3.519 -3.623 -3.519 -3.519 -3.519 -3.519 -3.623 -3.519 -3.519 -3.519 -3.623 -3.519 -3.519 -3.519 -3.623 -3.519 -3.519 -3.623 -3.623 -3.623 -3.519 -3.519 -3.519 -3.519 -3.519 -3.519 -3.623 -3.623 -3.623 -3.623 -3.623 -3.623 -3.623 -3.623 -3.312 -3.416 -3.416 -3.312 -3.312 -3.312 -3.416 -3.416 -3.312 -3.416 -3.416 -3.312 -3.312 -3.312 -3.312 -3.312 -3.416 -3.416 -3.312 -3.312 
