# name: phAngle
# type: matrix
# rows: 1
# columns: 358
 349 349 349 349 349 349 349 349 349 349 349 349 349 349 349 349 349 349 349 349 349 349 349 349 349 349 349 349 349 349 349 349 349 349 349 349 349 349 349 349 349 349 349 349 349 349 349 349 349 349 349 349 349 349 349 349 349 349 349 349 349 349 349 349 349 275 275 275 349 349 349 349 349 349 275 275 275 275 275 275 275 275 275 275 275 275 275 275 275 275 276 275 275 275 275 275 275 275 275 275 275 275 275 275 275 275 275 275 275 275 275 275 275 275 275 275 275 275 275 275 275 275 275 275 346 349 349 349 349 349 349 349 349 349 349 349 349 349 349 349 349 349 349 349 349 349 349 349 349 349 349 349 349 349 349 349 349 349 349 349 349 349 349 349 349 349 349 349 349 349 349 349 349 349 349 349 349 349 349 349 349 349 349 349 349 349 349 349 349 349 349 349 349 349 349 349 349 349 349 349 349 349 349 349 349 349 341 275 275 275 275 275 275 275 275 275 275 275 275 275 275 349 349 349 349 349 349 349 349 349 349 349 349 349 349 349 349 349 349 349 275 275 275 275 275 275 275 275 275 275 275 275 275 275 275 275 275 275 275 275 275 275 275 275 275 275 275 275 275 275 275 275 275 275 275 275 275 275 275 275 275 275 275 275 275 275 275 275 275 275 275 275 275 275 275 275 275 275 275 275 275 275 275 275 275 275 275 275 338 349 349 349 349 349 349 349 349 349 349 349 349 349 349 349 349 349 349 349 349 349 349 349 349 275 275 275 275 275 275 275 349 349 349 349 349 349 349 349 349 349 349 349 349 349 349 349 349 349 
# name: freq
# type: matrix
# rows: 1
# columns: 358
 50.0 50.0 50.0 50.0 50.0 50.0 50.0 50.0 50.0 50.0 50.0 50.0 50.0 50.0 50.0 50.0 50.0 50.0 50.0 50.0 50.0 50.0 50.0 50.0 50.0 50.0 50.0 50.0 50.0 50.0 50.0 50.0 50.0 50.0 50.0 50.0 50.0 50.0 50.0 50.0 50.0 50.0 50.0 50.0 50.0 50.0 50.0 50.0 50.0 50.0 50.0 50.0 50.0 50.0 50.0 50.0 50.0 50.0 50.0 50.0 50.0 50.0 50.0 50.0 50.0 50.0 50.0 50.0 50.0 50.0 50.0 50.0 50.0 50.0 50.0 50.0 50.0 50.0 50.0 50.0 50.0 50.0 50.0 50.0 50.0 50.0 50.0 50.0 50.0 50.0 50.0 50.0 50.0 50.0 50.0 50.0 50.0 50.0 50.0 50.0 50.0 50.0 50.0 50.0 50.0 50.0 50.0 50.0 50.0 50.0 50.0 50.0 50.0 50.0 50.0 50.0 50.0 50.0 50.0 50.0 50.0 50.0 50.0 50.0 50.0 50.0 50.0 50.0 50.0 50.0 50.0 50.0 50.0 50.0 50.0 50.0 50.0 50.0 50.0 50.0 50.0 50.0 50.0 50.0 50.0 50.0 50.0 50.0 50.0 50.0 50.0 50.0 50.0 50.0 50.0 50.0 50.0 50.0 50.0 50.0 50.0 50.0 50.0 50.0 50.0 50.0 50.0 50.0 50.0 50.0 50.0 49.9 50.0 50.0 50.0 50.0 50.0 50.0 50.0 50.0 50.0 50.0 50.0 50.0 50.0 50.0 50.0 50.0 50.0 50.0 50.0 50.0 50.0 50.0 50.0 50.0 50.0 50.0 50.0 50.0 50.0 50.0 50.0 50.0 50.0 50.0 50.0 50.0 50.0 50.0 50.0 50.0 50.0 50.0 50.0 50.0 50.0 50.0 50.0 50.0 50.0 50.0 50.0 50.0 50.0 50.0 50.0 50.0 50.0 50.0 50.0 50.0 50.0 50.0 50.0 50.0 50.0 50.0 50.0 50.0 50.0 50.0 50.0 50.0 50.0 50.0 50.0 50.0 50.0 50.0 50.0 50.0 50.0 50.0 50.0 50.0 50.0 50.0 50.0 50.0 50.0 50.0 50.0 50.0 50.0 50.0 50.0 50.0 50.0 50.0 50.0 50.0 50.0 50.0 50.0 50.0 50.0 50.0 50.0 50.0 50.0 50.0 50.0 50.0 50.0 50.0 50.0 50.0 50.0 50.0 50.0 50.0 50.0 50.0 50.0 50.0 50.0 50.0 50.0 50.0 50.0 50.0 50.0 50.0 50.0 50.0 50.0 50.0 50.0 50.0 50.0 50.0 50.0 50.0 50.0 50.0 50.0 50.0 50.0 50.0 50.0 50.0 50.0 50.0 50.0 50.0 50.0 50.0 50.0 50.0 50.0 50.0 50.0 50.0 50.0 50.0 50.0 50.0 50.0 50.0 50.0 50.0 50.0 50.0 50.0 50.0 50.0 50.0 50.0 50.0 50.0 50.0 50.0 50.0 50.0 50.0 50.0 50.0 
# name: reacPower
# type: matrix
# rows: 1
# columns: 358
 -5.279 -5.279 -5.383 -5.279 -5.279 -5.279 -5.279 -5.279 -5.279 -5.176 -5.279 -5.383 -5.279 -5.279 -5.279 -5.383 -5.383 -5.279 -5.279 -5.176 -5.279 -5.279 -5.279 -5.176 -5.279 -5.279 -5.279 -5.279 -5.279 -5.176 -5.279 -5.279 -5.279 -5.279 -5.176 -5.279 -5.176 -5.279 -5.176 -5.176 -5.072 -5.176 -5.176 -5.176 -5.176 -5.072 -5.176 -5.176 -5.176 -5.176 -5.279 -5.072 -5.176 -5.176 -5.176 -5.176 -5.176 -5.176 -5.176 -5.176 -5.072 -5.176 -5.072 -5.176 -5.072 -6.832 -6.832 -6.832 -4.968 -4.968 -4.968 -4.968 -4.968 -4.968 -6.832 -6.832 -6.728 -6.832 -6.832 -6.728 -6.728 -6.728 -6.728 -6.728 -6.728 -6.728 -6.728 -6.728 -6.728 -6.728 -6.728 -6.728 -6.728 -6.728 -6.728 -6.728 -6.728 -6.728 -6.728 -6.728 -6.728 -6.728 -6.728 -6.728 -6.728 -6.728 -6.728 -6.728 -6.728 -6.728 -6.728 -6.728 -6.728 -6.728 -6.728 -6.728 -6.728 -6.728 -6.728 -6.728 -6.728 -6.728 -6.728 -6.728 -4.968 -4.761 -4.865 -4.761 -4.761 -4.865 -4.761 -4.761 -4.761 -4.761 -4.761 -4.761 -4.761 -4.761 -4.865 -4.761 -4.865 -4.761 -4.865 -4.968 -4.968 -4.865 -4.865 -4.865 -4.865 -4.865 -4.865 -4.865 -4.865 -4.865 -4.761 -4.865 -4.761 -4.865 -4.761 -4.761 -4.865 -4.761 -4.761 -4.761 -4.865 -4.761 -4.761 -4.761 -4.761 -4.658 -4.658 -4.761 -4.865 -4.761 -4.865 -4.658 -4.658 -4.761 -4.761 -4.761 -4.865 -4.658 -4.761 -4.761 -4.761 -4.761 -4.761 -4.761 -4.865 -4.865 -4.761 -4.761 -4.761 -4.865 -4.968 -4.865 -4.865 -4.865 -4.865 -4.761 -4.761 -4.865 -4.761 -4.865 -4.761 -4.865 -5.383 -6.728 -6.728 -6.728 -6.728 -6.728 -6.728 -6.728 -6.728 -6.728 -6.728 -6.728 -6.728 -6.728 -6.728 -4.761 -4.761 -4.761 -4.761 -4.865 -4.761 -4.865 -4.761 -4.761 -4.761 -4.761 -4.865 -4.761 -4.865 -4.761 -4.761 -4.865 -4.865 -4.761 -6.728 -6.832 -6.728 -6.728 -6.728 -6.728 -6.728 -6.728 -6.728 -6.728 -6.728 -6.728 -6.728 -6.728 -6.728 -6.728 -6.728 -6.728 -6.728 -6.728 -6.728 -6.728 -6.728 -6.728 -6.728 -6.728 -6.728 -6.728 -6.728 -6.728 -6.728 -6.728 -6.728 -6.728 -6.728 -6.728 -6.728 -6.728 -6.728 -6.728 -6.728 -6.728 -6.728 -6.728 -6.728 -6.728 -6.728 -6.728 -6.728 -6.728 -6.728 -6.728 -6.728 -6.728 -6.728 -6.728 -6.728 -6.728 -6.728 -6.728 -6.728 -6.728 -6.728 -6.728 -6.728 -6.728 -6.728 -6.728 -5.279 -4.865 -4.761 -4.761 -4.865 -4.865 -4.865 -4.865 -4.761 -4.761 -4.658 -4.658 -4.761 -4.761 -4.761 -4.761 -4.761 -4.761 -4.865 -4.865 -4.761 -4.761 -4.761 -4.865 -4.865 -6.728 -6.728 -6.728 -6.728 -6.625 -6.625 -6.625 -4.658 -4.761 -4.658 -4.658 -4.658 -4.761 -4.658 -4.761 -4.658 -4.761 -4.761 -4.761 -4.658 -4.658 -4.761 -4.761 -4.658 -4.658 
