# name: phAngle
# type: matrix
# rows: 1
# columns: 358
 356 356 356 356 356 356 356 356 356 352 356 356 356 352 356 356 356 356 356 356 356 356 356 356 356 356 356 356 356 356 356 356 356 356 356 356 356 356 356 356 356 356 356 352 356 352 356 356 356 356 356 356 356 356 356 356 356 356 356 355 294 295 295 294 295 295 294 295 295 294 295 295 294 295 295 294 296 295 295 295 295 295 295 295 295 295 295 295 295 295 294 357 357 353 353 353 353 353 353 353 353 353 353 353 353 353 353 353 353 353 353 353 353 353 353 353 353 356 353 353 353 353 356 353 353 353 353 353 353 353 353 353 353 353 353 353 353 353 353 353 353 353 353 353 356 356 353 356 356 356 356 356 356 356 356 356 356 356 356 356 356 356 356 356 356 356 356 356 356 356 356 285 285 285 285 285 285 286 286 285 285 285 285 286 286 285 285 286 286 286 286 285 285 286 285 285 286 285 285 285 285 286 286 286 285 286 285 285 285 286 286 286 285 285 285 285 285 286 286 286 286 285 285 286 286 286 286 286 285 286 286 286 286 286 286 285 285 285 286 285 357 357 357 357 353 357 357 357 357 357 357 357 356 356 356 356 356 356 356 356 356 356 356 356 356 356 356 356 356 356 356 356 356 356 356 356 356 356 356 356 356 356 356 356 356 356 356 356 356 356 356 356 356 356 356 356 356 356 356 356 356 356 356 356 356 356 356 356 356 356 356 356 356 356 356 356 356 356 356 356 356 356 356 356 356 356 356 356 356 356 356 285 315 357 356 356 356 356 356 356 356 356 356 356 356 295 295 294 295 296 294 295 296 294 295 295 295 295 
# name: freq
# type: matrix
# rows: 1
# columns: 358
 50.0 50.0 50.0 50.0 50.0 50.0 50.0 50.0 50.0 50.0 50.0 50.0 50.0 50.0 50.0 50.0 50.0 50.0 50.0 50.0 50.0 50.0 50.0 50.0 50.0 50.0 50.0 50.1 50.0 50.0 50.0 50.0 50.0 50.0 50.1 50.0 50.0 50.0 50.0 50.0 50.0 50.0 50.0 50.0 50.0 50.0 50.0 50.0 50.0 50.0 50.0 50.0 50.0 50.0 50.1 50.0 50.0 50.0 50.0 50.0 50.0 50.0 50.0 50.0 50.0 50.0 50.0 50.0 50.0 50.0 50.0 50.0 50.0 50.0 50.0 50.0 50.0 50.0 50.0 50.0 50.0 50.0 50.0 50.0 50.0 50.0 50.0 50.0 50.0 50.0 50.0 50.0 50.0 50.0 50.0 50.0 50.0 50.0 50.0 50.0 50.0 50.0 50.0 50.0 50.0 50.0 50.0 50.0 50.0 50.0 50.0 50.0 50.0 50.0 50.0 50.0 50.0 50.0 50.0 50.0 50.0 50.0 50.0 50.0 50.0 50.0 50.0 50.0 50.0 50.0 50.0 50.0 50.0 50.0 50.0 50.0 50.0 50.0 50.0 50.0 50.0 50.0 50.0 50.0 50.0 50.0 50.0 50.0 50.0 50.0 50.0 50.0 50.0 50.0 50.0 50.0 50.0 50.0 50.0 50.0 50.0 50.0 50.0 50.0 50.0 50.0 50.0 50.0 50.0 50.0 50.0 50.0 50.0 50.0 50.0 50.0 50.0 50.0 50.0 50.0 50.0 50.0 50.0 50.0 50.0 50.0 50.0 50.0 50.0 50.0 50.0 50.0 50.0 50.0 50.0 50.0 50.0 50.0 50.0 50.0 50.0 50.0 50.0 50.0 50.0 50.0 50.0 50.0 50.0 50.0 50.0 50.0 50.0 50.0 50.0 50.0 50.0 50.0 50.0 50.0 50.0 50.0 50.0 50.0 50.0 50.0 50.0 50.0 50.0 50.0 50.0 50.0 50.0 50.0 50.0 50.0 50.0 50.0 50.0 50.0 50.0 50.0 50.0 50.0 50.0 50.0 50.0 50.0 50.0 50.0 50.0 50.0 50.0 50.0 50.0 50.0 50.0 50.0 50.0 50.0 50.0 50.0 50.0 50.0 50.0 50.0 50.1 50.0 50.0 50.0 50.0 50.0 50.0 50.0 50.0 50.0 50.0 50.0 50.0 50.0 50.0 50.0 50.0 50.0 50.0 50.1 50.0 50.0 50.0 50.0 50.0 50.0 50.0 50.0 50.0 50.0 50.0 50.0 50.0 50.0 50.0 50.0 50.0 50.0 50.0 50.0 50.0 50.0 50.0 50.0 50.0 50.0 50.0 50.0 50.0 50.0 50.0 50.0 50.0 50.0 50.0 50.0 50.0 50.0 50.0 50.0 50.0 50.0 50.0 50.0 50.0 50.0 50.0 50.0 50.0 50.0 50.0 50.0 50.0 50.0 50.0 50.0 50.0 50.0 50.0 50.0 50.0 50.0 50.0 50.0 50.0 50.0 50.0 50.0 50.0 50.0 50.0 50.0 
# name: reacPower
# type: matrix
# rows: 1
# columns: 358
 -3.933 -3.933 -4.037 -4.037 -4.037 -3.933 -4.037 -4.037 -3.933 -4.14 -4.037 -4.037 -4.037 -4.14 -4.037 -3.933 -3.933 -3.933 -4.037 -4.037 -3.933 -4.037 -3.933 -3.933 -3.933 -3.933 -3.933 -3.933 -4.037 -4.037 -4.037 -4.037 -3.933 -3.933 -3.933 -3.933 -3.933 -4.037 -3.933 -3.933 -3.933 -3.83 -4.037 -4.14 -3.933 -4.14 -3.933 -3.933 -3.933 -3.933 -3.933 -3.83 -3.726 -3.623 -3.623 -3.726 -3.623 -3.519 -3.623 -3.726 -3.519 -3.416 -3.519 -3.416 -3.416 -3.416 -3.416 -3.416 -3.416 -3.416 -3.416 -3.416 -3.416 -3.416 -3.416 -3.416 -3.416 -3.416 -3.416 -3.416 -3.416 -3.416 -3.416 -3.416 -3.416 -3.416 -3.416 -3.416 -3.416 -3.416 -3.416 -3.933 -4.037 -4.347 -4.451 -4.244 -4.244 -4.347 -4.451 -4.244 -4.14 -4.14 -4.244 -4.347 -4.451 -4.347 -4.347 -4.244 -4.244 -4.14 -4.244 -4.244 -4.14 -4.244 -4.451 -4.244 -4.14 -4.037 -4.14 -4.14 -4.14 -4.14 -4.037 -4.14 -4.14 -4.037 -4.14 -4.14 -4.14 -4.244 -4.244 -4.14 -4.14 -4.14 -4.14 -4.14 -4.14 -4.14 -4.14 -4.14 -4.14 -4.244 -4.14 -4.14 -4.037 -3.933 -4.14 -4.037 -4.037 -4.037 -3.933 -3.726 -3.83 -3.83 -3.83 -3.83 -3.83 -3.726 -3.83 -3.83 -3.726 -3.726 -3.83 -3.83 -3.83 -3.726 -3.726 -3.726 -3.726 -3.933 -3.726 -3.519 -3.519 -3.519 -3.519 -3.416 -3.416 -3.416 -3.416 -3.416 -3.416 -3.416 -3.416 -3.416 -3.416 -3.416 -3.416 -3.416 -3.416 -3.416 -3.416 -3.416 -3.416 -3.416 -3.416 -3.416 -3.416 -3.416 -3.416 -3.416 -3.416 -3.416 -3.519 -3.416 -3.416 -3.416 -3.519 -3.519 -3.416 -3.416 -3.416 -3.416 -3.416 -3.519 -3.519 -3.519 -3.519 -3.416 -3.416 -3.416 -3.416 -3.519 -3.519 -3.519 -3.416 -3.519 -3.519 -3.416 -3.519 -3.416 -3.519 -3.519 -3.519 -3.519 -3.519 -3.519 -3.519 -3.519 -3.519 -3.519 -3.416 -3.623 -3.83 -3.83 -4.14 -3.83 -3.933 -3.933 -3.933 -3.933 -3.933 -4.037 -3.933 -3.933 -3.933 -3.933 -3.933 -3.83 -3.933 -4.037 -4.037 -3.933 -4.037 -4.037 -4.037 -4.037 -3.933 -4.037 -4.037 -3.933 -3.933 -4.037 -4.037 -3.933 -3.933 -3.933 -3.83 -3.933 -3.933 -3.83 -3.933 -3.933 -3.83 -3.933 -3.83 -3.726 -3.726 -3.83 -3.83 -3.83 -3.83 -3.83 -3.933 -3.933 -4.037 -3.933 -4.037 -3.83 -3.83 -3.83 -3.933 -3.933 -3.83 -3.83 -3.83 -3.933 -3.83 -3.726 -3.83 -3.933 -3.83 -3.933 -3.933 -3.83 -3.933 -3.83 -3.83 -3.83 -3.83 -3.933 -4.037 -3.933 -3.933 -3.933 -4.037 -3.933 -3.933 -3.83 -3.83 -3.83 -3.83 -3.416 -3.105 -3.83 -3.933 -3.933 -3.933 -3.933 -3.519 -3.416 -3.416 -3.416 -3.416 -3.416 -3.623 -3.416 -3.416 -3.416 -3.416 -3.416 -3.416 -3.416 -3.312 -3.416 -3.416 -3.416 -3.416 -3.416 
