# name: phAngle
# type: matrix
# rows: 1
# columns: 358
 341 341 341 339 339 339 339 339 339 341 341 341 341 339 341 341 341 341 341 341 341 341 341 341 341 341 341 341 341 341 341 341 341 341 341 341 341 341 341 341 339 339 339 339 339 339 339 339 339 339 339 339 339 339 339 339 339 339 339 339 339 339 339 339 339 339 339 339 339 339 339 339 339 339 339 339 339 339 339 339 339 339 339 339 339 339 339 339 339 339 339 339 339 339 339 339 339 339 339 339 339 339 339 339 339 339 339 339 339 339 339 339 339 339 339 339 339 339 339 339 339 339 339 339 339 339 339 339 339 339 339 339 339 339 339 339 339 339 339 339 339 339 339 339 339 339 339 339 339 339 339 339 339 339 339 339 339 339 339 339 339 339 339 339 339 339 339 339 339 339 339 339 339 339 339 339 339 339 271 271 271 271 271 339 339 339 339 339 339 339 339 339 339 339 339 339 339 339 339 339 339 339 339 339 339 339 339 339 339 339 339 339 339 339 339 339 339 339 339 339 339 339 339 339 339 339 339 339 339 339 339 339 339 339 339 339 339 339 339 339 339 339 339 339 339 339 339 339 339 339 339 339 339 339 271 271 271 271 271 271 271 271 271 271 271 271 271 271 271 271 271 271 271 271 271 271 271 271 271 271 271 271 271 271 271 271 271 271 271 271 271 271 271 271 271 271 271 271 271 271 271 271 271 271 271 271 271 271 271 271 271 271 271 271 271 271 271 339 339 339 339 339 339 339 339 339 339 339 339 339 339 339 339 339 339 339 339 339 339 339 339 339 339 339 339 339 339 339 339 339 339 339 339 339 339 339 339 339 
# name: freq
# type: matrix
# rows: 1
# columns: 358
 50.0 50.0 50.0 50.0 50.0 50.0 50.0 50.0 50.0 50.0 50.0 50.0 50.0 50.0 50.0 50.0 50.0 50.0 50.0 50.0 50.0 50.0 50.0 50.0 50.0 50.0 50.0 50.0 50.0 50.0 50.0 50.0 49.9 50.0 50.0 50.0 50.0 50.0 50.0 50.0 50.0 50.0 50.0 50.0 50.0 50.0 50.0 50.0 50.0 50.0 50.0 50.0 50.0 50.0 50.0 50.0 50.0 50.0 50.0 50.0 50.0 50.0 50.0 50.0 50.0 50.0 50.0 50.0 50.0 50.0 50.0 50.0 50.0 50.0 50.0 50.0 50.0 50.0 50.0 50.0 50.0 50.0 50.0 50.0 50.0 50.0 50.0 50.0 50.0 50.0 50.0 50.0 50.0 50.0 50.0 50.0 50.0 50.0 50.0 50.0 50.0 50.0 50.0 50.0 50.0 50.0 50.0 50.0 50.0 50.0 50.0 50.0 50.0 50.0 50.0 50.0 50.0 50.0 50.0 50.0 50.0 50.0 49.9 49.9 49.9 50.0 50.0 50.0 50.0 50.0 50.0 50.0 50.0 50.0 50.0 50.0 50.0 50.0 50.0 50.0 50.0 50.0 50.0 50.0 50.0 50.0 50.0 49.9 50.0 50.0 50.0 49.9 50.0 49.9 50.0 50.0 49.9 50.0 50.0 50.0 50.0 50.0 50.0 50.0 50.0 50.0 49.9 49.9 50.0 50.0 50.0 50.0 49.9 50.0 49.9 49.9 50.0 50.0 50.0 50.0 50.0 50.0 50.0 50.0 50.0 49.9 50.0 49.9 50.0 50.0 50.0 50.0 50.0 50.0 50.0 50.0 50.0 50.0 50.0 50.0 50.0 50.0 50.0 50.0 50.0 50.0 50.0 50.0 50.0 50.0 50.0 50.0 50.0 50.0 50.0 50.0 50.0 50.0 50.0 50.0 50.0 50.0 50.0 50.0 50.0 50.0 50.0 50.0 50.0 50.0 50.0 50.0 50.0 50.0 50.0 50.0 50.0 50.0 50.0 50.0 50.0 50.0 50.0 50.0 50.0 50.0 50.0 50.0 50.0 50.0 50.0 50.0 50.0 50.0 50.0 50.0 50.0 50.0 50.0 50.0 50.0 50.0 50.0 50.0 50.0 50.0 50.0 50.0 50.0 50.0 50.0 50.0 50.0 50.0 50.0 50.0 50.0 50.0 50.0 50.0 50.0 50.0 50.0 50.0 50.0 50.0 50.0 50.0 50.0 50.0 50.0 50.0 50.0 50.0 50.0 50.0 50.0 50.0 50.0 50.0 50.0 50.0 50.0 50.0 50.0 50.0 50.0 50.0 50.0 50.0 50.0 50.0 50.0 50.0 50.0 50.0 50.0 50.0 50.0 50.0 50.0 50.0 50.0 50.0 50.0 50.0 50.0 50.0 50.0 50.0 50.0 50.0 50.0 50.0 50.0 50.0 50.0 49.9 49.9 50.0 49.9 50.0 50.0 50.0 50.0 50.0 50.0 50.0 50.0 50.0 50.0 50.0 49.9 49.9 50.0 50.0 50.0 50.0 
# name: reacPower
# type: matrix
# rows: 1
# columns: 358
 -6.625 -6.521 -6.521 -6.314 -6.418 -6.521 -6.521 -6.521 -6.521 -6.625 -6.521 -6.625 -6.625 -6.521 -6.625 -6.625 -6.728 -6.625 -6.625 -6.625 -6.728 -6.625 -6.625 -6.625 -6.728 -6.625 -6.625 -6.625 -6.521 -6.728 -6.728 -6.625 -6.625 -6.625 -6.625 -6.625 -6.625 -6.728 -6.521 -6.625 -6.521 -6.521 -6.418 -6.418 -6.521 -6.418 -6.418 -6.418 -6.418 -6.521 -6.521 -6.521 -6.521 -6.521 -6.625 -6.625 -6.521 -6.521 -6.625 -6.625 -6.625 -6.625 -6.521 -6.521 -6.521 -6.521 -6.521 -6.418 -6.521 -6.418 -6.418 -6.521 -6.521 -6.521 -6.521 -6.521 -6.418 -6.418 -6.418 -6.418 -6.418 -6.418 -6.418 -6.521 -6.418 -6.521 -6.521 -6.521 -6.521 -6.521 -6.521 -6.521 -6.521 -6.625 -6.625 -6.625 -6.521 -6.521 -6.625 -6.521 -6.521 -6.521 -6.625 -6.625 -6.728 -6.728 -6.625 -6.728 -6.728 -6.625 -6.625 -6.625 -6.625 -6.728 -6.625 -6.728 -6.625 -6.625 -6.728 -6.728 -6.728 -6.625 -6.935 -6.935 -6.935 -7.039 -7.039 -7.039 -6.935 -6.935 -6.832 -6.935 -6.935 -6.935 -7.039 -6.935 -7.039 -7.039 -7.039 -7.039 -7.039 -6.935 -7.039 -7.039 -7.039 -7.142 -7.039 -7.039 -6.935 -6.832 -6.832 -6.935 -6.832 -6.832 -6.832 -6.935 -6.935 -6.935 -6.935 -6.935 -6.832 -6.935 -6.832 -6.935 -7.039 -7.142 -7.142 -7.142 -7.039 -7.142 -7.039 -7.039 -7.039 -7.039 -6.935 -7.039 -7.039 -7.142 -8.178 -8.178 -8.178 -8.178 -8.178 -7.039 -7.039 -7.039 -7.039 -7.142 -7.039 -7.039 -6.935 -7.039 -7.039 -7.039 -6.935 -6.935 -6.935 -7.039 -7.039 -6.935 -7.039 -7.039 -7.039 -6.935 -6.935 -7.039 -7.039 -7.039 -7.039 -6.935 -7.039 -7.039 -6.935 -6.935 -6.935 -7.039 -7.039 -7.039 -7.142 -7.142 -7.039 -7.039 -6.935 -7.039 -7.039 -6.935 -7.039 -6.935 -7.039 -6.935 -6.935 -7.039 -7.039 -7.039 -7.039 -7.039 -6.935 -7.142 -7.039 -7.039 -7.039 -7.039 -6.935 -6.935 -7.039 -6.935 -7.039 -7.039 -7.039 -7.039 -6.935 -7.039 -7.246 -7.246 -8.178 -8.178 -8.178 -8.178 -8.178 -8.178 -8.178 -8.178 -8.178 -8.178 -8.178 -8.178 -8.178 -8.178 -8.178 -8.178 -8.178 -8.178 -8.178 -8.178 -8.178 -8.178 -8.178 -8.178 -8.178 -8.178 -8.178 -8.178 -8.178 -8.178 -8.178 -8.178 -8.178 -8.178 -8.178 -8.178 -8.178 -8.178 -8.178 -8.074 -8.074 -8.178 -8.178 -8.178 -8.178 -8.178 -8.178 -8.178 -8.178 -8.178 -8.178 -8.178 -8.178 -8.178 -8.178 -8.178 -8.178 -8.178 -8.178 -8.178 -8.178 -8.074 -8.074 -7.039 -7.039 -7.039 -7.039 -7.039 -7.039 -7.039 -7.039 -7.039 -7.039 -7.142 -7.039 -7.039 -7.039 -6.935 -6.935 -7.039 -7.039 -7.039 -7.142 -7.142 -7.039 -7.039 -7.039 -7.142 -7.039 -7.039 -7.142 -7.246 -7.246 -7.142 -7.142 -7.246 -7.142 -7.142 -7.142 -7.142 -7.142 -7.142 -7.246 -7.142 
