# name: phAngle
# type: matrix
# rows: 1
# columns: 359
 352 352 352 352 352 352 352 275 275 275 275 352 352 352 352 352 352 352 352 352 352 352 352 352 350 349 349 349 349 352 349 349 349 349 349 349 349 349 349 349 349 349 349 349 349 349 349 349 349 349 349 349 349 349 349 349 349 349 349 349 349 349 349 349 349 349 349 349 349 349 349 349 349 349 349 349 349 349 275 275 275 275 275 275 275 275 275 275 275 275 275 275 275 275 275 275 275 275 275 275 275 275 275 275 275 275 275 275 275 275 275 275 275 275 275 275 275 275 275 275 275 275 275 275 275 275 275 275 275 275 275 275 275 275 275 275 275 275 275 275 275 275 275 275 275 275 275 275 275 275 275 275 275 275 275 275 275 275 275 275 275 275 275 275 275 275 276 275 275 275 275 275 275 275 275 275 275 275 275 275 275 275 275 275 275 275 275 275 275 275 275 275 275 275 275 275 275 275 275 275 275 275 275 275 275 275 275 275 275 275 275 275 275 275 275 275 275 275 275 275 275 275 275 275 275 349 349 349 349 349 349 349 349 349 349 349 349 349 349 349 349 349 349 350 350 350 350 349 349 350 350 349 350 350 350 349 350 349 350 349 349 349 349 349 349 349 349 349 349 349 349 349 349 349 349 349 349 349 349 349 349 349 349 349 349 349 349 349 349 349 349 349 349 349 349 349 349 349 349 349 349 349 349 349 349 349 349 349 349 349 349 349 349 349 349 349 349 349 349 349 349 349 349 349 349 349 349 349 349 349 349 349 349 349 349 349 349 349 349 349 349 349 349 349 349 349 349 349 349 349 349 349 349 349 349 349 349 349 349 
# name: freq
# type: matrix
# rows: 1
# columns: 359
 50.0 50.0 50.0 50.0 50.0 50.0 50.0 50.0 50.0 50.0 50.0 50.0 50.0 50.0 50.0 50.0 50.0 50.0 50.0 50.0 50.0 50.0 50.0 50.0 50.0 50.0 50.0 50.0 50.0 50.0 50.0 50.0 50.0 50.0 50.0 50.0 50.0 50.0 50.0 50.0 50.0 50.0 50.0 50.0 50.0 50.0 50.0 50.0 50.0 50.0 50.0 50.0 50.0 50.0 50.0 50.0 50.0 50.0 50.0 50.0 50.0 50.0 50.0 50.0 50.0 50.0 50.0 50.0 50.0 50.0 50.0 50.0 50.0 50.0 50.0 50.0 50.0 50.0 50.0 50.0 50.0 50.0 50.0 50.0 50.0 50.0 50.0 50.0 50.0 50.0 50.0 50.0 50.0 50.0 50.0 50.0 50.0 50.0 50.0 50.0 50.0 50.0 50.0 50.0 50.0 50.0 50.0 50.0 50.0 50.0 50.0 50.0 50.0 50.0 50.0 50.0 50.0 50.0 50.0 50.0 50.0 50.0 50.0 50.0 50.0 50.0 50.0 50.0 50.0 50.0 50.0 50.0 50.0 50.0 50.0 50.0 50.0 50.0 50.0 50.0 50.0 50.0 50.0 50.0 50.0 50.0 50.0 50.0 50.0 50.0 50.0 50.0 50.0 50.0 50.0 50.0 50.0 50.0 50.0 50.0 50.0 50.0 50.0 50.0 50.0 50.0 50.0 50.0 50.0 50.0 50.0 50.0 50.0 50.0 50.0 50.0 50.0 50.0 50.0 50.0 50.0 50.0 50.0 50.0 50.0 50.0 50.0 50.0 50.0 50.0 50.0 50.0 50.0 50.0 50.0 50.0 50.0 50.0 50.0 50.0 50.0 50.0 50.0 50.0 50.0 50.0 50.0 50.0 49.9 50.0 50.0 50.0 50.0 50.0 50.0 50.0 50.0 50.0 50.0 50.0 50.0 50.0 50.0 50.0 50.0 50.0 50.0 50.0 50.0 50.0 50.0 50.0 50.0 50.0 50.0 50.0 50.0 50.0 50.0 50.0 50.0 50.0 50.0 50.0 50.0 50.0 50.0 50.0 50.0 50.0 50.0 50.0 50.0 50.0 50.0 50.0 50.0 50.0 50.0 50.0 50.0 50.0 50.0 50.0 50.0 50.0 50.0 50.0 50.0 50.0 50.0 50.0 50.0 50.0 50.0 50.0 50.0 50.0 50.0 50.0 50.0 50.0 50.0 50.0 50.0 50.0 50.0 50.0 50.1 50.0 50.0 50.0 50.0 50.0 50.0 50.0 50.0 50.0 50.0 50.0 50.0 50.0 50.0 50.0 50.0 50.0 50.0 50.0 50.0 50.0 50.0 50.0 50.0 50.0 50.0 50.0 50.0 50.0 50.0 50.0 50.0 50.0 50.0 50.0 50.0 50.0 50.0 50.0 50.0 50.0 50.0 50.0 50.0 50.0 50.0 50.0 50.0 50.0 50.0 50.0 50.0 50.0 50.0 50.0 50.0 50.0 50.0 50.0 50.0 50.0 50.0 50.0 50.0 50.0 50.0 50.0 50.0 50.0 50.0 
# name: reacPower
# type: matrix
# rows: 1
# columns: 359
 -5.176 -5.176 -5.176 -5.072 -4.968 -4.968 -5.072 -6.832 -6.832 -6.832 -6.832 -5.383 -5.176 -5.176 -5.072 -5.176 -5.072 -4.968 -4.968 -5.072 -4.968 -5.072 -4.968 -5.072 -4.865 -4.658 -4.658 -4.761 -4.658 -5.279 -4.761 -4.761 -4.865 -4.865 -4.865 -4.865 -4.865 -4.865 -4.761 -4.761 -4.865 -4.761 -4.761 -4.761 -4.658 -4.761 -4.658 -4.761 -4.761 -4.658 -4.658 -4.658 -4.658 -4.658 -4.658 -4.658 -4.658 -4.658 -4.658 -4.761 -4.761 -4.658 -4.658 -4.658 -4.761 -4.761 -4.761 -4.865 -4.761 -4.761 -4.658 -4.761 -4.968 -4.968 -4.968 -4.865 -4.865 -4.968 -6.832 -6.832 -6.832 -6.832 -6.832 -6.832 -6.832 -6.832 -6.832 -6.832 -6.832 -6.832 -6.832 -6.832 -6.832 -6.832 -6.832 -6.832 -6.832 -6.832 -6.832 -6.832 -6.832 -6.832 -6.832 -6.832 -6.832 -6.832 -6.832 -6.832 -6.832 -6.832 -6.832 -6.832 -6.832 -6.832 -6.832 -6.832 -6.832 -6.832 -6.832 -6.832 -6.832 -6.832 -6.832 -6.832 -6.832 -6.832 -6.832 -6.832 -6.832 -6.832 -6.832 -6.832 -6.832 -6.832 -6.832 -6.832 -6.832 -6.832 -6.832 -6.832 -6.832 -6.832 -6.832 -6.832 -6.832 -6.832 -6.832 -6.832 -6.935 -6.832 -6.832 -6.935 -6.935 -6.935 -6.935 -6.832 -6.935 -6.935 -6.935 -6.935 -6.935 -6.935 -6.935 -6.935 -6.832 -6.935 -6.832 -6.832 -6.832 -6.832 -6.832 -6.832 -6.832 -6.832 -6.832 -6.832 -6.832 -6.832 -6.832 -6.832 -6.832 -6.935 -6.832 -6.935 -6.935 -6.832 -6.935 -6.935 -6.935 -6.935 -6.935 -6.935 -6.935 -6.832 -6.832 -6.832 -6.832 -6.832 -6.832 -6.832 -6.832 -6.832 -6.832 -6.832 -6.832 -6.832 -6.728 -6.728 -6.728 -6.728 -6.832 -6.832 -6.832 -6.832 -6.832 -6.832 -6.728 -6.728 -6.728 -6.832 -6.832 -6.832 -6.832 -6.832 -6.832 -5.383 -5.383 -5.383 -5.383 -5.383 -5.383 -5.486 -5.383 -5.383 -5.383 -5.486 -5.486 -5.486 -5.383 -5.383 -5.383 -5.383 -5.383 -5.486 -5.486 -5.486 -5.486 -5.486 -5.486 -5.383 -5.383 -5.383 -5.383 -5.383 -5.486 -5.486 -5.383 -5.486 -5.486 -5.486 -5.486 -5.383 -5.486 -5.383 -5.383 -5.486 -5.383 -5.486 -5.486 -5.486 -5.59 -5.59 -5.59 -5.693 -5.693 -5.693 -5.59 -5.59 -5.59 -5.59 -5.693 -5.59 -5.59 -5.59 -5.59 -5.59 -5.693 -5.693 -5.59 -5.59 -5.59 -5.59 -5.486 -5.59 -5.486 -5.486 -5.59 -5.486 -5.486 -5.486 -5.486 -5.383 -5.383 -5.383 -5.383 -5.279 -5.279 -5.383 -5.279 -5.383 -5.383 -5.486 -5.486 -5.486 -5.486 -5.486 -5.59 -5.486 -5.486 -5.486 -5.486 -5.59 -5.59 -5.486 -5.486 -5.486 -5.383 -5.59 -5.486 -5.486 -5.486 -5.486 -5.486 -5.486 -5.59 -5.383 -5.486 -5.486 -5.486 -5.486 -5.486 -5.486 -5.486 -5.486 -5.486 -5.59 -5.486 -5.59 -5.59 -5.486 -5.59 -5.59 -5.59 -5.59 -5.486 -5.486 -5.486 -5.486 -5.486 
