# name: phAngle
# type: matrix
# rows: 1
# columns: 359
 271 0 271 271 271 271 271 271 272 271 271 271 271 271 271 272 271 271 271 271 272 271 271 272 271 271 271 271 271 271 271 271 271 271 271 271 271 272 271 271 271 272 271 271 271 272 271 271 271 271 271 271 271 271 271 271 271 272 272 271 271 271 271 271 271 272 271 271 271 272 271 271 271 271 271 271 271 271 271 271 271 271 271 271 271 271 272 271 271 271 271 271 271 271 271 271 272 271 271 271 271 271 271 271 271 271 271 271 271 271 271 271 271 271 271 271 271 271 271 272 271 271 271 272 271 271 271 271 271 271 271 271 271 271 271 272 271 271 271 272 271 271 315 0 0 0 0 0 0 0 0 0 0 0 0 0 0 0 0 0 0 0 0 0 0 0 0 0 0 0 0 0 0 0 0 0 0 0 0 0 0 0 0 0 0 0 0 0 0 0 0 0 0 0 0 0 0 0 0 0 0 0 0 0 0 0 0 0 0 0 0 0 0 0 0 0 0 0 0 0 0 0 0 0 0 0 0 0 0 0 0 0 0 271 271 271 271 271 271 271 271 271 271 271 271 271 271 271 271 271 271 271 272 271 271 271 271 271 271 271 271 271 271 271 271 272 271 271 271 271 272 271 271 271 271 271 271 271 271 271 271 271 271 271 271 271 271 271 271 271 271 271 271 271 271 271 271 271 271 271 271 271 272 272 271 271 271 271 271 271 271 271 271 271 271 271 271 271 271 271 271 271 271 271 271 271 271 271 271 271 271 271 271 271 271 271 272 271 271 0 0 0 0 0 0 0 0 0 0 0 0 0 0 0 0 0 0 0 0 
# name: freq
# type: matrix
# rows: 1
# columns: 359
 50.0 50.0 50.0 50.0 50.0 50.0 50.0 50.0 50.0 50.0 50.0 50.0 50.0 50.0 50.0 50.0 50.0 50.0 50.0 50.0 50.0 50.0 50.0 50.0 50.0 50.0 50.0 50.0 50.0 50.0 50.0 50.0 50.0 50.0 50.0 50.0 50.0 50.0 50.0 50.0 50.0 50.0 50.0 50.0 50.0 50.0 50.0 50.0 50.0 50.0 50.0 50.0 50.0 50.0 50.0 50.0 50.0 50.0 50.0 50.0 50.0 50.0 50.0 50.0 50.0 50.0 50.0 50.0 50.0 50.0 50.0 50.0 50.0 50.0 50.0 50.0 50.0 50.0 50.0 50.0 50.0 50.0 50.0 50.0 50.0 50.0 50.0 50.0 50.0 50.0 50.0 50.0 50.0 50.0 50.0 50.0 50.0 50.0 50.0 50.0 50.0 50.0 50.0 50.0 50.0 50.0 50.0 50.0 50.0 50.0 50.0 50.0 50.0 50.0 50.0 50.0 50.0 50.0 50.0 50.0 50.0 50.0 50.0 50.0 50.0 50.0 50.0 50.0 50.0 50.0 50.0 50.0 50.0 50.0 50.0 50.0 50.0 50.0 50.0 50.0 50.0 50.0 50.0 50.0 50.0 50.0 50.0 50.0 50.0 50.0 50.0 50.0 50.0 50.0 50.0 50.0 50.0 50.0 50.0 50.0 50.0 50.0 50.0 50.0 50.0 50.0 50.0 50.0 50.0 50.0 50.0 50.0 50.0 50.0 50.0 50.0 50.0 50.0 50.0 50.0 50.0 50.0 50.0 50.0 50.0 49.9 50.0 50.0 50.0 50.0 50.0 50.0 50.0 50.0 50.0 50.0 50.0 50.0 50.0 50.0 50.0 50.0 50.0 50.0 50.0 50.0 50.0 50.0 50.0 50.0 50.0 50.0 50.0 50.0 50.0 50.0 50.0 50.0 50.0 50.0 50.0 50.0 50.0 50.0 50.0 50.0 50.0 50.0 50.0 50.0 50.0 50.0 50.0 50.0 50.0 50.0 50.0 50.0 50.0 50.0 50.0 50.0 50.0 50.0 50.0 50.0 50.0 50.0 50.0 50.0 50.0 50.0 50.0 50.0 50.0 50.0 50.0 50.0 50.0 50.0 50.0 50.0 50.0 50.0 50.0 50.0 50.0 50.0 50.0 50.0 50.0 50.0 50.0 50.0 50.0 50.0 50.0 50.0 50.0 50.0 50.0 50.0 50.0 50.0 50.0 50.0 50.0 50.0 50.0 50.0 50.0 50.0 50.0 50.0 50.0 50.0 50.0 50.0 50.0 50.0 50.0 50.0 50.0 50.0 50.0 50.0 50.0 50.0 50.0 50.0 50.0 50.0 50.0 50.0 50.0 50.0 50.0 50.0 50.0 50.0 50.0 50.0 50.0 50.0 50.0 50.0 50.0 50.0 50.0 50.0 50.0 50.0 50.0 50.0 50.0 50.0 50.0 50.0 50.0 50.0 50.0 50.0 50.0 50.0 50.0 50.0 50.0 50.0 50.0 50.0 50.0 50.0 50.0 50.0 50.0 50.0 50.0 50.0 50.0 
# name: reacPower
# type: matrix
# rows: 1
# columns: 359
 -3.105 -0.724 -3.002 -3.002 -3.002 -3.105 -3.002 -3.002 -3.105 -3.105 -3.105 -3.002 -3.002 -3.105 -3.002 -3.105 -3.105 -3.002 -3.002 -3.002 -3.002 -3.002 -3.002 -3.002 -3.002 -3.105 -3.105 -3.002 -3.002 -3.002 -3.105 -3.002 -3.002 -3.002 -3.002 -3.002 -3.002 -3.002 -3.002 -3.002 -3.002 -3.002 -3.002 -3.002 -3.002 -3.002 -3.002 -3.105 -3.002 -3.002 -3.002 -3.002 -3.002 -3.002 -3.002 -3.002 -3.002 -3.002 -3.002 -3.002 -3.002 -3.002 -3.002 -3.002 -3.002 -3.002 -3.105 -3.002 -3.002 -3.002 -3.002 -3.105 -3.105 -3.002 -3.002 -3.002 -3.002 -3.002 -3.002 -3.002 -3.002 -3.002 -3.105 -3.002 -3.002 -3.002 -3.002 -3.105 -3.002 -3.002 -3.002 -3.002 -3.002 -3.002 -3.002 -3.002 -3.002 -3.002 -3.002 -3.002 -3.002 -3.105 -3.105 -3.002 -3.002 -3.002 -3.002 -3.002 -3.105 -3.002 -3.002 -3.002 -3.002 -3.002 -3.105 -3.105 -3.002 -3.105 -3.105 -3.105 -3.105 -3.105 -3.105 -3.002 -3.002 -3.002 -3.002 -3.002 -3.002 -3.105 -3.002 -3.105 -3.002 -3.002 -3.002 -3.002 -3.002 -3.002 -3.002 -3.002 -3.105 -3.002 -2.277 -0.828 -0.828 -0.828 -0.724 -0.828 -0.828 -0.828 -0.828 -0.724 -0.724 -0.828 -0.828 -0.828 -0.828 -0.724 -0.724 -0.724 -0.724 -0.828 -0.724 -0.724 -0.724 -0.724 -0.724 -0.724 -0.724 -0.724 -0.724 -0.724 -0.724 -0.724 -0.724 -0.724 -0.621 -0.724 -0.724 -0.724 -0.724 -0.724 -0.621 -0.621 -0.724 -0.621 -0.724 -0.724 -0.724 -0.621 -0.621 -0.621 -0.724 -0.724 -0.724 -0.724 -0.724 -0.621 -0.621 -0.621 -0.724 -0.621 -0.621 -0.621 -0.621 -0.621 -0.724 -0.724 -0.828 -0.724 -0.724 -0.724 -0.724 -0.724 -0.724 -0.724 -0.724 -0.724 -0.724 -0.724 -0.621 -0.621 -0.621 -0.621 -0.724 -0.621 -0.724 -0.621 -0.621 -0.621 -0.724 -0.724 -0.724 -3.105 -3.105 -3.105 -3.105 -3.105 -3.105 -3.105 -3.105 -3.105 -3.105 -3.105 -3.105 -3.105 -3.105 -3.105 -3.105 -3.105 -3.105 -3.105 -3.105 -3.105 -3.105 -3.105 -3.105 -3.105 -3.105 -3.105 -3.105 -3.105 -3.105 -3.105 -3.105 -3.105 -3.105 -3.105 -3.105 -3.105 -3.105 -3.105 -3.105 -3.105 -3.105 -3.105 -3.105 -3.105 -3.105 -3.105 -3.105 -3.105 -3.105 -3.105 -3.105 -3.105 -3.105 -3.105 -3.105 -3.105 -3.105 -3.105 -3.105 -3.105 -3.105 -3.105 -3.105 -3.105 -3.105 -3.105 -3.105 -3.105 -3.105 -3.105 -3.105 -3.105 -3.105 -3.105 -3.105 -3.105 -3.105 -3.105 -3.105 -3.105 -3.105 -3.105 -3.105 -3.105 -3.105 -3.105 -3.105 -3.105 -3.105 -3.105 -3.105 -3.105 -3.105 -3.105 -3.105 -3.105 -3.105 -3.105 -3.105 -3.105 -3.105 -3.105 -3.105 -3.105 -3.105 -0.931 -0.724 -0.724 -0.828 -0.828 -0.724 -0.724 -0.724 -0.724 -0.724 -0.621 -0.724 -0.724 -0.828 -0.724 -0.828 -0.828 -0.828 -0.724 -0.724 
# name: power
# type: matrix
# rows: 1
# columns: 359
 0.0 24.016 0.0 0.0 0.0 0.0 0.0 0.0 0.0 0.0 0.0 0.0 0.0 0.0 0.0 0.103 0.0 0.0 0.0 0.0 0.103 0.0 0.0 0.0 0.0 0.0 0.0 0.0 0.0 0.0 0.0 0.0 0.0 0.0 0.0 0.0 0.0 0.103 0.0 0.0 0.0 0.0 0.0 0.0 0.0 0.0 0.0 0.0 0.0 0.0 0.0 0.0 0.0 0.0 0.0 0.0 0.0 0.103 0.0 0.0 0.0 0.0 0.0 0.0 0.0 0.103 0.0 0.0 0.0 0.0 0.0 0.0 0.0 0.0 0.0 0.0 0.0 0.0 0.0 0.0 0.0 0.0 0.0 0.0 0.0 0.0 0.103 0.0 0.0 0.0 0.0 0.0 0.0 0.0 0.0 0.0 0.103 0.0 0.0 0.0 0.0 0.0 0.0 0.0 0.0 0.0 0.0 0.0 0.0 0.0 0.0 0.0 0.0 0.0 0.0 0.0 0.0 0.0 0.0 0.0 0.0 0.0 0.0 0.0 0.0 0.0 0.0 0.0 0.0 0.0 0.0 0.0 0.0 0.0 0.0 0.103 0.0 0.0 0.0 0.0 0.0 0.0 3.519 24.016 23.292 23.188 23.085 22.981 22.981 22.981 22.878 22.878 22.981 22.774 22.774 22.878 22.774 22.774 22.774 22.774 22.774 22.774 22.774 22.67 22.774 22.774 22.774 22.774 22.774 22.67 22.67 22.67 22.67 22.67 22.67 22.774 22.67 22.67 22.67 22.67 22.67 22.67 22.67 22.67 22.567 22.67 22.67 22.567 22.67 22.67 22.774 22.774 22.774 22.774 22.774 22.774 22.774 22.774 22.67 22.567 22.567 22.774 22.878 22.774 22.774 22.774 22.774 22.774 22.774 22.774 22.774 22.774 22.774 22.878 22.774 22.774 22.774 22.67 22.67 22.67 22.67 22.67 22.67 22.67 22.67 22.67 22.67 22.67 22.67 22.67 22.67 22.463 22.36 0.0 0.0 0.0 0.0 0.0 0.0 0.0 0.0 0.0 0.0 0.0 0.0 0.0 0.0 0.0 0.0 0.0 0.0 0.0 0.103 0.0 0.0 0.0 0.0 0.0 0.0 0.0 0.0 0.0 0.0 0.0 0.0 0.0 0.0 0.0 0.0 0.0 0.103 0.0 0.0 0.0 0.0 0.0 0.0 0.0 0.0 0.0 0.0 0.0 0.0 0.0 0.0 0.0 0.0 0.0 0.0 0.0 0.0 0.0 0.0 0.0 0.0 0.0 0.0 0.0 0.0 0.0 0.0 0.0 0.0 0.0 0.0 0.0 0.0 0.0 0.0 0.0 0.0 0.0 0.0 0.0 0.0 0.0 0.0 0.0 0.0 0.0 0.0 0.0 0.0 0.0 0.0 0.0 0.0 0.0 0.0 0.0 0.0 0.0 0.0 0.0 0.0 0.0 0.0 0.0 0.0 22.878 23.395 23.188 23.085 22.981 22.981 22.981 22.981 22.981 22.981 22.981 22.878 22.878 23.292 22.981 22.878 22.878 22.878 22.878 22.878 
