# name: phAngle
# type: matrix
# rows: 1
# columns: 357
 274 274 274 274 274 274 274 274 274 274 275 274 274 275 275 275 274 275 274 274 274 275 275 274 274 274 275 274 274 274 275 274 274 274 275 274 275 274 274 274 274 274 350 352 352 352 351 351 351 351 351 351 351 351 351 351 351 351 351 351 351 351 351 351 351 351 351 351 351 351 351 351 351 351 351 351 351 351 351 351 351 351 351 351 351 351 351 351 351 351 351 351 354 351 354 351 351 351 351 351 351 351 351 351 351 351 274 274 275 274 338 352 352 352 352 351 351 351 351 351 351 351 351 351 351 351 351 351 351 351 351 351 351 351 351 351 351 351 351 351 351 351 351 351 351 351 351 351 351 351 351 351 351 351 351 351 351 351 351 351 351 351 351 351 351 351 351 351 351 351 351 351 351 351 351 351 351 351 351 351 351 351 351 351 351 351 351 351 351 351 351 351 351 351 351 351 351 351 351 351 351 351 351 351 351 351 351 351 351 351 351 351 351 351 351 351 351 351 351 351 351 351 351 351 351 351 351 351 351 351 351 274 274 351 352 351 351 351 351 351 351 351 351 351 351 351 351 352 352 352 352 352 352 352 352 352 352 352 352 352 352 352 352 352 352 352 352 352 352 352 352 352 352 352 352 352 352 352 352 352 352 352 352 352 352 352 352 352 352 352 352 352 352 352 352 352 352 352 352 352 352 352 352 352 352 352 352 352 352 352 352 352 352 352 352 352 352 352 352 352 352 355 352 352 352 352 352 352 355 352 352 352 355 352 352 352 355 355 352 352 352 352 352 352 352 352 352 352 352 352 352 352 352 352 352 352 352 
# name: freq
# type: matrix
# rows: 1
# columns: 357
 50.0 50.0 50.0 50.0 50.0 50.0 50.0 50.0 50.0 50.0 50.0 50.0 50.0 50.0 50.0 50.0 50.0 50.0 50.0 50.0 50.0 50.0 50.0 50.0 50.0 50.0 50.0 50.0 50.0 50.0 50.0 50.0 50.0 50.0 50.0 50.0 50.0 50.0 50.0 50.0 50.0 50.0 50.0 50.0 50.0 50.0 50.0 50.0 50.0 50.0 50.0 50.0 50.0 50.0 50.0 50.0 50.0 50.0 50.0 50.0 50.0 50.0 50.0 50.0 50.0 50.0 50.0 50.0 50.0 50.0 50.0 50.0 50.0 50.0 50.0 50.0 50.0 50.0 50.0 50.0 50.0 50.0 50.0 50.0 50.0 50.0 50.0 50.0 50.0 50.0 50.0 50.0 50.0 50.0 50.0 50.0 50.0 50.0 50.0 50.0 50.0 50.0 50.0 50.0 50.0 50.0 50.0 50.0 50.0 50.0 50.0 50.0 50.0 50.0 50.0 50.0 50.0 50.0 50.0 50.0 50.0 50.0 50.0 50.0 50.0 50.0 50.0 50.0 50.0 50.0 50.0 50.0 50.0 50.0 50.0 50.0 50.0 50.0 50.0 50.0 50.0 50.0 50.0 50.0 50.0 50.0 50.0 50.0 50.0 50.0 50.0 50.0 50.0 50.0 50.0 50.0 50.0 50.0 50.0 50.0 50.0 50.0 50.0 50.0 50.0 50.0 50.0 50.0 50.0 50.0 50.0 50.0 50.0 50.0 50.0 50.0 50.0 50.0 50.0 50.0 50.0 50.0 50.0 49.9 50.0 50.0 50.0 50.0 50.0 50.0 50.0 49.9 50.0 50.0 50.0 50.0 50.0 50.0 50.0 50.0 50.0 50.0 50.0 50.0 50.0 50.0 50.0 50.0 50.0 50.0 50.0 50.0 50.0 50.0 50.0 50.0 50.0 50.0 50.0 50.0 50.0 50.0 50.0 50.0 50.0 50.0 50.0 50.0 50.0 50.0 50.0 50.0 50.0 50.0 50.0 50.0 50.0 50.0 50.0 50.0 50.0 50.0 50.0 50.0 50.0 50.0 50.0 50.0 50.0 50.0 50.0 50.0 50.0 50.0 50.0 50.0 50.0 50.0 50.0 50.0 50.0 50.0 50.0 50.0 50.0 50.0 50.0 50.0 50.0 50.0 50.0 50.0 50.0 50.0 50.0 50.0 50.0 50.0 50.0 50.0 50.0 50.0 50.0 50.0 50.0 50.0 50.0 50.0 50.0 50.0 50.0 50.0 50.0 50.0 50.0 50.0 50.0 50.0 50.0 50.0 50.0 50.0 50.0 50.0 50.0 50.0 50.0 50.0 50.0 50.0 50.0 50.0 50.0 50.0 50.0 50.0 50.0 50.0 50.0 50.0 50.0 50.0 50.0 50.0 50.0 50.0 50.0 50.0 50.0 50.0 50.0 50.0 50.0 50.0 50.0 50.0 50.0 50.0 50.0 50.0 50.0 50.0 50.0 50.0 50.0 50.0 50.0 50.0 50.0 50.0 50.0 50.0 50.0 50.0 50.0 50.0 50.0 
# name: reacPower
# type: matrix
# rows: 1
# columns: 357
 -6.765 -6.869 -6.869 -6.765 -6.869 -6.869 -6.869 -6.869 -6.869 -6.869 -6.765 -6.869 -6.869 -6.869 -6.869 -6.869 -6.869 -6.869 -6.869 -6.869 -6.869 -6.869 -6.869 -6.869 -6.869 -6.869 -6.869 -6.869 -6.869 -6.869 -6.869 -6.869 -6.869 -6.869 -6.869 -6.869 -6.869 -6.869 -6.869 -6.869 -6.869 -6.869 -5.412 -6.244 -6.14 -6.244 -6.244 -6.036 -6.14 -6.14 -6.14 -6.14 -6.244 -6.14 -6.14 -6.14 -6.036 -6.036 -6.14 -6.14 -6.14 -6.14 -6.14 -6.14 -6.14 -6.14 -6.14 -6.14 -6.244 -6.036 -6.244 -6.14 -6.036 -6.14 -6.14 -6.14 -6.036 -6.036 -6.14 -6.14 -6.244 -6.14 -6.14 -6.244 -6.244 -6.244 -6.14 -6.14 -6.036 -5.932 -6.036 -5.932 -5.932 -5.932 -5.828 -5.932 -6.036 -6.036 -6.036 -5.932 -5.932 -6.14 -5.932 -6.14 -6.244 -6.14 -6.765 -6.765 -6.765 -6.765 -5.099 -6.348 -6.348 -6.348 -6.348 -6.244 -6.244 -6.348 -6.348 -6.348 -6.452 -6.348 -6.348 -6.348 -6.348 -6.244 -6.348 -6.244 -6.348 -6.348 -6.348 -6.244 -6.348 -6.452 -6.244 -6.244 -6.348 -6.244 -6.244 -6.244 -6.14 -6.244 -6.244 -6.244 -6.244 -6.244 -6.244 -6.14 -6.14 -6.244 -6.14 -6.244 -6.14 -6.036 -6.244 -6.348 -6.348 -6.244 -6.348 -6.244 -6.244 -6.244 -6.244 -6.244 -6.452 -6.348 -6.244 -6.348 -6.348 -6.348 -6.348 -6.244 -6.348 -6.244 -6.348 -6.244 -6.348 -6.244 -6.452 -6.244 -6.244 -6.452 -6.348 -6.348 -6.244 -6.348 -6.348 -6.244 -6.348 -6.348 -6.348 -6.244 -6.244 -6.348 -6.244 -6.244 -6.14 -6.14 -6.14 -6.14 -6.348 -6.14 -6.14 -6.244 -6.14 -6.244 -6.244 -6.244 -6.244 -6.244 -6.14 -6.244 -6.036 -6.244 -6.244 -6.14 -6.348 -6.14 -6.244 -6.244 -6.244 -6.14 -6.14 -6.244 -6.244 -6.244 -6.244 -6.244 -6.244 -6.14 -6.244 -6.869 -6.869 -6.348 -6.348 -6.244 -6.244 -6.14 -6.14 -6.14 -6.14 -6.036 -6.14 -6.14 -6.14 -6.036 -6.036 -6.244 -6.348 -6.244 -6.244 -6.14 -6.244 -6.14 -6.244 -6.244 -6.14 -6.14 -6.14 -6.14 -6.14 -6.14 -6.14 -6.244 -6.348 -6.244 -6.348 -6.244 -6.244 -6.244 -6.14 -6.244 -6.244 -6.14 -6.244 -6.244 -6.14 -6.244 -6.244 -6.036 -6.244 -6.244 -6.452 -6.452 -6.452 -6.244 -6.348 -6.244 -6.348 -6.348 -6.348 -6.244 -6.348 -6.348 -6.348 -6.348 -6.348 -6.348 -6.348 -6.348 -6.14 -6.036 -6.244 -6.244 -6.036 -6.244 -6.14 -6.14 -6.14 -6.036 -6.14 -6.244 -6.14 -6.14 -6.244 -6.14 -6.036 -6.14 -6.244 -6.036 -5.932 -5.828 -5.932 -5.932 -6.036 -5.932 -6.036 -5.932 -5.828 -6.036 -5.932 -5.932 -5.724 -5.932 -6.036 -6.036 -5.828 -5.932 -5.932 -5.932 -6.036 -5.932 -6.14 -6.14 -6.14 -6.036 -6.14 -6.036 -5.932 -6.036 -6.036 -6.14 -6.14 -6.14 -6.14 -6.244 -6.14 
