# name: phAngle
# type: matrix
# rows: 1
# columns: 352
 344 344 344 344 344 341 297 297 297 343 344 344 344 344 344 344 344 344 344 344 344 344 344 344 344 344 344 344 344 344 344 344 344 344 344 344 344 344 344 344 344 344 344 344 344 344 344 344 344 344 344 344 344 344 344 344 344 344 344 344 344 344 344 344 344 344 344 344 344 344 344 344 344 344 344 344 344 344 344 344 344 344 344 344 344 344 344 344 344 344 344 344 344 344 344 344 344 344 343 343 343 343 343 343 343 343 343 343 343 343 343 343 343 343 343 343 343 343 343 344 344 344 344 343 343 343 348 348 348 348 348 348 348 348 348 348 348 348 348 348 348 348 348 348 348 348 348 348 348 348 348 348 348 348 348 348 348 348 348 348 348 348 348 348 348 348 348 348 348 348 348 348 348 348 348 348 348 348 348 348 348 348 348 348 348 348 348 348 348 348 348 348 348 348 348 348 348 348 348 348 348 348 348 348 348 348 348 348 348 348 348 348 348 348 348 348 348 348 348 348 348 348 348 348 348 348 348 348 348 348 348 348 348 348 289 289 289 289 289 289 289 289 289 289 288 289 289 289 289 289 289 290 289 289 289 290 289 289 289 289 290 289 289 289 289 289 289 289 289 289 289 289 289 289 289 289 289 289 289 290 289 289 289 289 289 349 349 349 349 349 348 348 348 348 348 348 348 348 348 348 348 348 348 348 348 348 348 348 348 348 348 348 348 348 348 348 348 348 347 297 297 297 297 349 348 348 348 348 348 348 348 348 348 348 348 348 348 348 348 348 348 348 348 348 348 348 348 348 348 348 348 348 
# name: freq
# type: matrix
# rows: 1
# columns: 352
 50.0 50.0 50.0 50.0 50.0 50.0 50.0 50.0 50.0 50.0 50.0 50.0 50.0 50.0 50.0 50.0 50.0 50.0 50.0 50.0 50.0 50.0 50.0 50.0 50.0 50.0 50.0 50.0 50.0 50.0 50.0 50.0 50.0 50.0 50.0 50.0 50.0 50.0 50.0 50.0 50.0 50.0 50.0 50.0 50.0 50.0 50.0 50.0 50.0 50.0 50.0 50.0 50.0 50.0 50.0 50.0 50.0 50.0 50.0 50.0 50.0 50.0 50.0 50.0 50.0 50.0 50.0 50.0 50.0 50.0 50.0 50.0 50.0 50.0 50.0 50.0 50.0 50.0 50.0 50.0 50.0 50.0 50.0 50.0 50.0 50.0 50.0 50.0 50.0 50.0 50.0 50.0 50.0 50.0 50.0 50.0 50.0 50.0 50.0 50.0 50.0 50.0 50.0 50.0 50.0 50.0 50.0 50.0 50.0 50.0 50.0 50.0 50.0 50.0 50.0 50.0 50.0 50.0 50.0 50.0 50.0 50.0 50.0 50.0 50.0 50.0 50.0 50.0 50.0 50.0 50.0 50.0 50.0 50.0 50.0 50.0 50.0 50.0 50.0 50.0 50.0 50.0 50.0 50.0 50.0 50.0 50.0 50.0 50.0 50.0 50.0 50.0 50.0 50.0 50.0 50.0 50.0 50.0 50.0 50.0 50.0 50.0 50.0 50.0 50.0 50.0 50.0 50.0 50.0 50.0 50.0 50.0 50.0 50.0 50.0 50.0 50.0 50.0 50.0 50.0 50.0 50.0 50.0 50.0 50.0 50.0 50.0 50.0 50.0 50.0 50.0 50.0 50.0 50.0 50.0 50.0 50.0 50.0 50.0 50.0 50.0 50.0 50.0 50.0 50.0 50.0 50.0 50.0 50.0 50.0 50.0 50.0 50.0 50.0 50.0 50.0 50.0 50.0 50.0 50.0 50.0 50.0 50.0 50.0 50.0 50.0 50.0 50.0 50.0 50.0 50.0 50.0 50.0 50.0 50.0 50.0 50.0 50.0 50.0 50.0 50.0 50.0 50.0 50.0 50.0 50.0 50.0 50.0 50.0 50.0 50.0 50.0 50.0 50.0 50.0 50.0 50.0 50.0 50.0 50.0 50.0 50.0 50.0 50.0 50.0 50.0 50.0 50.0 50.0 50.0 50.0 50.0 50.0 50.0 50.0 50.0 50.0 50.0 50.0 50.0 50.0 50.0 50.0 50.0 50.0 50.0 50.0 50.0 50.0 50.0 50.0 50.0 50.0 50.0 50.0 50.0 50.0 50.0 50.0 50.0 50.0 50.0 50.0 50.0 50.0 50.0 50.0 50.0 50.0 50.0 50.0 50.0 50.0 50.0 50.0 50.0 50.0 50.0 50.0 50.0 50.0 50.0 50.0 50.0 50.0 50.0 50.0 50.0 50.0 50.0 50.0 50.0 50.0 50.0 50.0 50.0 50.0 50.0 50.0 50.0 50.0 50.0 50.0 50.0 50.0 50.0 50.0 50.0 50.0 50.0 50.0 50.0 
# name: reacPower
# type: matrix
# rows: 1
# columns: 352
 -15.321 -15.321 -15.321 -15.321 -15.321 -16.252 -5.59 -5.59 -5.59 -15.528 -15.424 -15.321 -15.321 -15.217 -15.424 -15.321 -15.424 -15.321 -15.424 -15.424 -15.321 -15.424 -15.424 -15.424 -15.321 -15.321 -15.321 -15.217 -15.321 -15.424 -15.424 -15.424 -15.424 -15.321 -15.321 -15.424 -15.424 -15.321 -15.321 -15.321 -15.424 -15.424 -15.217 -15.217 -15.321 -15.321 -15.217 -15.321 -15.424 -15.321 -15.321 -15.321 -15.217 -15.217 -15.321 -15.424 -15.424 -15.321 -15.321 -15.321 -15.424 -15.424 -15.321 -15.424 -15.321 -15.321 -15.424 -15.424 -15.424 -15.424 -15.424 -15.424 -15.424 -15.321 -15.321 -15.424 -15.321 -15.321 -15.424 -15.424 -15.424 -15.424 -15.424 -15.424 -15.424 -15.424 -15.528 -15.424 -15.424 -15.424 -15.321 -15.321 -15.321 -15.321 -15.321 -15.424 -15.321 -15.321 -15.631 -15.631 -15.631 -15.528 -15.528 -15.631 -15.631 -15.631 -15.631 -15.631 -15.631 -15.631 -15.631 -15.631 -15.631 -15.631 -15.735 -15.631 -15.735 -15.838 -15.735 -15.528 -15.631 -15.528 -15.528 -15.631 -15.631 -15.528 -15.01 -14.906 -14.906 -15.01 -14.906 -14.906 -14.906 -14.906 -14.906 -15.01 -14.906 -14.906 -14.803 -14.803 -14.803 -14.803 -14.906 -14.906 -14.803 -14.906 -14.803 -14.803 -14.906 -14.803 -14.803 -14.803 -14.803 -14.803 -14.803 -14.803 -14.803 -14.803 -14.803 -14.803 -14.803 -14.803 -14.803 -14.803 -14.803 -14.803 -14.803 -14.803 -14.906 -14.803 -14.803 -14.803 -14.803 -14.803 -14.803 -14.803 -14.803 -14.803 -14.906 -14.803 -14.803 -14.803 -14.906 -14.803 -14.803 -14.906 -14.906 -14.906 -14.906 -14.906 -14.906 -14.906 -14.906 -14.906 -14.906 -14.906 -15.01 -15.01 -15.01 -15.01 -15.01 -15.01 -15.01 -14.906 -14.906 -14.906 -15.113 -15.113 -15.217 -15.113 -15.01 -15.01 -15.01 -15.113 -14.906 -15.01 -15.01 -14.906 -15.01 -15.01 -14.906 -15.01 -14.906 -14.906 -14.906 -14.906 -14.906 -14.906 -14.906 -15.01 -14.906 -15.01 -15.01 -15.01 -5.59 -5.59 -5.59 -5.59 -5.59 -5.59 -5.59 -5.59 -5.59 -5.59 -5.693 -5.693 -5.59 -5.693 -5.59 -5.693 -5.693 -5.59 -5.59 -5.59 -5.59 -5.59 -5.59 -5.59 -5.59 -5.59 -5.59 -5.59 -5.59 -5.59 -5.59 -5.59 -5.59 -5.59 -5.59 -5.59 -5.59 -5.59 -5.59 -5.59 -5.59 -5.59 -5.59 -5.59 -5.59 -5.59 -5.59 -5.59 -5.59 -5.59 -5.59 -15.528 -15.321 -15.424 -15.321 -15.321 -15.321 -15.217 -15.321 -15.321 -15.217 -15.217 -15.217 -15.217 -15.217 -15.113 -15.217 -15.217 -15.113 -15.113 -15.113 -15.113 -15.113 -15.113 -15.113 -15.113 -15.113 -15.113 -15.113 -15.113 -15.113 -15.113 -15.113 -15.113 -14.906 -5.59 -5.59 -5.59 -5.59 -15.424 -15.321 -15.321 -15.217 -15.113 -15.217 -15.113 -15.217 -15.217 -15.113 -15.01 -15.01 -15.01 -15.01 -15.113 -15.01 -15.01 -15.01 -15.01 -15.01 -15.01 -15.01 -15.01 -15.01 -15.01 -15.01 -15.01 -15.01 -15.01 
