# name: phAngle
# type: matrix
# rows: 1
# columns: 358
 351 351 351 351 351 351 351 351 347 351 347 347 351 351 351 351 351 351 351 351 351 351 351 351 351 351 351 351 351 351 351 351 351 351 351 351 351 351 351 351 351 351 351 351 351 351 351 351 351 351 351 351 351 351 351 351 351 351 351 351 351 351 347 347 347 347 347 347 347 347 347 351 347 347 347 347 347 347 347 347 351 347 351 347 351 347 347 347 347 347 347 347 347 347 347 347 347 347 347 347 347 347 347 347 347 347 347 347 347 347 347 347 347 347 347 347 347 347 347 347 347 347 347 347 347 347 347 347 347 347 347 347 347 347 347 347 347 347 347 347 347 347 347 347 347 347 347 347 347 347 347 347 347 347 347 347 347 347 347 347 347 347 347 347 347 347 347 347 347 347 347 347 347 347 347 347 347 347 347 347 347 347 347 347 347 347 281 297 348 348 347 347 347 347 347 347 347 347 347 347 347 347 347 347 347 347 347 347 347 347 347 347 347 347 347 347 347 347 347 347 347 347 347 347 347 347 347 347 347 347 347 347 347 347 347 347 347 347 347 347 347 347 347 347 347 347 347 347 347 347 347 347 347 347 347 347 347 347 347 347 347 347 347 347 347 347 347 347 347 347 347 347 347 347 347 347 347 347 347 341 278 278 278 278 278 278 278 278 278 278 278 278 278 278 278 278 278 278 278 278 278 278 278 278 278 278 278 278 278 278 278 347 348 348 348 348 348 348 347 347 347 347 347 347 347 347 347 347 347 347 347 347 347 347 347 347 347 347 347 347 347 347 347 347 347 347 347 347 347 347 347 347 347 347 347 347 347 347 
# name: freq
# type: matrix
# rows: 1
# columns: 358
 49.9 50.0 50.0 50.0 50.0 50.0 50.0 50.0 50.0 50.0 50.0 50.0 50.0 50.0 50.0 50.0 50.0 50.0 50.0 50.0 50.0 50.0 50.0 50.0 50.0 50.0 50.0 50.0 50.0 50.0 50.0 50.0 50.0 50.0 50.0 50.0 50.0 50.0 50.0 50.0 50.0 50.0 50.0 50.0 50.0 50.0 50.0 50.0 50.0 50.0 50.0 50.0 50.0 50.0 50.0 50.0 50.0 50.0 50.0 50.0 50.0 50.0 50.0 50.0 50.0 50.0 50.0 50.0 50.0 50.0 50.0 50.0 50.0 50.0 50.0 50.0 50.0 50.0 50.0 50.0 50.0 50.0 50.0 50.0 50.0 50.0 50.0 50.0 50.0 50.0 50.0 50.0 50.0 50.0 50.0 50.0 50.0 50.0 50.0 50.0 50.0 50.0 50.0 50.0 50.0 50.0 50.0 50.0 50.0 50.0 50.0 50.0 50.0 50.0 50.0 50.0 50.0 50.0 50.0 50.0 50.0 50.0 50.0 50.0 50.0 50.0 50.0 50.0 50.0 50.0 50.0 50.0 50.0 50.0 50.0 50.0 50.0 50.0 50.0 50.0 50.0 50.0 50.0 50.0 50.0 50.0 50.0 50.0 50.0 50.0 50.0 50.0 50.0 50.0 50.0 50.0 50.0 50.0 50.0 50.0 50.0 50.0 50.0 50.0 50.0 50.0 50.0 50.0 50.0 50.0 50.0 50.0 50.0 50.0 50.0 50.0 50.0 50.0 50.0 50.0 50.0 50.0 50.0 50.0 50.0 50.0 50.0 50.0 50.0 50.0 50.0 50.0 50.0 50.0 50.0 50.0 50.0 50.0 50.0 50.0 50.0 50.0 50.0 50.0 50.0 50.0 50.0 50.0 50.0 50.0 50.0 50.0 50.0 50.0 50.0 50.0 50.0 50.0 50.0 50.0 50.0 50.0 50.0 50.0 50.0 50.0 50.0 50.0 50.0 50.0 50.0 50.0 50.0 50.0 50.0 50.0 50.0 50.0 50.0 50.0 50.0 50.0 50.0 50.0 50.0 50.0 50.0 50.0 50.0 50.0 50.0 50.0 50.0 50.0 50.0 50.0 50.0 50.0 50.0 50.0 50.0 50.0 50.0 50.0 50.0 50.0 50.0 50.0 50.0 50.0 50.0 50.0 50.0 50.0 50.0 50.0 50.0 50.0 50.0 50.0 50.0 50.0 50.0 50.0 50.0 50.0 50.0 50.0 50.0 50.0 50.0 50.0 50.0 50.0 50.0 50.0 50.0 50.0 50.0 50.0 50.0 50.0 50.0 50.0 50.0 50.0 50.0 50.0 50.0 50.0 50.0 50.0 50.0 50.0 50.0 50.0 50.0 50.0 50.0 50.0 50.0 50.0 50.0 50.0 50.0 50.0 50.0 50.0 50.0 50.0 50.0 50.0 50.0 50.0 50.0 50.0 50.0 50.0 50.0 50.0 50.0 50.0 50.0 50.0 50.0 50.0 50.0 50.0 50.0 50.0 50.0 50.0 50.0 50.0 50.0 50.0 50.0 50.0 
# name: reacPower
# type: matrix
# rows: 1
# columns: 358
 -5.724 -5.724 -5.724 -5.62 -5.62 -5.724 -5.62 -5.828 -5.932 -5.828 -5.932 -5.932 -5.828 -5.724 -5.724 -5.828 -5.828 -5.828 -5.724 -5.828 -5.828 -5.828 -5.724 -5.724 -5.724 -5.724 -5.724 -5.724 -5.62 -5.724 -5.62 -5.724 -5.62 -5.62 -5.62 -5.62 -5.516 -5.62 -5.62 -5.724 -5.724 -5.828 -5.724 -5.724 -5.724 -5.724 -5.62 -5.62 -5.724 -5.724 -5.62 -5.724 -5.724 -5.828 -5.724 -5.724 -5.724 -5.62 -5.724 -5.828 -5.828 -5.828 -6.14 -5.932 -5.932 -5.932 -5.932 -5.932 -5.932 -5.932 -6.036 -5.828 -5.932 -5.932 -5.932 -6.036 -5.932 -6.036 -5.932 -6.036 -5.932 -6.036 -5.828 -5.932 -5.828 -5.932 -5.932 -6.036 -5.932 -5.932 -5.932 -5.932 -5.932 -6.036 -6.036 -6.036 -6.036 -6.036 -6.036 -5.932 -6.036 -5.932 -5.932 -5.932 -6.036 -5.932 -6.036 -6.036 -6.036 -5.932 -5.932 -5.932 -6.036 -6.036 -5.932 -6.14 -6.036 -6.14 -6.036 -5.932 -6.036 -6.14 -6.244 -6.036 -6.036 -6.036 -6.14 -6.14 -6.036 -6.036 -6.14 -6.036 -6.036 -6.036 -6.14 -6.14 -6.14 -6.14 -6.036 -6.14 -6.14 -6.14 -6.036 -6.036 -6.14 -6.14 -6.14 -6.036 -6.14 -6.14 -6.244 -6.14 -6.14 -6.14 -6.14 -6.14 -6.14 -6.14 -6.244 -6.14 -6.036 -6.14 -6.14 -6.14 -6.14 -6.244 -6.244 -6.244 -6.14 -6.244 -6.244 -6.14 -6.244 -6.14 -6.244 -6.244 -6.14 -6.244 -6.244 -6.244 -6.244 -6.244 -6.14 -6.14 -6.036 -6.036 -5.724 -5.412 -6.244 -6.14 -6.244 -6.348 -6.14 -6.244 -6.14 -6.036 -6.036 -6.036 -6.14 -6.14 -6.14 -6.14 -6.14 -6.14 -6.14 -6.036 -6.14 -6.244 -6.14 -6.14 -6.14 -6.14 -6.14 -6.244 -6.14 -6.14 -6.036 -6.14 -6.14 -6.244 -6.14 -6.348 -6.14 -6.14 -6.14 -6.244 -6.036 -6.14 -6.14 -6.348 -6.14 -6.244 -6.244 -6.348 -6.348 -6.348 -6.244 -6.14 -6.244 -6.244 -6.244 -6.244 -6.244 -6.244 -6.244 -6.348 -6.244 -6.244 -6.244 -6.348 -6.348 -6.348 -6.452 -6.452 -6.348 -6.244 -6.244 -6.244 -6.348 -6.348 -6.348 -6.348 -6.244 -6.244 -6.348 -6.452 -6.557 -6.557 -6.557 -6.557 -6.557 -6.452 -6.452 -6.452 -6.452 -6.452 -6.348 -6.452 -6.452 -6.14 -5.828 -5.828 -5.828 -5.828 -5.828 -5.828 -5.828 -5.828 -5.828 -5.828 -5.828 -5.828 -5.828 -5.828 -5.828 -5.828 -5.828 -5.828 -5.828 -5.828 -5.828 -5.828 -5.828 -5.828 -5.828 -5.828 -5.828 -5.828 -5.828 -5.828 -5.828 -6.661 -6.765 -6.661 -6.557 -6.557 -6.452 -6.452 -6.557 -6.557 -6.557 -6.557 -6.452 -6.452 -6.452 -6.557 -6.557 -6.557 -6.661 -6.661 -6.661 -6.557 -6.661 -6.452 -6.557 -6.557 -6.557 -6.557 -6.661 -6.557 -6.557 -6.452 -6.557 -6.557 -6.661 -6.661 -6.661 -6.557 -6.557 -6.661 -6.557 -6.557 -6.557 -6.661 -6.661 -6.452 -6.557 -6.452 
