# name: phAngle
# type: matrix
# rows: 1
# columns: 359
 351 352 352 352 352 352 352 352 352 352 352 352 352 352 352 352 352 352 352 352 351 351 351 351 351 351 351 351 351 351 351 351 351 351 351 351 351 351 351 351 352 352 352 352 352 352 352 352 352 352 352 352 352 352 352 352 352 352 352 352 352 352 352 352 351 352 352 352 352 352 352 352 352 352 352 352 352 352 352 352 352 352 352 352 352 352 352 352 352 352 352 352 352 352 352 352 352 352 352 352 352 352 352 352 352 352 352 352 352 352 352 352 352 352 352 352 352 352 352 352 352 352 352 352 352 352 352 352 352 352 352 352 352 352 352 352 352 352 352 352 352 351 352 347 351 352 352 347 351 352 351 351 351 351 351 351 352 351 351 351 351 351 351 351 352 351 351 351 351 351 351 351 351 351 351 351 351 351 351 351 347 351 351 351 351 351 351 351 351 351 351 351 351 351 351 351 351 351 351 351 351 351 351 351 351 351 351 351 351 351 351 351 351 351 351 351 351 351 351 351 351 351 351 351 351 351 351 351 351 351 351 351 351 351 351 351 351 351 351 351 351 351 351 351 351 351 351 351 351 351 351 351 351 279 278 352 278 278 278 278 278 278 278 278 278 278 278 278 278 278 278 278 278 278 278 278 278 278 278 278 278 278 278 278 278 278 278 278 278 278 0 0 0 0 346 351 351 351 351 347 351 351 351 351 351 352 352 352 351 351 351 351 351 351 351 352 351 351 351 351 352 351 351 351 351 351 351 351 351 351 351 351 351 351 351 351 351 351 351 351 351 351 351 351 351 351 347 351 351 351 347 347 351 351 351 351 351 351 347 
# name: freq
# type: matrix
# rows: 1
# columns: 359
 50.0 50.0 50.0 50.0 50.0 50.0 50.0 50.0 50.0 50.0 50.0 50.0 50.0 50.0 50.0 50.0 50.0 50.0 50.0 50.0 50.0 50.0 50.0 50.0 50.0 50.0 50.0 50.0 50.0 50.0 50.0 50.0 50.0 50.0 50.0 50.0 50.0 50.0 50.0 50.0 50.0 49.9 50.0 50.0 50.0 50.0 50.0 50.0 50.0 50.0 50.0 50.0 50.0 50.0 50.0 50.0 50.0 50.0 50.0 50.0 50.0 50.0 50.0 50.0 50.0 50.0 50.0 50.0 50.0 50.0 50.0 50.0 50.0 50.0 50.0 50.0 50.0 50.0 50.0 50.0 50.0 50.0 50.0 50.0 50.0 50.0 50.0 50.0 50.0 50.0 50.0 50.0 50.0 50.0 50.0 50.0 50.0 50.0 50.0 50.0 50.0 50.0 50.0 50.0 50.0 50.0 50.0 50.0 50.0 50.0 50.0 50.0 50.0 50.0 50.0 50.0 50.0 50.0 50.0 50.0 50.0 50.0 50.0 49.9 50.0 50.0 50.0 50.0 50.0 50.0 50.0 50.0 50.0 50.0 50.0 50.0 50.0 50.0 50.0 50.0 50.0 50.0 50.0 50.0 50.0 50.0 50.0 50.0 50.0 50.0 50.0 49.9 50.0 50.0 49.9 50.0 50.0 49.9 50.0 50.0 50.0 50.0 50.0 50.0 50.0 50.0 50.0 50.0 50.0 50.0 50.0 50.0 49.9 49.9 49.9 50.0 50.0 50.0 50.0 50.0 50.0 50.0 50.0 50.0 50.0 50.0 50.0 49.9 49.9 50.0 50.0 50.0 50.0 50.0 50.0 50.0 50.0 50.0 50.0 50.0 50.0 50.0 50.0 50.0 50.0 50.0 50.0 50.0 50.0 50.0 50.0 50.0 50.0 50.0 50.0 50.0 50.0 50.0 50.0 50.0 50.0 50.0 50.0 50.0 50.0 50.0 50.0 50.0 50.0 50.0 50.0 50.0 50.0 50.0 50.0 50.0 50.0 50.0 50.0 50.0 50.0 50.0 50.0 50.0 50.0 50.0 50.0 50.0 50.0 50.0 50.0 50.0 50.0 50.0 50.0 50.0 50.0 50.0 50.0 50.0 50.0 50.0 50.0 50.0 50.0 50.0 50.0 50.0 50.0 50.0 50.0 50.0 50.0 50.0 50.0 50.0 50.0 50.0 50.0 50.0 50.0 50.0 50.0 50.0 50.0 50.0 50.0 50.0 50.0 50.0 50.0 50.0 50.0 50.0 50.0 50.0 50.0 50.0 50.0 50.0 50.0 50.0 50.0 50.0 50.0 50.0 50.0 50.0 50.0 50.0 50.0 50.0 50.0 50.0 50.0 50.0 50.0 50.0 50.0 50.0 50.0 50.0 50.0 50.0 50.0 50.0 50.0 50.0 50.0 50.0 50.0 50.0 50.0 50.0 50.0 50.0 49.9 49.9 49.9 50.0 50.0 50.0 50.0 50.0 50.0 50.0 50.0 50.0 50.0 50.0 50.0 50.0 50.0 50.0 50.0 50.0 50.0 50.0 50.0 
# name: reacPower
# type: matrix
# rows: 1
# columns: 359
 -4.995 -4.995 -4.995 -4.995 -5.099 -5.099 -5.099 -5.203 -5.099 -5.203 -5.099 -5.099 -5.099 -5.099 -5.099 -5.099 -5.099 -5.099 -5.099 -4.995 -4.995 -4.995 -4.995 -4.995 -4.995 -4.891 -4.995 -4.995 -4.891 -4.891 -5.203 -4.891 -4.891 -4.995 -4.995 -4.995 -4.995 -4.995 -4.995 -4.995 -4.995 -5.099 -5.099 -4.995 -4.995 -4.995 -5.099 -5.099 -5.099 -4.995 -4.995 -5.099 -5.099 -4.995 -5.099 -5.203 -5.412 -5.203 -5.203 -5.203 -5.203 -5.203 -5.203 -5.203 -5.099 -5.203 -5.099 -4.995 -5.099 -4.995 -5.099 -4.995 -5.099 -5.099 -4.995 -5.099 -4.995 -4.995 -4.891 -4.995 -4.995 -4.995 -4.995 -4.995 -5.099 -4.995 -5.203 -5.099 -5.099 -4.995 -5.203 -5.099 -4.995 -5.203 -5.099 -5.203 -5.099 -5.099 -5.099 -4.995 -5.099 -5.308 -5.203 -5.203 -5.203 -5.308 -5.308 -5.412 -5.412 -5.308 -5.412 -5.412 -5.203 -5.308 -5.308 -5.308 -5.308 -5.308 -5.308 -5.412 -5.412 -5.308 -5.308 -5.724 -5.828 -5.828 -5.828 -5.724 -5.828 -5.724 -5.724 -5.828 -5.724 -5.724 -5.828 -5.724 -5.724 -5.724 -5.828 -5.828 -5.828 -5.932 -5.828 -5.932 -5.828 -5.932 -5.828 -5.932 -5.724 -5.724 -5.62 -5.724 -5.62 -5.62 -5.62 -5.724 -5.828 -5.724 -5.724 -5.62 -5.724 -5.724 -5.62 -5.724 -5.724 -5.828 -5.724 -5.828 -5.828 -5.828 -5.724 -5.724 -5.724 -5.724 -5.828 -5.828 -5.828 -5.828 -5.724 -5.724 -5.932 -5.828 -5.828 -5.828 -5.62 -5.724 -5.724 -5.724 -5.724 -5.724 -5.724 -5.724 -5.62 -5.724 -5.62 -5.62 -5.724 -5.724 -5.724 -5.724 -5.62 -5.724 -5.62 -5.62 -5.724 -5.724 -5.724 -5.724 -5.724 -5.62 -5.724 -5.62 -5.62 -5.62 -5.62 -5.828 -5.724 -5.724 -5.828 -5.828 -5.724 -5.724 -5.724 -5.724 -5.62 -5.724 -5.62 -5.62 -5.724 -5.724 -5.62 -5.62 -5.62 -5.62 -5.724 -5.724 -5.62 -5.62 -5.62 -5.724 -5.62 -5.62 -5.62 -5.516 -5.62 -5.516 -5.62 -5.828 -5.62 -5.724 -5.62 -5.62 -5.62 -5.724 -5.724 -5.828 -5.724 -5.724 -5.724 -5.724 -5.724 -5.724 -5.724 -5.724 -5.724 -5.724 -5.724 -5.724 -5.724 -5.724 -5.724 -5.724 -5.724 -5.724 -5.724 -5.724 -5.724 -5.724 -5.724 -5.724 -5.724 -5.724 -5.828 -5.724 -5.724 -5.724 -5.828 -5.828 -5.724 -5.724 0.0 0.0 0.0 0.0 -5.412 -5.724 -5.724 -5.724 -5.828 -5.932 -5.724 -5.62 -5.724 -5.724 -5.62 -5.724 -5.724 -5.724 -5.62 -5.724 -5.724 -5.62 -5.62 -5.516 -5.516 -5.724 -5.724 -5.724 -5.724 -5.62 -5.724 -5.828 -5.724 -5.62 -5.724 -5.724 -5.724 -5.724 -5.724 -5.724 -5.62 -5.724 -5.62 -5.724 -5.724 -5.724 -5.62 -5.62 -5.62 -5.828 -5.62 -5.724 -5.724 -5.724 -5.828 -5.828 -5.932 -5.828 -5.932 -5.724 -5.932 -5.932 -5.932 -5.828 -5.932 -5.828 -5.828 -5.828 -5.932 
