# name: phAngle
# type: matrix
# rows: 1
# columns: 359
 341 341 341 341 341 341 341 341 341 341 341 341 341 341 341 341 341 341 341 341 341 341 341 341 341 341 341 341 341 341 341 341 341 341 341 341 341 341 341 341 341 341 341 341 341 341 341 341 341 341 341 341 341 341 341 341 341 341 341 341 341 341 341 341 341 341 341 341 341 341 341 341 341 341 341 341 341 341 341 341 341 341 341 341 341 341 341 341 341 341 341 341 341 341 341 341 341 341 341 341 341 341 341 341 341 341 341 341 341 341 341 341 341 341 341 341 341 341 341 341 341 341 341 341 341 341 341 341 341 341 341 341 341 341 341 341 341 341 341 341 341 339 341 341 341 341 341 341 341 341 341 341 341 341 341 341 341 341 341 341 341 341 341 339 339 341 341 339 339 341 341 341 341 341 341 341 341 341 341 341 341 341 341 341 341 341 341 341 341 341 341 341 341 341 341 341 341 341 341 341 341 341 341 341 341 341 341 341 341 341 341 341 341 341 341 341 341 341 341 341 341 341 341 341 341 341 341 341 341 341 341 341 341 341 341 341 341 341 341 341 341 341 341 341 341 341 341 341 341 341 341 341 341 341 341 341 341 341 341 341 341 341 341 341 341 341 341 341 341 341 341 341 341 341 341 341 341 341 341 341 341 341 341 341 341 341 341 341 341 341 341 341 341 341 341 341 341 341 341 341 341 341 341 341 341 341 341 341 341 341 341 341 341 341 341 341 341 341 341 341 341 276 275 275 275 275 275 339 341 341 341 341 341 341 341 341 339 341 341 341 341 341 341 341 341 341 341 341 341 341 341 289 275 275 275 275 275 275 275 
# name: freq
# type: matrix
# rows: 1
# columns: 359
 50.0 50.0 50.0 50.0 50.0 50.0 50.0 50.0 50.0 50.0 50.0 50.0 50.0 50.0 50.0 50.0 50.0 50.0 50.0 50.0 50.0 50.0 50.0 50.0 50.0 50.0 50.0 50.0 50.0 50.0 50.0 50.0 50.0 50.0 50.0 50.0 50.0 50.0 50.0 50.0 50.0 50.0 50.0 50.0 50.0 50.0 50.0 50.0 50.0 50.0 50.0 50.0 50.0 50.0 50.0 50.0 50.0 50.0 50.0 50.0 50.0 50.0 50.0 50.0 50.0 50.0 50.0 50.0 50.0 50.0 50.0 50.0 50.0 50.0 50.0 50.0 50.0 50.0 50.0 50.0 50.0 50.0 50.0 50.0 50.0 50.0 50.0 50.0 50.0 50.0 50.0 50.0 50.0 50.0 50.0 50.0 50.0 50.0 50.0 50.0 50.0 50.0 50.0 50.0 50.0 50.0 50.0 50.0 50.0 50.0 50.0 50.0 50.0 50.0 50.0 50.0 50.0 50.0 50.0 50.0 50.0 50.0 50.0 50.0 50.0 50.0 50.0 50.0 50.0 50.0 50.0 50.0 50.0 50.0 50.0 50.0 50.0 50.0 50.0 50.0 50.0 50.0 50.0 50.0 50.0 50.0 50.0 50.0 50.0 50.0 50.0 50.0 50.0 50.0 50.0 50.0 50.0 50.0 50.0 50.0 50.0 50.0 50.0 50.0 50.0 50.0 50.0 50.0 50.0 50.0 50.0 50.0 50.0 50.0 50.0 50.0 50.0 50.0 50.0 50.0 50.0 50.0 50.0 50.0 50.0 50.0 50.0 50.0 50.0 50.0 50.0 50.0 50.0 50.0 50.0 50.0 50.0 50.0 50.0 50.0 50.0 50.0 50.0 50.0 50.0 50.0 50.0 50.0 50.0 50.0 50.0 50.0 50.0 50.0 50.0 50.0 50.0 50.0 50.0 50.0 50.0 50.0 50.0 50.0 50.0 50.0 50.0 50.0 50.0 50.0 50.0 50.0 50.0 50.0 50.0 50.0 50.0 50.0 50.0 50.0 50.0 50.0 50.0 50.0 50.0 50.0 50.0 50.0 50.0 50.0 50.0 50.0 50.0 50.0 50.0 50.0 50.0 50.0 50.0 50.0 50.0 50.0 50.0 50.0 50.0 50.0 50.0 50.0 50.0 50.0 50.0 50.0 50.0 50.0 50.0 50.0 50.0 50.0 50.0 50.0 50.0 50.0 50.0 50.0 50.0 50.0 50.0 50.0 50.0 50.0 50.0 50.0 50.0 50.0 50.0 50.0 50.0 50.0 50.0 50.0 50.0 50.0 50.0 50.0 50.0 50.0 50.0 50.0 50.0 50.0 50.0 50.0 50.0 50.0 50.0 50.0 50.0 50.0 50.0 50.0 50.0 50.0 50.0 50.0 50.0 50.0 50.0 50.0 50.0 50.0 50.0 50.0 50.0 50.0 50.0 50.0 50.0 50.0 50.0 50.0 50.0 50.0 50.0 50.0 50.0 50.0 50.0 50.0 50.0 50.0 50.0 50.0 50.0 50.0 50.0 50.0 50.0 50.0 50.0 
# name: reacPower
# type: matrix
# rows: 1
# columns: 359
 -7.246 -7.246 -7.142 -7.246 -7.246 -7.246 -7.246 -7.246 -7.246 -7.246 -7.246 -7.246 -7.142 -7.142 -7.142 -7.246 -7.246 -7.246 -7.246 -7.142 -7.246 -7.142 -7.142 -7.246 -7.142 -7.246 -7.246 -7.246 -7.246 -7.246 -7.142 -7.142 -7.142 -7.246 -7.246 -7.246 -7.246 -7.349 -7.349 -7.246 -7.246 -7.349 -7.246 -7.246 -7.246 -7.349 -7.246 -7.349 -7.246 -7.246 -7.246 -7.246 -7.246 -7.349 -7.246 -7.246 -7.246 -7.246 -7.246 -7.349 -7.349 -7.349 -7.349 -7.349 -7.246 -7.246 -7.246 -7.246 -7.246 -7.349 -7.246 -7.246 -7.349 -7.349 -7.246 -7.349 -7.246 -7.246 -7.142 -7.246 -7.349 -7.349 -7.349 -7.349 -7.349 -7.349 -7.349 -7.349 -7.349 -7.349 -7.349 -7.349 -7.349 -7.246 -7.349 -7.349 -7.349 -7.246 -7.246 -7.349 -7.453 -7.349 -7.246 -7.349 -7.349 -7.349 -7.246 -7.453 -7.349 -7.453 -7.349 -7.349 -7.349 -7.349 -7.349 -7.349 -7.246 -7.349 -7.246 -7.246 -7.349 -7.349 -7.349 -7.349 -7.349 -7.349 -7.453 -7.246 -7.453 -7.349 -7.349 -7.453 -7.453 -7.142 -6.935 -6.935 -6.935 -6.935 -6.935 -6.832 -6.832 -6.832 -6.832 -6.728 -6.832 -6.832 -6.832 -6.832 -6.935 -6.832 -6.832 -6.832 -6.832 -6.832 -6.935 -6.832 -6.935 -6.935 -6.832 -6.832 -6.832 -6.832 -6.832 -6.832 -6.728 -6.728 -6.728 -6.832 -6.728 -6.832 -6.625 -6.625 -6.625 -6.625 -6.625 -6.625 -6.625 -6.625 -6.625 -6.625 -6.521 -6.625 -6.625 -6.521 -6.521 -6.521 -6.521 -6.521 -6.521 -6.521 -6.521 -6.625 -6.625 -6.625 -6.625 -6.625 -6.625 -6.521 -6.625 -6.625 -6.625 -6.521 -6.625 -6.625 -6.625 -6.625 -6.625 -6.625 -6.625 -6.625 -6.625 -6.625 -6.625 -6.625 -6.625 -6.625 -6.521 -6.521 -6.521 -6.521 -6.521 -6.625 -6.521 -6.625 -6.625 -6.625 -6.625 -6.521 -6.625 -6.625 -6.625 -6.625 -6.625 -6.625 -6.728 -6.728 -6.625 -6.625 -6.625 -6.625 -6.625 -6.625 -6.625 -6.625 -6.625 -6.625 -6.625 -6.625 -6.625 -6.625 -6.625 -6.625 -6.625 -6.625 -6.625 -6.521 -6.521 -6.521 -6.521 -6.521 -6.521 -6.521 -6.521 -6.521 -6.625 -6.625 -6.625 -6.521 -6.521 -6.625 -6.625 -6.625 -6.625 -6.625 -6.625 -6.625 -6.625 -6.625 -6.625 -6.521 -6.625 -6.625 -6.625 -6.521 -6.625 -6.625 -6.625 -6.521 -6.625 -6.625 -6.625 -6.521 -6.625 -6.625 -6.625 -6.625 -6.521 -6.521 -6.521 -6.521 -6.521 -6.521 -6.521 -6.418 -6.418 -6.418 -6.521 -6.521 -6.521 -6.521 -6.521 -6.521 -6.625 -6.521 -6.521 -6.521 -6.521 -6.521 -6.521 -6.521 -6.418 -7.66 -7.66 -7.66 -7.66 -7.66 -7.66 -6.521 -6.418 -6.521 -6.521 -6.521 -6.521 -6.521 -6.521 -6.625 -6.521 -6.521 -6.625 -6.625 -6.625 -6.625 -6.521 -6.521 -6.521 -6.521 -6.521 -6.521 -6.521 -6.521 -6.625 -7.349 -7.66 -7.66 -7.66 -7.66 -7.66 -7.66 -7.66 
