# name: phAngle
# type: matrix
# rows: 1
# columns: 359
 0 0 0 0 0 0 0 0 0 0 0 0 0 0 0 0 0 0 0 0 0 0 0 0 0 0 0 0 0 0 0 0 0 0 0 0 0 0 0 0 0 0 0 0 0 0 0 0 0 0 0 0 0 0 0 0 0 0 0 0 0 0 0 0 0 0 0 0 0 0 0 0 0 0 0 0 0 0 0 0 0 0 0 0 0 0 0 0 0 0 0 0 0 0 0 0 0 0 0 0 0 0 0 0 0 0 0 0 0 0 0 0 0 0 0 0 0 0 0 0 0 0 0 0 0 0 0 0 0 0 0 0 0 0 0 0 0 0 0 0 0 0 0 0 0 0 0 0 0 0 0 0 0 0 0 0 0 0 0 0 0 0 0 0 0 0 0 0 0 0 0 0 0 0 0 0 0 0 0 0 0 0 0 0 0 0 0 0 0 0 0 0 0 0 0 0 0 0 0 0 0 0 0 0 0 0 0 0 0 0 0 0 0 0 0 0 0 0 0 0 0 0 0 0 0 0 0 0 0 0 0 0 0 0 0 0 0 0 0 0 0 0 0 0 0 0 0 0 0 0 0 0 0 0 0 0 0 0 0 0 0 0 0 0 0 0 0 0 0 0 0 0 0 0 0 0 0 0 0 0 0 0 0 0 0 0 0 0 0 0 0 0 0 0 341 272 272 272 272 272 272 272 272 272 272 272 272 272 272 272 272 272 272 272 271 272 272 272 272 272 272 271 272 271 272 272 272 272 272 272 272 272 272 272 272 272 272 272 272 272 273 272 272 272 272 271 272 272 272 272 272 272 272 272 272 272 272 272 272 
# name: freq
# type: matrix
# rows: 1
# columns: 359
 50.0 50.0 50.0 50.0 50.0 50.0 50.0 50.0 50.0 50.0 50.0 50.0 50.0 50.0 50.0 50.0 50.0 50.0 50.0 50.0 50.0 50.0 50.0 50.0 50.0 50.0 50.0 50.0 50.0 50.0 50.0 50.0 50.0 49.9 50.0 50.0 50.0 50.0 50.0 50.0 50.0 50.0 50.0 50.0 50.0 50.0 50.0 50.0 50.0 50.0 50.0 50.0 50.0 50.0 50.0 50.0 50.0 50.0 50.0 50.0 50.0 50.0 50.0 50.0 50.0 50.0 50.0 50.0 50.0 50.0 50.0 50.0 50.0 50.0 50.0 50.0 50.0 50.0 50.0 50.0 50.0 50.0 50.0 50.0 50.0 50.0 50.0 50.0 50.0 50.0 50.0 50.0 50.0 50.0 50.0 50.0 50.0 50.0 50.0 50.0 50.0 50.0 50.0 50.0 50.0 50.0 50.0 50.0 50.0 50.0 50.0 50.0 50.0 50.0 50.0 50.0 50.0 50.0 50.0 50.0 50.0 50.0 50.0 50.0 50.0 50.0 50.0 50.0 50.0 50.0 50.0 50.0 50.0 50.0 50.0 50.0 50.0 50.0 50.0 50.0 50.0 50.0 50.0 50.0 50.0 50.0 50.0 50.0 50.0 50.0 49.9 50.0 50.0 49.9 49.9 49.9 50.0 50.0 50.0 50.0 50.0 50.0 50.0 50.0 50.0 50.0 50.0 49.9 49.9 50.0 50.0 50.0 50.0 50.0 50.0 50.0 50.0 50.0 50.0 50.0 50.0 50.0 50.0 50.0 50.0 50.0 50.0 50.0 50.0 50.0 50.0 50.0 50.0 50.0 50.0 50.0 50.0 49.9 50.0 50.0 50.0 50.0 50.0 49.9 49.9 50.0 50.0 50.0 50.0 49.9 49.9 49.9 50.0 50.0 50.0 50.0 49.9 50.0 49.9 50.0 49.9 50.0 50.0 50.0 50.0 50.0 50.0 50.0 49.9 50.0 50.0 50.0 50.0 50.0 50.0 50.0 50.0 50.0 50.0 50.0 50.0 49.9 50.0 50.0 50.0 50.0 49.9 49.9 50.0 49.9 50.0 49.9 49.9 49.9 50.0 50.0 50.0 50.0 50.0 50.0 50.0 50.0 50.0 50.0 50.0 50.0 50.0 50.0 50.0 49.9 50.0 50.0 50.0 50.0 50.0 50.0 50.0 50.0 50.0 50.0 50.0 50.0 50.0 49.9 50.0 50.0 50.0 50.0 50.0 50.0 50.0 50.0 50.0 50.0 50.0 50.0 50.0 50.0 50.0 50.0 50.0 50.0 50.0 50.0 50.0 50.0 50.0 50.0 50.0 50.0 50.0 50.0 50.0 50.0 50.0 50.0 50.0 50.0 50.0 50.0 50.0 50.0 50.0 50.0 50.0 50.0 50.0 50.0 50.0 50.0 50.0 50.0 50.0 50.0 50.0 50.0 50.0 50.0 50.0 50.0 50.0 50.0 50.0 50.0 50.0 50.0 50.0 50.0 50.0 50.0 50.0 50.0 50.0 50.0 50.0 50.0 50.0 50.0 50.0 
# name: reacPower
# type: matrix
# rows: 1
# columns: 359
 -1.552 -1.552 -1.552 -1.449 -1.449 -1.449 -1.552 -1.552 -1.552 -1.449 -1.449 -1.552 -1.552 -1.552 -1.449 -1.552 -1.449 -1.449 -1.449 -1.449 -1.552 -1.656 -1.552 -1.449 -1.449 -1.552 -1.552 -1.552 -1.552 -1.552 -1.552 -1.449 -1.449 -1.552 -1.449 -1.552 -1.552 -1.552 -1.552 -1.552 -1.552 -1.552 -1.552 -1.552 -1.552 -1.552 -1.552 -1.656 -1.552 -1.552 -1.552 -1.552 -1.656 -1.656 -1.656 -1.552 -1.552 -1.656 -1.656 -1.759 -1.656 -1.656 -1.552 -1.552 -1.552 -1.552 -1.552 -1.552 -1.552 -1.552 -1.552 -1.552 -1.552 -1.552 -1.552 -1.449 -1.449 -1.552 -1.656 -1.552 -1.552 -1.449 -1.552 -1.552 -1.552 -1.552 -1.552 -1.449 -1.242 -1.345 -1.345 -1.345 -1.242 -1.449 -1.552 -1.656 -1.656 -1.656 -1.449 -1.656 -1.552 -1.552 -1.656 -1.552 -1.552 -1.656 -1.552 -1.656 -1.449 -1.656 -1.656 -1.656 -1.552 -1.656 -1.552 -1.656 -1.449 -1.552 -1.656 -1.449 -1.552 -1.449 -1.552 -1.449 -1.552 -1.552 -1.552 -1.449 -1.345 -1.863 -1.552 -1.345 -1.449 -1.449 -1.449 -1.449 -1.449 -1.345 -1.345 -1.449 -1.449 -1.449 -1.449 -1.345 -1.345 -1.345 -1.449 -1.449 -1.449 -1.863 -1.449 -1.449 -1.345 -1.449 -1.345 -1.345 -1.449 -1.345 -1.449 -1.552 -1.656 -1.449 -1.449 -1.552 -1.449 -1.449 -1.345 -1.345 -1.345 -1.242 -1.242 -1.345 -1.345 -1.242 -1.345 -1.345 -1.242 -1.345 -1.345 -1.345 -1.449 -1.345 -1.345 -1.449 -1.449 -1.449 -1.449 -1.345 -1.449 -1.345 -1.345 -1.449 -1.449 -1.345 -1.345 -1.449 -1.449 -1.345 -1.345 -1.345 -1.345 -1.449 -1.449 -1.552 -1.345 -1.345 -1.345 -1.449 -1.345 -1.345 -1.345 -1.449 -1.449 -1.449 -1.345 -1.449 -1.449 -1.552 -1.552 -1.552 -1.449 -1.449 -1.449 -1.449 -1.552 -1.552 -1.552 -1.552 -1.552 -1.449 -1.552 -1.656 -1.552 -1.552 -1.552 -1.552 -1.552 -1.656 -1.552 -1.552 -1.552 -1.656 -1.552 -1.656 -1.552 -1.552 -1.656 -1.656 -1.552 -1.656 -1.552 -1.656 -1.656 -1.656 -1.759 -1.759 -1.759 -1.759 -1.759 -1.656 -1.656 -1.656 -1.656 -1.656 -1.759 -1.552 -1.656 -1.759 -1.656 -1.759 -1.759 -1.656 -1.656 -1.656 -1.656 -1.656 -1.656 -1.656 -1.552 -1.552 -1.656 -1.656 -1.656 -1.656 -1.552 -1.656 -1.552 -1.656 -1.759 -1.759 -1.759 -1.863 -1.759 -1.759 -2.38 -3.002 -3.002 -3.002 -3.002 -3.002 -3.002 -3.002 -3.002 -3.002 -3.002 -3.002 -3.002 -3.002 -3.002 -3.002 -3.002 -3.002 -3.002 -3.002 -3.002 -3.002 -3.002 -3.002 -3.002 -3.002 -3.002 -3.002 -3.002 -3.002 -3.002 -3.002 -3.002 -3.002 -3.002 -3.002 -3.002 -3.002 -3.002 -3.002 -3.002 -3.002 -3.002 -3.002 -3.002 -3.002 -3.002 -3.002 -3.002 -3.002 -3.002 -3.002 -3.002 -3.002 -3.002 -3.002 -3.002 -3.002 -3.002 -3.002 -3.002 -3.002 -3.002 -3.002 -3.002 
# name: power
# type: matrix
# rows: 1
# columns: 359
 24.637 24.637 24.12 24.12 24.12 24.12 24.12 24.12 24.12 24.12 24.12 24.12 24.12 24.12 24.12 24.12 24.12 24.12 24.12 24.016 24.016 24.12 24.12 24.016 24.12 24.12 24.016 24.12 24.12 24.12 24.016 24.016 24.12 24.016 24.016 24.016 24.016 24.12 24.016 24.016 24.12 24.12 24.12 24.016 24.12 24.016 24.016 24.12 24.12 24.016 24.12 24.12 24.016 24.016 24.016 24.016 24.12 24.016 24.12 24.016 24.016 24.016 24.12 24.016 24.016 24.016 24.016 24.016 24.016 24.016 24.016 24.12 24.016 24.016 24.016 24.016 24.016 24.12 24.016 24.016 24.016 24.12 24.016 24.016 24.12 24.016 24.12 21.221 14.596 11.387 11.387 11.387 15.424 22.153 24.12 24.12 24.12 24.12 24.12 24.12 24.12 24.12 24.12 24.12 24.12 24.12 24.12 24.12 24.12 24.12 24.12 24.016 24.12 24.12 24.016 24.016 24.016 24.12 24.12 24.12 24.12 24.12 24.12 24.12 24.016 24.12 24.12 24.12 24.12 24.12 24.016 24.12 24.12 24.12 24.12 24.12 24.12 24.12 24.016 24.12 24.12 24.016 24.12 24.12 24.12 24.12 24.12 24.016 24.12 24.12 24.016 24.12 24.12 24.12 24.016 24.12 24.016 24.12 24.12 24.12 24.016 24.016 24.016 24.12 24.12 24.016 24.016 24.016 24.016 24.016 24.016 24.016 24.016 24.016 24.016 24.12 24.016 24.534 24.12 24.016 24.016 24.12 24.12 24.016 24.016 24.016 24.12 24.016 24.016 24.12 24.12 24.12 24.016 24.016 24.12 24.12 24.12 24.12 24.223 24.223 24.12 24.12 24.12 24.223 24.12 24.12 24.12 24.12 24.12 24.12 24.12 24.223 24.12 24.12 24.223 24.12 24.12 24.12 24.12 24.12 24.12 24.12 24.12 24.12 24.12 24.12 24.12 24.12 24.12 24.12 24.12 24.12 24.12 24.223 24.12 24.12 24.12 24.12 24.12 24.12 24.12 24.12 24.223 24.12 24.12 24.12 24.12 24.223 24.12 24.12 24.223 24.016 24.12 24.016 24.12 24.016 24.12 24.12 24.016 24.016 24.016 24.016 24.12 24.016 24.016 24.016 24.12 24.016 24.12 24.12 24.016 24.016 24.12 24.12 24.12 24.12 24.12 24.016 24.12 24.016 24.12 24.016 24.016 24.016 24.016 24.016 24.016 24.016 24.016 24.016 24.016 24.016 24.016 24.016 7.349 0.103 0.0 0.103 0.0 0.0 0.103 0.103 0.103 0.103 0.103 0.103 0.103 0.103 0.0 0.103 0.103 0.103 0.103 0.103 0.0 0.0 0.0 0.103 0.103 0.103 0.103 0.0 0.103 0.0 0.103 0.103 0.103 0.103 0.103 0.0 0.103 0.103 0.103 0.103 0.0 0.0 0.0 0.0 0.103 0.103 0.103 0.0 0.0 0.0 0.103 0.0 0.103 0.103 0.103 0.103 0.103 0.103 0.103 0.103 0.103 0.103 0.0 0.103 0.103 
