# name: phAngle
# type: matrix
# rows: 1
# columns: 359
 354 354 354 354 354 354 354 354 354 354 354 354 354 354 354 354 354 354 354 354 354 354 354 354 354 354 354 354 354 354 354 354 354 354 354 354 354 354 354 354 354 354 354 354 354 354 354 354 354 354 354 354 354 354 354 354 354 354 354 354 354 354 354 354 354 354 354 354 354 354 354 354 354 354 354 354 354 354 354 354 354 354 354 354 354 354 354 354 354 354 354 354 354 354 354 354 354 354 354 354 354 354 354 354 354 354 354 354 354 354 354 354 354 354 354 354 354 354 354 354 354 354 354 354 354 354 354 354 354 354 354 354 354 354 354 354 354 354 354 354 354 354 354 354 354 354 354 354 354 354 354 354 354 354 354 354 354 354 354 354 354 354 354 354 354 354 354 354 354 354 354 354 354 354 354 354 354 354 354 354 354 354 354 354 354 354 354 354 354 354 354 354 354 354 354 354 354 354 354 354 354 354 354 354 354 354 354 354 354 354 354 354 354 354 354 354 354 354 354 354 354 354 354 354 354 354 354 354 354 354 354 354 354 354 354 354 354 354 354 354 354 354 354 354 354 354 354 354 354 354 354 354 354 354 354 354 354 354 354 354 354 354 354 354 354 354 354 354 354 354 354 354 354 354 354 354 354 354 354 354 354 354 354 354 354 354 354 354 354 354 354 354 354 354 354 354 354 354 354 354 354 354 354 354 354 354 354 354 354 354 354 354 354 354 354 354 354 354 354 354 354 354 354 354 354 354 354 354 354 354 354 354 354 354 354 354 354 354 354 354 354 354 354 354 354 354 354 354 354 354 354 354 354 354 354 354 354 354 354 
# name: freq
# type: matrix
# rows: 1
# columns: 359
 50.0 50.0 50.0 50.0 50.0 50.0 50.0 50.0 50.0 50.0 50.0 50.0 50.0 50.0 50.0 50.0 50.0 50.0 50.0 50.0 50.0 50.0 50.0 50.0 50.0 50.0 50.0 50.0 50.0 50.0 50.0 50.0 50.0 50.0 50.0 50.0 50.0 50.0 50.0 50.0 50.0 50.0 50.0 50.0 50.0 50.0 50.0 50.0 50.0 50.0 50.0 50.0 50.0 50.0 50.0 50.0 50.0 50.0 50.0 50.0 50.0 50.0 50.0 50.0 50.0 50.0 50.0 50.0 50.0 50.0 50.0 50.0 50.0 50.0 50.0 50.0 50.0 50.0 50.0 50.0 50.0 50.0 50.0 50.0 50.0 50.0 50.0 50.0 50.0 50.0 50.0 50.0 50.0 50.0 50.0 50.0 50.0 50.0 50.0 50.0 50.0 50.0 50.0 50.0 50.0 50.0 50.0 50.0 50.0 50.0 50.0 50.0 50.0 50.0 50.0 50.0 50.0 50.0 50.0 50.0 50.0 50.0 50.0 50.0 50.0 50.0 50.0 50.0 50.0 50.0 50.0 50.0 50.0 50.0 50.0 50.0 50.0 50.0 50.0 50.0 50.0 50.0 50.0 50.0 50.0 50.0 50.0 50.0 50.0 50.0 50.0 50.0 50.0 50.0 50.0 49.9 50.0 50.0 50.0 50.0 50.0 50.0 50.0 50.0 50.0 49.9 50.0 50.0 49.9 50.0 50.0 50.0 50.0 50.0 50.0 50.0 50.0 50.0 50.0 50.0 50.0 50.0 50.0 50.0 50.0 50.0 50.0 50.0 50.0 49.9 50.0 50.0 50.0 50.0 50.0 50.0 50.0 50.0 50.0 49.9 50.0 50.0 50.0 49.9 50.0 50.0 50.0 49.9 49.9 50.0 50.0 50.0 49.9 49.9 50.0 50.0 49.9 50.0 49.9 50.0 49.9 50.0 50.0 49.9 50.0 49.9 50.0 50.0 50.0 50.0 50.0 50.0 50.0 50.0 50.0 50.0 49.9 50.0 50.0 50.0 50.0 50.0 50.0 50.0 49.9 49.9 50.0 50.0 49.9 49.9 49.9 49.9 50.0 50.0 50.0 50.0 50.0 50.0 50.0 50.0 50.0 50.0 50.0 50.0 50.0 50.0 50.0 50.0 50.0 50.0 50.0 50.0 50.0 50.0 50.0 50.0 50.0 50.0 50.0 50.0 50.0 50.0 50.0 50.0 50.0 50.0 50.0 50.0 50.0 50.0 50.0 50.0 50.0 50.0 50.0 50.0 50.0 50.0 50.0 50.0 50.0 50.0 50.0 50.0 50.0 50.0 50.0 50.0 50.0 50.0 50.0 50.0 50.0 50.0 50.0 50.0 50.0 50.0 50.0 50.0 50.0 50.0 50.0 50.0 50.0 50.0 50.0 50.0 50.0 50.0 50.0 50.0 50.0 50.0 50.0 50.0 50.0 50.0 50.0 50.0 50.0 50.0 50.0 50.0 50.0 50.0 50.0 50.0 50.0 50.0 50.0 50.0 50.0 50.0 50.0 50.0 50.0 50.0 50.0 
# name: reacPower
# type: matrix
# rows: 1
# columns: 359
 -3.726 -3.623 -3.623 -3.623 -3.623 -3.416 -3.416 -3.416 -3.416 -3.416 -3.312 -3.416 -3.416 -3.312 -3.312 -3.312 -3.623 -3.623 -3.726 -3.623 -3.726 -3.726 -3.726 -3.623 -3.623 -3.623 -3.623 -3.623 -3.726 -3.726 -3.623 -3.623 -3.623 -3.726 -3.623 -3.726 -3.726 -3.726 -3.726 -3.726 -3.726 -3.623 -3.623 -3.623 -3.726 -3.726 -3.726 -3.83 -3.726 -3.726 -3.726 -3.623 -3.726 -3.83 -3.726 -3.726 -3.623 -3.726 -3.726 -3.83 -3.83 -3.83 -3.726 -3.726 -3.726 -3.726 -3.726 -3.623 -3.726 -3.726 -3.623 -3.726 -3.726 -3.726 -3.726 -3.726 -3.623 -3.726 -3.83 -3.726 -3.726 -3.726 -3.726 -3.623 -3.623 -3.726 -3.623 -3.416 -3.416 -3.416 -3.519 -3.519 -3.623 -3.519 -3.519 -3.519 -3.726 -3.519 -3.519 -3.726 -3.623 -3.416 -3.623 -3.519 -3.416 -3.416 -3.623 -3.519 -3.519 -3.519 -3.623 -3.519 -3.519 -3.416 -3.519 -3.416 -3.519 -3.519 -3.726 -3.726 -3.623 -3.519 -3.519 -3.416 -3.416 -3.519 -3.519 -3.416 -3.416 -3.416 -3.416 -3.312 -3.105 -3.002 -3.312 -3.312 -3.105 -2.898 -3.209 -2.898 -3.312 -3.209 -3.002 -2.898 -3.002 -3.002 -2.898 -3.002 -2.898 -3.002 -3.002 -2.898 -3.002 -3.002 -3.002 -3.002 -3.002 -2.898 -3.105 -3.002 -3.105 -3.105 -3.002 -3.002 -3.002 -3.002 -3.002 -3.002 -2.898 -2.898 -2.898 -3.002 -2.898 -2.898 -3.209 -3.312 -3.209 -3.002 -2.898 -3.002 -3.002 -3.002 -3.002 -3.105 -3.312 -3.416 -3.312 -3.209 -3.209 -3.312 -3.002 -3.002 -3.002 -3.002 -3.209 -3.312 -3.312 -3.105 -3.002 -3.209 -3.312 -3.002 -3.105 -3.209 -3.002 -3.209 -3.002 -3.105 -3.002 -3.002 -3.105 -3.416 -3.002 -3.002 -3.312 -3.312 -3.312 -3.105 -3.105 -3.312 -3.312 -3.105 -3.105 -3.105 -3.105 -3.209 -3.209 -3.105 -3.209 -3.312 -3.312 -3.105 -3.209 -3.312 -3.416 -3.416 -3.312 -3.416 -3.209 -3.209 -3.209 -3.312 -3.209 -3.209 -3.209 -3.312 -3.209 -3.312 -3.416 -3.312 -3.416 -3.209 -3.312 -3.519 -3.623 -3.519 -3.623 -3.416 -3.312 -3.416 -3.726 -3.623 -3.623 -3.519 -3.519 -3.726 -3.83 -3.623 -3.83 -3.933 -3.933 -3.83 -3.726 -3.519 -3.519 -3.519 -3.312 -3.209 -3.312 -3.726 -3.83 -3.726 -3.623 -3.83 -3.83 -3.83 -3.623 -3.623 -3.83 -3.933 -3.83 -3.933 -3.933 -3.933 -3.933 -3.933 -3.623 -3.623 -3.623 -3.623 -3.726 -3.726 -3.726 -3.623 -3.83 -3.726 -3.623 -3.83 -3.623 -3.623 -3.623 -3.726 -3.726 -3.623 -3.726 -3.83 -3.83 -3.83 -3.726 -3.726 -3.726 -3.726 -3.726 -3.726 -3.726 -3.623 -3.726 -3.623 -3.726 -3.726 -3.726 -3.726 -3.726 -3.726 -3.726 -3.623 -3.623 -3.726 -3.623 -3.623 -3.623 -3.623 -3.623 -3.726 -3.519 -3.416 -3.726 -3.726 -3.83 -3.623 -3.623 -3.726 -3.726 -3.726 -3.623 -3.623 -3.726 -3.623 -3.726 
