# name: phAngle
# type: matrix
# rows: 1
# columns: 359
 339 339 339 339 339 339 339 339 339 341 341 341 341 341 341 341 341 341 341 341 341 341 341 341 341 341 341 341 341 341 341 341 341 341 341 341 341 341 341 341 341 341 341 341 341 341 341 341 341 341 341 341 341 341 341 341 341 341 341 341 341 341 341 341 341 341 341 341 341 341 341 341 341 341 341 341 341 341 341 341 341 341 341 341 341 341 341 341 341 341 341 341 341 339 339 341 341 341 341 341 341 341 341 341 341 341 341 341 341 341 341 341 341 341 341 341 341 341 341 341 341 341 341 341 341 341 341 341 341 341 341 341 341 341 341 341 339 339 341 339 339 341 339 341 341 341 341 341 341 341 341 341 339 341 341 341 341 341 341 341 341 341 339 341 341 341 341 341 341 341 339 341 341 341 341 341 341 341 341 341 341 341 341 341 341 341 341 339 341 341 341 341 341 341 341 341 341 341 341 341 341 341 341 339 341 341 341 341 341 341 339 341 341 341 341 339 341 341 341 341 341 341 341 341 341 341 341 341 341 341 341 341 341 341 341 341 341 341 341 341 341 341 341 341 341 341 341 341 341 341 341 341 341 341 341 341 341 341 341 339 341 341 339 339 339 341 339 339 341 339 339 341 339 339 341 339 341 339 341 341 341 341 341 341 341 341 341 341 341 341 341 341 341 341 341 341 341 341 341 341 341 341 341 315 275 275 275 275 275 275 275 275 275 275 275 275 275 283 339 339 341 341 341 341 341 341 341 341 341 341 341 341 341 341 341 341 341 341 341 341 341 341 341 341 341 341 341 341 341 341 341 341 341 341 341 341 341 341 341 
# name: freq
# type: matrix
# rows: 1
# columns: 359
 50.0 50.0 50.0 50.0 50.0 50.0 50.0 50.0 50.0 50.0 50.0 50.0 50.0 50.0 50.0 50.0 50.0 50.0 50.0 50.0 50.0 50.0 50.0 50.0 50.0 50.0 50.0 50.0 50.0 50.0 50.0 50.0 50.0 50.0 50.0 50.0 50.0 50.0 50.0 50.0 50.0 50.0 50.0 50.0 50.0 50.0 50.0 50.0 50.0 50.0 49.9 50.0 50.0 50.0 50.0 50.0 50.0 50.0 50.0 50.0 50.0 50.0 50.0 50.0 50.0 50.0 50.0 50.0 50.0 50.0 50.0 50.0 50.0 50.0 50.0 50.0 50.0 50.0 50.0 50.0 50.0 50.0 50.0 50.0 50.0 50.0 50.0 50.0 50.0 50.0 50.0 50.0 50.0 50.0 50.0 50.0 50.0 50.0 50.0 50.0 50.0 50.0 50.0 50.0 50.0 50.0 50.0 50.0 50.0 50.0 50.0 50.0 50.0 50.0 50.0 50.0 50.0 50.0 50.0 50.0 50.0 50.0 50.0 50.0 50.0 50.0 50.0 50.0 50.0 50.0 50.0 50.0 50.0 50.0 50.0 50.0 50.0 50.0 50.0 50.0 50.0 50.0 50.0 50.0 50.0 50.0 50.0 50.0 50.0 50.0 50.0 50.0 50.0 50.0 50.0 50.0 50.0 50.0 50.0 50.0 50.0 50.0 50.0 50.0 50.0 50.0 50.0 50.0 50.0 50.0 50.0 50.0 50.0 50.0 50.0 50.0 50.0 50.0 50.0 50.0 50.0 50.0 50.0 50.0 50.0 50.0 50.0 50.0 50.0 50.0 50.0 50.0 50.0 50.0 50.0 50.0 50.0 50.0 50.0 50.0 50.0 50.0 50.0 50.0 50.0 50.0 50.0 50.0 50.0 50.0 50.0 50.0 50.0 50.0 50.0 50.0 50.0 50.0 50.0 50.0 50.0 50.0 50.0 50.0 50.0 50.0 50.0 50.0 50.0 50.0 50.0 50.0 50.0 50.0 50.0 50.0 50.0 50.0 50.0 50.0 50.0 50.0 50.0 50.0 50.0 50.0 50.0 50.0 50.0 50.0 50.0 50.0 50.0 50.0 50.0 50.0 50.0 50.0 50.0 50.0 50.0 50.0 50.0 50.0 50.0 50.0 50.0 50.0 50.0 50.0 50.0 50.0 50.0 50.0 50.0 50.0 50.0 50.0 50.0 50.0 50.0 50.0 50.0 50.0 50.0 50.0 50.0 50.0 50.0 50.0 50.0 50.0 50.0 50.0 50.0 50.0 50.0 50.0 50.0 50.0 50.0 50.0 50.0 50.0 50.0 50.0 50.0 50.0 50.0 50.0 50.0 50.0 50.0 50.0 50.0 50.0 50.0 50.0 50.0 50.0 50.0 50.0 50.0 50.0 50.0 50.0 50.0 50.0 50.0 50.0 50.0 50.0 50.0 50.0 50.0 50.0 50.0 50.0 50.0 50.0 50.0 50.0 50.0 50.0 50.0 50.0 50.0 50.0 50.0 50.0 50.0 50.0 50.0 50.0 50.0 50.0 50.0 50.0 50.0 
# name: reacPower
# type: matrix
# rows: 1
# columns: 359
 -7.039 -7.039 -7.039 -7.039 -6.935 -7.039 -7.039 -7.039 -6.935 -7.142 -7.039 -7.039 -7.039 -7.039 -7.039 -7.039 -7.039 -7.039 -7.039 -7.039 -7.142 -7.039 -7.039 -6.935 -7.039 -7.039 -7.039 -7.039 -7.039 -7.039 -7.039 -7.039 -7.142 -7.142 -7.142 -7.142 -7.142 -7.142 -7.142 -7.142 -7.142 -7.142 -7.142 -7.142 -7.142 -7.142 -7.142 -7.142 -7.142 -7.142 -7.142 -7.142 -7.142 -7.142 -7.142 -7.142 -7.142 -7.142 -7.142 -7.142 -7.142 -7.142 -7.039 -7.039 -7.039 -7.039 -7.039 -7.039 -7.039 -7.039 -7.039 -7.039 -7.039 -7.039 -7.039 -7.039 -6.935 -7.039 -7.039 -7.039 -6.935 -7.039 -6.935 -6.935 -6.935 -6.935 -6.935 -7.039 -6.935 -7.039 -6.935 -6.935 -6.935 -6.935 -6.935 -6.935 -6.935 -6.935 -6.935 -6.935 -6.935 -6.935 -6.935 -7.039 -7.039 -6.935 -6.935 -6.935 -7.039 -6.935 -6.935 -6.935 -6.935 -6.832 -6.832 -6.832 -6.935 -6.832 -6.935 -6.935 -6.935 -6.935 -7.039 -6.935 -6.935 -7.039 -6.935 -6.935 -6.935 -6.935 -7.039 -6.935 -6.935 -6.935 -6.935 -6.935 -6.935 -6.832 -6.935 -6.935 -6.935 -6.935 -6.935 -6.832 -6.935 -6.832 -6.832 -6.832 -6.935 -6.935 -6.935 -6.935 -6.935 -6.935 -6.935 -6.935 -6.935 -6.935 -6.935 -6.935 -6.832 -6.935 -6.935 -6.935 -6.935 -7.039 -6.935 -6.935 -6.935 -6.935 -6.935 -6.935 -6.935 -6.935 -6.935 -6.935 -6.935 -7.039 -6.935 -6.935 -6.935 -7.039 -6.935 -6.935 -6.832 -6.832 -6.832 -6.832 -6.832 -6.935 -6.832 -6.832 -6.935 -7.039 -7.039 -7.039 -7.039 -7.142 -6.935 -7.142 -7.039 -7.039 -7.039 -7.039 -7.039 -6.935 -6.935 -7.039 -7.039 -6.935 -7.039 -7.039 -7.039 -7.039 -7.039 -7.039 -7.039 -7.039 -7.039 -7.039 -7.039 -7.142 -7.039 -7.142 -7.142 -7.039 -7.039 -7.039 -7.039 -7.039 -7.039 -7.039 -7.039 -7.039 -7.039 -7.039 -7.142 -7.039 -7.142 -7.142 -7.142 -7.142 -7.142 -7.142 -7.142 -7.142 -7.142 -7.142 -7.142 -7.246 -7.142 -7.246 -7.246 -7.246 -7.142 -7.142 -7.142 -7.039 -7.039 -7.039 -7.039 -7.039 -7.039 -7.039 -7.142 -7.142 -7.039 -7.039 -7.142 -7.142 -7.142 -7.039 -7.142 -7.142 -7.142 -7.142 -7.039 -7.039 -7.039 -7.142 -7.142 -7.142 -7.142 -7.142 -7.142 -7.142 -7.142 -7.142 -7.142 -7.142 -7.246 -7.142 -7.142 -7.142 -7.039 -7.142 -7.142 -7.142 -7.142 -7.142 -7.142 -7.142 -7.039 -7.349 -7.764 -7.764 -7.764 -7.764 -7.764 -7.764 -7.764 -7.764 -7.764 -7.764 -7.764 -7.764 -7.764 -7.556 -6.935 -7.039 -7.039 -7.039 -7.039 -7.039 -7.039 -7.039 -7.142 -7.142 -7.142 -7.142 -7.246 -7.246 -7.246 -7.246 -7.349 -7.246 -7.349 -7.246 -7.246 -7.246 -7.246 -7.246 -7.246 -7.246 -7.246 -7.246 -7.142 -7.142 -7.246 -7.246 -7.246 -7.142 -7.246 -7.246 -7.246 -7.246 -7.246 -7.246 -7.349 
