# name: phAngle
# type: matrix
# rows: 1
# columns: 359
 351 351 351 351 351 351 351 351 351 351 351 351 351 351 351 351 351 351 350 350 350 350 350 350 350 350 350 350 350 350 350 350 350 350 350 350 350 350 350 350 350 350 350 346 350 350 350 350 350 350 350 346 350 350 350 346 350 350 350 350 350 350 350 350 350 350 350 350 346 346 350 350 350 346 346 346 350 350 350 346 346 350 350 347 351 347 347 347 347 351 351 351 351 351 351 351 351 351 351 350 350 350 350 350 350 350 350 350 350 350 346 346 346 346 346 350 350 271 271 271 271 271 271 271 271 271 271 271 271 271 271 271 271 271 271 271 271 271 271 271 271 271 271 271 271 271 271 271 271 271 271 271 271 271 271 271 271 271 271 271 271 271 271 271 271 272 346 346 346 346 346 346 346 346 346 346 346 346 346 346 346 346 346 346 346 346 346 346 346 350 346 346 346 346 346 346 346 346 350 350 346 346 346 350 346 350 350 350 350 350 350 350 350 350 350 350 350 346 350 346 346 346 346 346 350 346 350 346 346 346 346 346 346 346 346 346 350 350 350 350 350 347 350 350 350 350 350 346 350 350 350 350 346 350 350 350 350 350 350 350 350 350 350 346 350 346 346 346 346 346 346 350 350 350 350 350 350 350 350 350 351 351 351 347 351 347 347 351 351 351 351 347 347 351 347 347 351 347 347 347 347 347 347 347 347 347 347 347 346 350 346 346 346 346 346 346 346 346 346 346 346 346 346 346 346 346 346 346 346 346 346 346 346 346 346 346 346 346 346 346 346 346 346 346 346 346 346 346 346 346 346 346 346 346 346 346 346 346 346 
# name: freq
# type: matrix
# rows: 1
# columns: 359
 50.0 50.0 50.0 50.0 50.0 50.0 50.0 50.0 50.0 50.0 50.0 50.0 50.0 50.0 50.0 50.0 50.0 50.0 50.0 50.0 50.0 50.0 50.0 50.0 50.0 50.0 50.0 50.0 50.0 50.0 50.0 50.0 50.0 50.0 50.0 50.0 50.0 50.0 50.0 50.0 50.0 50.0 50.0 50.0 50.0 50.0 50.0 50.0 50.0 50.0 50.0 50.0 50.0 50.0 50.0 50.0 50.0 50.0 50.0 50.0 50.0 50.0 50.0 50.0 50.0 50.0 50.0 50.0 50.0 50.0 50.0 50.0 50.0 50.0 50.0 50.0 50.0 50.0 50.0 50.0 50.0 50.0 50.0 50.0 50.0 50.0 50.0 50.0 50.0 50.0 50.0 50.0 50.0 50.0 50.0 50.0 50.0 50.0 50.0 50.0 50.0 50.0 50.0 50.0 50.0 50.0 50.0 50.0 50.0 50.0 50.0 50.0 50.0 50.0 50.0 50.0 50.0 50.0 50.0 50.0 50.0 50.0 50.0 50.0 50.0 50.0 50.0 50.0 50.0 50.0 50.0 50.0 50.0 50.0 50.0 50.0 50.0 50.0 50.0 50.0 50.0 50.0 50.0 50.0 50.0 50.0 50.0 50.0 50.0 50.0 50.0 50.0 50.0 50.0 50.0 50.0 50.0 50.0 50.0 50.0 50.0 50.0 50.0 50.0 50.0 50.0 50.0 50.0 50.0 50.0 50.0 50.0 50.0 50.0 50.0 50.0 50.0 50.0 50.0 50.0 50.0 50.0 50.0 50.0 50.0 50.0 50.0 50.0 50.0 50.0 49.9 50.0 50.0 49.9 49.9 50.0 50.0 50.0 50.0 50.0 50.0 50.0 50.0 50.0 50.0 50.0 50.0 50.0 50.0 50.0 50.0 50.0 50.0 50.0 50.0 50.0 50.0 50.0 50.0 50.0 50.0 50.0 50.0 50.0 50.0 50.0 50.0 50.0 50.0 50.0 50.0 50.0 50.0 50.0 50.0 49.9 50.0 50.0 50.0 50.0 50.0 50.0 50.0 50.0 50.0 50.0 50.0 50.0 50.0 50.0 50.0 50.0 50.0 50.0 50.0 50.0 50.0 50.0 50.0 50.0 50.0 50.0 50.0 50.0 50.0 50.0 50.0 50.0 50.0 50.0 50.0 50.0 50.0 50.0 50.0 50.0 50.0 50.0 50.0 50.0 50.0 50.0 50.0 50.0 50.0 50.0 50.0 50.0 50.0 50.0 50.0 50.0 50.0 50.0 50.0 50.0 50.0 50.0 50.0 50.0 50.0 50.0 50.0 50.0 50.0 50.0 50.0 50.0 50.0 50.0 50.0 50.0 50.0 50.0 50.0 50.0 50.0 50.0 50.0 50.0 50.0 50.0 50.0 50.0 50.0 50.0 50.0 50.0 50.0 50.0 50.0 50.0 50.0 50.0 50.0 50.0 50.0 50.0 50.0 50.0 50.0 50.0 50.0 50.0 50.0 50.0 50.0 50.0 50.0 50.0 50.0 50.0 50.0 50.0 50.0 50.0 50.0 50.0 50.0 
# name: reacPower
# type: matrix
# rows: 1
# columns: 359
 -5.797 -5.9 -5.797 -5.9 -5.59 -5.59 -5.693 -5.9 -5.797 -5.797 -5.797 -5.9 -5.797 -5.797 -5.693 -5.59 -5.59 -5.693 -5.797 -5.9 -6.004 -6.004 -6.107 -5.9 -5.9 -5.9 -5.693 -5.59 -5.59 -5.59 -5.693 -5.693 -5.797 -5.693 -5.693 -5.9 -5.797 -5.797 -5.797 -5.797 -5.693 -5.693 -5.797 -6.211 -6.107 -6.004 -6.004 -5.9 -5.9 -6.107 -6.107 -6.211 -6.004 -5.9 -6.004 -6.107 -5.9 -6.004 -5.9 -6.004 -5.9 -5.9 -5.9 -5.9 -5.9 -5.9 -6.004 -6.004 -6.211 -6.107 -6.107 -6.004 -6.107 -6.211 -6.107 -6.211 -6.107 -6.107 -6.107 -6.107 -6.211 -6.107 -6.107 -6.211 -6.107 -6.211 -6.314 -6.211 -6.211 -5.9 -5.9 -6.107 -6.004 -5.9 -5.797 -5.9 -5.9 -5.9 -5.797 -5.797 -5.693 -5.797 -5.797 -5.9 -5.9 -6.004 -5.9 -5.9 -6.004 -6.107 -6.211 -6.107 -6.211 -6.211 -6.211 -6.107 -6.107 -7.66 -7.66 -7.66 -7.66 -7.66 -7.66 -7.66 -7.66 -7.66 -7.66 -7.66 -7.556 -7.66 -7.66 -7.66 -7.66 -7.66 -7.66 -7.66 -7.66 -7.66 -7.556 -7.556 -7.556 -7.556 -7.556 -7.556 -7.556 -7.453 -7.453 -7.453 -7.556 -7.556 -7.453 -7.556 -7.556 -7.453 -7.556 -7.66 -7.764 -7.764 -7.764 -7.764 -7.764 -7.867 -7.764 -7.764 -7.867 -7.764 -6.418 -6.314 -6.521 -6.521 -6.418 -6.314 -6.314 -6.418 -6.211 -6.314 -6.211 -6.314 -6.211 -6.211 -6.211 -6.314 -6.314 -6.107 -6.211 -6.107 -6.314 -6.521 -6.211 -6.004 -6.211 -6.211 -6.211 -6.314 -6.314 -6.211 -6.211 -6.314 -6.107 -6.107 -6.211 -6.211 -6.211 -6.107 -6.314 -6.107 -5.9 -6.004 -6.004 -6.004 -6.004 -6.107 -6.004 -6.004 -6.107 -6.107 -6.004 -6.211 -6.107 -6.211 -6.107 -6.211 -6.211 -6.211 -6.107 -6.211 -6.107 -6.107 -6.211 -6.314 -6.211 -6.211 -6.211 -6.211 -6.211 -6.211 -6.107 -6.107 -6.107 -6.107 -6.107 -6.211 -6.107 -6.107 -6.107 -6.004 -6.004 -6.107 -6.107 -6.107 -6.107 -6.107 -6.107 -6.107 -6.107 -6.107 -6.004 -6.004 -6.004 -6.004 -6.004 -6.107 -6.107 -6.211 -6.107 -6.211 -6.314 -6.314 -6.211 -6.211 -6.211 -6.004 -6.107 -6.107 -6.107 -6.107 -6.107 -6.107 -6.004 -6.004 -6.107 -6.107 -6.107 -6.211 -6.107 -6.314 -6.211 -6.107 -6.107 -6.107 -6.004 -6.211 -6.211 -6.107 -6.107 -6.211 -6.107 -6.107 -6.211 -6.314 -6.418 -6.314 -6.314 -6.211 -6.314 -6.418 -6.418 -6.314 -6.211 -6.107 -6.211 -6.211 -6.211 -6.211 -6.314 -6.314 -6.314 -6.314 -6.314 -6.314 -6.211 -6.314 -6.314 -6.314 -6.418 -6.314 -6.418 -6.418 -6.418 -6.418 -6.521 -6.418 -6.521 -6.521 -6.418 -6.418 -6.418 -6.418 -6.314 -6.418 -6.314 -6.314 -6.314 -6.314 -6.314 -6.314 -6.314 -6.211 -6.314 -6.314 -6.314 -6.314 -6.314 -6.314 -6.418 -6.418 -6.418 -6.211 -6.314 
