# name: phAngle
# type: matrix
# rows: 1
# columns: 358
 341 341 341 341 341 341 341 339 339 339 339 339 339 339 339 339 339 339 339 339 339 339 339 339 339 339 339 339 339 339 339 339 339 339 339 339 339 339 339 339 339 339 339 339 339 339 339 339 339 339 339 339 339 339 339 339 339 339 339 339 339 339 339 339 339 339 339 339 339 339 339 341 339 339 339 339 339 339 339 339 339 339 339 339 339 339 339 339 339 339 339 339 339 339 339 339 339 339 339 339 339 339 339 339 339 339 339 339 339 339 339 339 339 339 339 339 339 339 339 339 339 339 339 339 339 339 339 339 339 339 339 339 339 339 339 339 339 339 339 339 339 339 339 339 339 339 339 339 339 339 339 339 339 339 339 339 339 339 339 339 339 339 339 339 339 339 339 339 339 339 339 339 339 339 339 339 339 339 339 339 339 339 339 339 339 272 272 272 337 339 339 339 339 339 339 339 339 339 339 339 339 339 339 339 339 339 339 339 339 339 339 339 339 339 339 339 339 339 339 339 339 339 339 339 339 339 339 339 339 339 339 339 339 339 339 339 339 339 339 339 339 339 339 339 339 339 339 339 339 339 339 339 339 339 339 339 339 339 339 339 339 339 339 339 339 271 271 271 271 271 271 271 271 271 271 271 271 271 271 339 339 339 339 339 339 339 339 339 339 339 339 333 333 333 339 333 339 333 339 339 339 339 339 339 339 339 339 339 339 339 339 271 271 315 339 339 339 339 339 339 339 339 339 339 339 339 339 339 339 339 339 339 339 339 339 339 339 339 339 339 341 341 341 341 341 341 341 341 339 339 339 339 339 339 341 341 341 341 
# name: freq
# type: matrix
# rows: 1
# columns: 358
 50.0 50.0 50.0 50.0 50.0 50.0 50.0 50.0 50.0 50.0 50.0 50.0 50.0 50.0 50.0 50.0 50.0 50.0 50.0 50.0 50.0 50.0 50.0 50.0 50.0 50.0 50.0 50.0 50.0 50.0 50.0 50.0 50.0 50.0 50.0 50.0 50.0 50.0 50.0 50.0 50.0 50.0 50.0 50.0 50.0 50.0 50.0 50.0 50.0 50.0 50.0 50.0 50.0 50.0 50.0 50.0 50.0 50.0 50.0 50.0 50.0 50.0 50.0 50.0 50.0 50.0 50.0 50.0 50.0 50.0 50.0 50.0 50.0 50.0 50.0 50.0 50.0 50.0 50.0 50.0 50.0 50.0 50.0 50.0 50.0 50.0 50.0 50.0 50.0 50.0 50.0 50.0 50.0 50.0 50.0 50.0 50.0 50.0 50.0 50.0 50.0 50.0 50.0 50.0 50.0 50.0 50.0 50.0 50.0 50.0 50.0 50.0 50.0 50.0 50.0 50.0 50.0 50.0 50.0 50.0 50.0 50.0 50.0 50.0 50.0 50.0 50.0 50.0 50.0 50.0 50.0 50.0 50.0 50.0 50.0 50.0 50.0 50.0 50.0 50.0 50.0 50.0 50.0 50.0 50.0 50.0 50.0 50.0 50.0 50.0 50.0 50.0 50.0 50.0 50.0 50.0 50.0 50.0 50.0 50.0 50.0 50.0 50.0 50.0 50.0 50.0 50.0 50.0 50.0 50.0 50.0 50.0 50.0 50.0 50.0 50.0 50.0 50.0 50.0 50.0 50.0 50.0 50.0 50.0 50.0 50.0 50.0 50.0 50.0 50.0 50.0 50.0 50.0 50.0 50.0 50.0 50.0 50.0 50.0 50.0 50.0 50.0 50.0 50.0 50.0 50.0 50.0 50.0 50.0 50.0 50.0 50.0 50.0 50.0 50.0 50.0 50.0 50.0 50.0 50.0 50.0 50.0 50.0 50.0 50.0 50.0 50.0 50.0 50.0 50.0 50.0 50.0 50.0 50.0 50.0 50.0 50.0 50.0 50.0 50.0 50.0 50.0 50.0 50.0 50.0 50.0 50.0 50.0 50.0 50.0 50.0 50.0 50.0 50.0 50.0 50.0 50.0 50.0 50.0 50.0 50.0 50.0 50.0 50.0 50.0 50.0 50.0 50.0 50.0 50.0 50.0 50.0 50.0 50.0 50.0 50.0 50.0 50.0 50.0 50.0 50.0 50.0 50.0 50.0 50.0 50.0 50.0 50.0 50.0 50.0 50.0 50.0 50.0 50.0 50.0 50.0 50.0 50.0 50.0 50.0 50.0 50.0 50.0 50.0 50.0 50.0 50.0 50.0 50.0 50.0 50.0 50.0 50.0 50.0 50.0 50.0 50.0 50.0 50.0 50.0 50.0 50.0 50.0 50.0 50.0 50.0 50.0 50.0 50.0 50.0 50.0 50.0 50.0 50.0 50.0 50.0 50.0 50.0 50.0 50.0 50.0 50.0 50.0 50.0 50.0 50.0 50.0 50.0 50.0 50.0 50.0 50.0 50.0 50.0 50.0 50.0 50.0 50.0 
# name: reacPower
# type: matrix
# rows: 1
# columns: 358
 -7.349 -7.349 -7.349 -7.349 -7.349 -7.453 -7.349 -7.142 -7.142 -7.246 -7.246 -7.142 -7.142 -7.142 -7.039 -7.142 -7.142 -7.142 -7.039 -7.142 -7.039 -7.142 -7.142 -7.039 -7.039 -7.142 -7.039 -7.142 -7.142 -7.039 -7.039 -7.039 -7.039 -6.935 -6.935 -6.935 -7.039 -7.039 -7.039 -7.039 -7.039 -7.142 -7.142 -7.142 -7.039 -7.039 -7.039 -7.039 -7.142 -7.039 -7.039 -7.039 -7.039 -7.039 -7.142 -7.039 -7.039 -7.039 -7.142 -7.142 -7.246 -7.246 -7.453 -7.246 -7.349 -7.349 -7.246 -7.246 -7.453 -7.349 -7.453 -7.556 -7.349 -7.349 -7.349 -7.246 -7.246 -7.246 -7.246 -7.246 -7.246 -7.349 -7.246 -7.246 -7.246 -7.246 -7.349 -7.246 -7.246 -7.349 -7.349 -7.349 -7.349 -7.349 -7.349 -7.349 -7.246 -7.349 -7.246 -7.246 -7.349 -7.246 -7.349 -7.349 -7.349 -7.349 -7.453 -7.349 -7.349 -7.246 -7.246 -7.349 -7.453 -7.349 -7.349 -7.453 -7.349 -7.453 -7.349 -7.349 -7.349 -7.453 -7.453 -7.453 -7.453 -7.453 -7.453 -7.453 -7.453 -7.453 -7.453 -7.453 -7.453 -7.453 -7.453 -7.453 -7.453 -7.453 -7.453 -7.453 -7.453 -7.453 -7.349 -7.453 -7.453 -7.453 -7.453 -7.453 -7.453 -7.453 -7.556 -7.556 -7.453 -7.453 -7.556 -7.453 -7.453 -7.453 -7.556 -7.453 -7.453 -7.453 -7.556 -7.556 -7.556 -7.556 -7.556 -7.556 -7.556 -7.556 -7.556 -7.556 -7.453 -7.556 -7.556 -7.556 -7.556 -7.453 -7.556 -7.556 -7.556 -7.556 -7.556 -7.453 -7.556 -8.178 -8.178 -8.178 -7.764 -7.556 -7.556 -7.556 -7.556 -7.453 -7.453 -7.453 -7.453 -7.349 -7.453 -7.453 -7.453 -7.556 -7.453 -7.453 -7.453 -7.453 -7.453 -7.453 -7.556 -7.453 -7.453 -7.556 -7.453 -7.453 -7.556 -7.453 -7.453 -7.349 -7.349 -7.453 -7.556 -7.556 -7.556 -7.453 -7.453 -7.453 -7.556 -7.453 -7.453 -7.556 -7.66 -7.556 -7.556 -7.66 -7.66 -7.66 -7.556 -7.556 -7.453 -7.556 -7.556 -7.556 -7.556 -7.556 -7.556 -7.556 -7.556 -7.556 -7.556 -7.556 -7.556 -7.66 -7.66 -7.764 -7.66 -7.556 -7.66 -7.66 -7.66 -7.764 -7.764 -7.66 -7.66 -7.66 -7.66 -8.281 -8.281 -8.385 -8.281 -8.385 -8.281 -8.385 -8.281 -8.281 -8.281 -8.281 -8.281 -8.281 -8.281 -7.867 -7.971 -7.971 -7.971 -7.971 -7.971 -8.178 -8.178 -8.178 -8.178 -8.178 -8.178 -8.178 -8.178 -8.178 -8.178 -8.281 -8.178 -8.178 -8.178 -8.178 -8.178 -8.074 -8.178 -8.074 -8.074 -8.178 -8.178 -8.178 -8.178 -8.178 -8.074 -8.281 -8.281 -7.66 -7.867 -7.867 -7.764 -7.764 -7.764 -7.867 -7.764 -7.764 -7.764 -7.867 -7.764 -7.867 -7.971 -7.867 -7.971 -7.971 -7.971 -7.867 -7.971 -7.764 -7.764 -7.867 -7.867 -7.867 -7.764 -7.867 -7.971 -7.867 -7.867 -8.074 -7.971 -8.074 -7.971 -7.971 -7.971 -7.971 -7.971 -7.971 -7.971 -7.867 -8.074 -8.074 -8.074 -8.178 
