# name: phAngle
# type: matrix
# rows: 1
# columns: 359
 273 273 273 273 273 273 273 273 273 273 273 273 273 273 273 273 273 273 273 273 273 273 273 273 273 273 273 273 273 273 273 273 273 273 273 273 273 273 273 273 273 347 347 347 347 347 347 347 347 347 347 347 347 347 347 347 347 347 347 347 347 347 347 347 347 347 347 347 347 347 347 347 347 347 347 347 347 347 347 347 347 347 347 347 347 347 347 347 347 347 347 347 347 347 347 347 347 347 347 347 347 347 347 347 347 347 347 347 347 347 347 347 347 347 347 347 347 347 347 347 347 347 347 347 347 347 347 347 347 347 347 347 347 347 347 344 347 347 347 347 347 347 347 347 347 347 347 347 347 347 347 347 347 347 347 347 347 347 347 347 347 344 347 347 347 347 344 347 347 347 347 347 347 347 347 347 344 344 347 344 347 347 347 347 344 344 344 347 347 347 347 347 347 344 347 344 344 347 347 347 347 347 347 347 347 347 347 347 347 347 347 347 347 347 347 347 347 347 347 347 347 347 347 347 347 347 347 347 347 347 347 347 273 273 329 347 347 347 347 347 347 347 347 347 347 347 347 347 347 347 347 344 347 347 347 347 347 347 347 347 347 347 347 347 347 347 347 347 347 347 347 344 347 347 347 347 347 347 347 347 347 347 347 347 344 344 347 347 347 344 344 344 347 347 347 344 344 344 344 344 347 347 347 347 347 347 347 347 347 347 347 347 347 347 347 347 347 347 347 347 347 347 347 347 347 347 347 347 347 347 347 347 347 347 347 347 347 347 347 347 347 347 347 347 347 347 347 347 347 347 347 347 347 347 347 347 347 347 347 
# name: freq
# type: matrix
# rows: 1
# columns: 359
 50.0 50.0 50.0 50.0 50.0 50.0 50.0 50.0 50.0 50.0 50.0 50.0 50.0 50.0 50.0 50.0 50.0 50.0 50.0 50.0 50.0 50.0 50.0 50.0 50.0 50.0 50.0 50.0 50.0 50.0 50.0 50.0 50.0 50.0 50.0 50.0 50.0 50.0 50.0 50.0 50.0 50.0 50.0 50.0 50.0 50.0 50.0 50.0 50.0 50.0 50.0 50.0 50.0 50.0 50.0 50.0 50.0 50.0 50.0 50.0 50.0 50.0 50.0 50.0 50.0 50.0 50.0 50.0 50.0 50.0 50.0 50.0 50.0 50.0 50.0 50.0 50.0 50.0 50.0 50.0 50.0 50.0 50.0 50.0 50.0 50.0 50.0 50.0 50.0 50.0 50.0 50.0 50.0 50.0 50.0 50.0 50.0 50.0 50.0 50.0 50.0 50.0 50.0 50.0 50.0 50.0 50.0 50.0 50.0 50.0 50.0 50.0 50.0 50.0 50.0 50.0 50.0 50.0 50.0 50.0 50.0 50.0 50.0 50.0 50.0 50.0 50.0 50.0 50.0 50.0 50.0 50.0 50.0 50.0 50.0 50.0 50.0 50.0 50.0 50.0 50.0 50.0 50.0 50.0 50.0 50.0 50.0 50.0 50.0 50.0 50.0 50.0 50.0 50.0 50.0 50.0 50.0 50.0 50.0 50.0 50.0 50.0 50.0 50.0 50.0 50.0 50.0 50.0 50.0 50.0 50.0 50.0 50.0 50.0 50.0 50.0 50.0 50.0 50.0 50.0 50.0 50.0 50.0 50.0 50.0 50.0 50.0 50.0 50.0 50.0 50.0 50.0 50.0 49.9 50.0 50.0 50.0 50.0 49.9 50.0 49.9 50.0 50.0 50.0 50.0 50.0 50.0 50.0 50.0 50.0 50.0 50.0 50.0 50.0 50.0 50.0 50.0 50.0 50.0 50.0 50.0 50.0 50.0 50.0 50.0 50.0 50.0 50.0 50.0 50.0 50.0 50.0 50.0 50.0 50.0 50.0 50.0 50.0 50.0 50.0 50.0 50.0 50.0 50.0 50.0 50.0 50.0 50.0 50.0 50.0 50.0 50.0 50.0 50.0 50.0 50.0 50.0 50.0 50.0 50.0 50.0 50.0 50.0 50.0 50.0 50.0 50.0 50.0 50.0 50.0 50.0 50.0 50.0 50.0 50.0 50.0 50.0 50.0 50.0 50.0 50.0 50.0 50.0 50.0 50.0 50.0 50.0 50.0 50.0 50.0 50.0 50.0 50.0 50.0 50.0 50.0 50.0 50.0 50.0 50.0 50.0 50.0 50.0 50.0 50.0 50.0 50.0 50.0 50.0 50.0 50.0 50.0 50.0 50.0 50.0 50.0 50.0 50.0 50.0 50.0 50.0 50.0 50.0 50.0 50.0 50.0 50.0 50.0 50.0 50.0 50.0 50.0 50.0 50.0 50.0 50.0 50.0 50.0 50.0 50.0 50.0 50.0 50.0 50.0 50.0 50.0 50.0 50.0 50.0 50.0 50.0 50.0 50.0 50.0 50.0 50.0 50.0 50.0 50.0 
# name: reacPower
# type: matrix
# rows: 1
# columns: 359
 -9.213 -9.213 -9.316 -9.316 -9.316 -9.316 -9.316 -9.213 -9.316 -9.213 -9.213 -9.213 -9.316 -9.316 -9.213 -9.213 -9.316 -9.316 -9.316 -9.316 -9.316 -9.316 -9.316 -9.316 -9.316 -9.316 -9.316 -9.316 -9.316 -9.316 -9.316 -9.316 -9.316 -9.316 -9.316 -9.316 -9.316 -9.316 -9.316 -9.316 -9.316 -9.523 -9.834 -10.041 -10.041 -9.937 -9.834 -10.041 -9.937 -9.73 -9.937 -9.937 -10.041 -9.73 -9.937 -10.041 -9.937 -9.73 -9.834 -9.627 -9.937 -10.041 -9.937 -9.937 -10.144 -10.144 -10.144 -9.834 -10.041 -9.73 -10.144 -9.834 -10.041 -9.937 -9.937 -9.834 -9.937 -9.937 -9.937 -10.041 -10.041 -10.041 -9.834 -9.834 -10.144 -9.937 -9.834 -10.248 -9.73 -9.73 -9.73 -9.42 -9.937 -9.834 -9.937 -9.937 -9.834 -9.937 -9.834 -9.627 -9.73 -9.834 -10.041 -9.834 -9.834 -9.937 -9.834 -9.834 -9.937 -10.041 -10.144 -9.834 -10.041 -10.248 -10.041 -10.144 -10.041 -9.73 -10.041 -10.144 -10.041 -9.834 -9.73 -9.937 -10.144 -9.73 -10.144 -10.248 -10.041 -9.834 -9.937 -9.937 -10.144 -9.834 -10.041 -10.352 -9.834 -9.834 -10.041 -9.73 -9.73 -9.937 -10.041 -9.73 -10.144 -9.73 -9.834 -10.041 -9.627 -9.937 -9.73 -10.041 -10.041 -10.041 -9.73 -10.041 -9.937 -10.248 -10.144 -10.041 -10.248 -10.352 -10.144 -9.937 -9.937 -9.937 -10.455 -10.248 -10.248 -10.144 -10.041 -10.041 -10.144 -10.041 -10.041 -9.937 -10.248 -10.248 -10.144 -10.352 -9.937 -10.144 -10.041 -9.937 -10.248 -10.352 -10.248 -10.041 -9.937 -10.041 -10.248 -9.937 -10.144 -10.248 -10.248 -10.248 -10.248 -9.834 -9.834 -9.937 -10.144 -9.834 -9.834 -9.834 -9.937 -10.248 -9.834 -9.937 -9.834 -10.144 -10.144 -10.041 -10.144 -9.834 -9.834 -10.144 -10.144 -10.041 -9.834 -10.144 -9.937 -9.834 -9.73 -9.937 -9.834 -10.144 -9.73 -10.041 -10.248 -10.041 -10.041 -9.834 -9.213 -9.213 -7.867 -9.834 -10.041 -9.834 -9.834 -10.144 -10.144 -10.041 -9.937 -9.937 -10.041 -9.73 -9.937 -10.041 -10.144 -10.248 -10.248 -10.352 -10.041 -10.144 -9.937 -10.144 -10.041 -9.73 -10.144 -9.834 -9.937 -9.834 -9.937 -10.041 -10.144 -10.041 -10.144 -10.144 -10.144 -9.937 -10.041 -10.248 -10.144 -10.144 -9.73 -10.144 -9.937 -10.144 -10.041 -10.144 -9.834 -9.834 -10.248 -10.248 -10.455 -10.455 -10.248 -10.041 -10.144 -10.352 -10.248 -10.248 -10.041 -10.144 -10.248 -10.352 -10.352 -10.352 -10.352 -10.352 -10.144 -10.144 -10.144 -10.144 -10.144 -10.041 -10.041 -10.248 -10.144 -9.834 -10.144 -10.248 -10.144 -10.144 -10.041 -10.041 -9.834 -9.937 -10.041 -10.144 -9.937 -9.834 -9.937 -9.627 -9.523 -9.834 -9.627 -9.937 -9.73 -9.834 -9.937 -9.834 -9.834 -9.937 -9.627 -9.627 -9.834 -9.834 -9.834 -9.834 -9.73 -10.144 -9.834 -9.937 -10.041 -9.937 -10.144 -9.937 -10.041 -10.041 -9.73 -10.144 -10.144 -9.937 -9.937 -10.144 -10.248 -10.144 -10.041 
