# name: phAngle
# type: matrix
# rows: 1
# columns: 359
 339 339 341 337 272 272 273 272 272 272 273 272 272 273 272 273 272 272 272 273 272 272 272 272 272 272 272 272 272 272 272 272 272 272 272 272 272 272 272 272 272 272 272 272 272 272 336 341 341 341 341 341 341 341 341 341 336 341 341 339 341 341 341 341 341 341 341 341 341 341 341 341 341 341 341 341 339 341 341 341 341 341 341 341 341 341 341 341 341 341 341 341 341 341 341 341 341 341 341 341 341 341 341 341 341 341 341 341 336 336 341 341 341 341 341 341 341 341 341 339 339 339 339 339 339 339 339 339 339 339 339 339 339 339 339 339 339 339 339 339 339 339 339 339 339 339 339 339 339 339 339 339 339 339 339 339 339 339 339 339 339 336 341 341 341 341 341 341 341 341 341 341 341 341 341 341 336 341 341 341 341 341 341 341 341 341 341 341 341 341 341 339 339 339 339 339 339 339 339 339 339 339 339 339 339 339 339 339 339 339 339 339 339 339 339 339 339 339 339 339 339 339 339 339 339 339 339 339 339 339 339 339 339 341 341 341 341 341 341 341 341 341 341 341 341 341 341 341 341 341 341 341 341 341 341 341 341 341 341 341 341 341 341 339 339 339 339 339 339 339 339 339 339 339 339 341 341 341 341 341 341 341 341 341 341 341 341 341 341 341 341 341 341 341 336 336 341 341 341 341 341 341 341 341 341 341 341 341 341 341 341 341 341 341 341 341 341 341 341 341 341 341 336 341 336 341 341 341 341 341 341 341 341 341 341 339 339 339 339 339 339 339 339 339 339 339 339 339 339 339 339 339 339 339 272 272 272 272 272 
# name: freq
# type: matrix
# rows: 1
# columns: 359
 49.9 49.9 49.9 50.0 50.0 50.0 50.0 50.0 50.0 50.0 50.0 50.0 50.0 50.0 50.0 50.0 50.0 50.0 50.0 50.0 50.0 50.0 50.0 50.0 50.0 50.0 50.0 50.0 50.0 50.0 50.0 50.0 50.0 50.0 50.0 50.0 50.0 50.0 50.0 50.0 50.0 50.0 50.0 50.0 50.0 50.0 50.0 50.0 50.0 50.0 50.0 50.0 50.0 50.0 50.0 50.0 50.0 50.0 50.0 50.0 50.0 50.0 50.0 50.0 50.0 50.0 50.0 50.0 50.0 50.0 50.0 50.0 50.0 50.0 50.0 50.0 50.0 50.0 50.0 50.0 50.0 50.0 50.0 50.0 50.0 50.0 50.0 50.0 50.0 50.0 50.0 50.0 50.0 50.0 50.0 50.0 50.0 50.0 50.0 50.0 50.0 50.0 50.0 49.9 50.0 50.0 50.0 50.0 50.0 49.9 50.0 50.0 50.0 50.0 50.0 50.0 50.0 50.0 50.0 50.0 50.0 50.0 50.0 50.0 50.0 50.0 50.0 50.0 50.0 50.0 50.0 50.0 50.0 50.0 50.0 50.0 50.0 50.0 50.0 50.0 50.0 50.0 50.0 50.0 50.0 50.0 50.0 50.0 50.0 50.0 50.0 50.0 50.0 50.0 50.0 50.0 50.0 50.0 50.0 50.0 50.0 50.0 50.0 50.0 50.0 50.0 50.0 50.0 50.0 50.0 50.0 50.0 50.0 50.0 50.0 50.0 50.0 50.0 50.0 50.0 50.0 50.0 50.0 50.0 50.0 50.0 50.0 50.0 50.0 50.0 50.0 50.0 50.0 50.0 50.0 50.0 50.0 50.0 50.0 50.0 50.0 50.0 50.0 50.0 50.0 50.0 50.0 50.0 50.0 50.0 50.0 50.0 50.0 50.0 50.0 50.0 50.0 50.0 50.0 50.0 50.0 50.0 50.0 50.0 50.0 50.0 50.0 50.0 50.0 50.0 50.0 50.0 50.0 50.0 50.0 50.0 50.0 50.0 50.0 50.0 50.0 50.0 50.0 50.0 50.0 50.0 50.0 50.0 50.0 50.0 50.0 50.0 50.0 50.0 50.0 50.0 50.0 50.0 50.0 50.0 50.0 50.0 50.0 50.1 50.0 50.0 50.0 50.0 50.0 50.0 50.0 50.0 50.0 50.0 50.0 50.0 50.0 50.0 50.0 50.0 50.0 50.0 50.0 50.0 50.0 50.0 50.0 50.0 50.0 50.0 50.0 50.0 50.0 50.0 50.0 50.0 50.0 50.0 50.0 50.0 50.0 50.0 50.0 50.0 50.0 50.0 50.0 50.0 50.0 50.0 50.0 50.0 50.0 50.0 50.0 50.0 50.0 50.0 50.0 50.0 50.0 50.0 50.0 50.0 50.0 50.0 50.0 50.0 50.0 50.0 50.0 50.0 50.0 50.0 50.0 50.0 50.0 50.0 50.0 50.0 50.0 50.0 50.0 50.0 50.0 50.0 50.0 50.0 50.0 50.0 50.0 50.0 50.0 50.0 50.0 50.0 50.0 50.0 50.0 
# name: reacPower
# type: matrix
# rows: 1
# columns: 359
 -6.557 -6.661 -6.765 -6.557 -7.389 -7.389 -7.389 -7.389 -7.389 -7.389 -7.389 -7.389 -7.389 -7.389 -7.389 -7.389 -7.389 -7.389 -7.389 -7.389 -7.389 -7.389 -7.389 -7.389 -7.389 -7.389 -7.389 -7.389 -7.389 -7.389 -7.389 -7.389 -7.389 -7.389 -7.389 -7.389 -7.285 -7.285 -7.389 -7.285 -7.285 -7.389 -7.285 -7.389 -7.285 -7.285 -8.014 -6.765 -6.869 -6.869 -6.869 -6.765 -6.661 -6.973 -6.765 -6.765 -7.91 -6.765 -6.765 -6.661 -6.661 -6.661 -6.765 -6.765 -6.661 -6.661 -6.973 -6.661 -6.661 -6.452 -6.557 -6.661 -6.661 -7.077 -6.765 -7.389 -6.557 -6.661 -6.765 -6.765 -6.973 -7.077 -6.973 -7.077 -6.869 -7.389 -7.389 -6.973 -7.181 -6.973 -7.389 -7.077 -6.973 -7.077 -6.973 -7.077 -6.973 -6.973 -6.973 -7.597 -7.493 -7.181 -6.973 -7.389 -6.973 -7.181 -7.077 -6.973 -8.014 -8.326 -7.077 -7.701 -7.077 -7.077 -6.973 -7.077 -7.181 -7.077 -7.077 -7.285 -6.869 -6.973 -6.973 -7.077 -6.973 -7.805 -6.973 -7.389 -7.077 -7.597 -6.973 -7.077 -7.285 -6.973 -7.181 -7.077 -7.181 -7.077 -6.973 -7.181 -7.077 -7.285 -7.181 -7.181 -6.973 -7.389 -6.973 -7.285 -7.597 -7.285 -6.973 -7.077 -6.973 -6.973 -7.077 -7.077 -6.973 -7.077 -6.973 -7.077 -7.285 -8.014 -7.077 -7.181 -7.181 -7.181 -7.077 -6.973 -7.285 -6.973 -7.077 -7.181 -7.181 -7.077 -7.181 -7.181 -8.43 -7.181 -7.597 -7.181 -7.181 -7.181 -7.181 -7.285 -7.285 -7.181 -7.285 -7.493 -7.285 -7.181 -7.181 -7.077 -6.973 -7.181 -7.077 -6.973 -7.077 -7.077 -6.973 -6.973 -7.077 -7.077 -7.181 -7.077 -7.077 -7.077 -7.077 -7.077 -6.973 -7.077 -7.181 -7.077 -7.077 -7.181 -7.077 -7.077 -7.493 -7.181 -7.805 -7.181 -7.181 -7.181 -7.181 -6.973 -7.181 -7.181 -7.077 -7.285 -7.389 -7.181 -7.285 -7.181 -7.181 -7.285 -7.181 -7.493 -7.285 -7.285 -7.181 -7.285 -7.285 -7.181 -7.181 -7.181 -7.181 -7.181 -7.181 -7.181 -7.285 -7.285 -7.181 -7.181 -7.181 -7.285 -7.285 -7.285 -7.285 -7.181 -7.285 -7.285 -7.181 -7.285 -7.285 -6.973 -7.285 -7.077 -6.973 -7.077 -6.973 -6.973 -6.973 -6.973 -6.973 -6.973 -7.181 -7.181 -6.973 -7.181 -7.077 -7.077 -7.077 -7.077 -7.077 -6.973 -7.181 -7.181 -6.973 -7.181 -7.077 -7.181 -7.389 -7.181 -7.181 -7.181 -7.91 -8.014 -7.493 -7.181 -7.285 -7.285 -7.493 -7.285 -7.285 -7.285 -7.181 -7.285 -7.181 -7.493 -7.285 -7.285 -7.285 -7.285 -7.493 -7.389 -7.389 -7.389 -7.285 -7.285 -7.285 -7.805 -7.389 -7.389 -8.43 -7.389 -8.118 -7.389 -7.389 -7.389 -7.389 -7.389 -7.389 -7.597 -7.493 -7.285 -7.597 -7.181 -7.181 -7.181 -7.181 -7.285 -7.285 -7.181 -7.285 -7.389 -7.181 -7.285 -7.181 -7.077 -7.181 -7.285 -7.181 -7.181 -7.077 -7.181 -7.597 -7.597 -7.597 -7.597 -7.597 
