# name: phAngle
# type: matrix
# rows: 1
# columns: 359
 352 352 352 352 355 352 355 355 355 355 355 355 355 352 352 355 355 355 355 352 355 355 352 355 355 355 355 355 355 352 355 355 352 355 355 352 352 352 352 352 355 355 352 352 355 355 355 352 355 352 355 352 352 352 352 352 352 352 352 355 352 352 352 352 352 355 355 352 355 355 355 355 352 352 352 352 352 355 355 355 352 352 352 351 354 354 354 354 354 354 354 354 354 354 354 354 354 354 354 354 354 354 354 354 354 354 354 354 354 354 354 354 354 354 354 354 354 354 354 354 354 354 354 354 354 354 354 354 351 351 351 351 354 354 354 354 354 354 354 354 354 354 354 354 354 354 354 354 354 354 354 354 354 354 354 274 274 275 275 274 275 274 275 274 274 274 275 275 274 274 275 274 274 274 275 275 274 274 274 274 274 274 275 274 275 275 274 275 274 275 275 275 275 275 275 275 274 275 274 274 274 275 274 275 274 275 274 275 274 275 275 274 274 274 274 275 274 275 275 354 352 352 352 352 352 352 351 351 351 351 351 351 351 351 351 351 351 351 351 351 351 351 351 351 351 351 351 351 351 354 351 351 354 354 354 352 352 352 352 352 352 352 351 354 354 351 354 351 354 351 351 351 351 351 351 351 351 351 351 351 351 351 351 351 351 351 351 351 351 351 354 351 351 354 351 351 351 351 351 351 351 351 351 351 351 351 351 352 352 352 352 352 352 352 352 352 352 352 351 354 354 354 354 351 354 354 351 351 351 354 354 351 351 351 354 354 354 354 354 351 354 354 354 354 354 354 354 354 354 354 354 354 354 354 354 354 351 354 354 
# name: freq
# type: matrix
# rows: 1
# columns: 359
 50.0 50.0 50.0 50.0 50.0 50.0 50.0 50.0 50.0 50.0 50.0 50.0 50.0 50.0 50.0 49.9 50.0 50.0 50.0 50.0 50.0 50.0 50.0 50.0 50.0 50.0 50.0 50.0 50.0 50.0 50.0 50.0 50.0 50.0 50.0 50.0 50.0 50.0 50.0 50.0 50.0 50.0 50.0 50.0 50.0 50.0 50.0 50.0 50.0 50.0 50.0 50.0 50.0 50.0 50.0 50.0 50.0 50.0 50.0 50.0 50.0 50.0 50.0 50.0 50.0 50.0 50.0 50.0 50.0 50.0 50.0 50.0 50.0 50.0 50.0 50.0 50.0 50.0 50.0 50.0 50.0 50.0 50.0 50.0 49.9 50.0 50.0 50.0 50.0 49.9 50.0 50.0 50.0 50.0 50.0 50.0 50.0 50.0 50.0 50.0 50.0 50.0 50.0 50.0 50.0 50.0 50.0 50.0 49.9 50.0 50.0 50.0 50.0 50.0 50.0 50.0 50.0 50.0 50.0 50.0 50.0 50.0 50.0 50.0 50.0 50.0 50.0 50.0 50.0 50.0 50.0 50.0 50.0 50.0 50.0 50.0 50.0 50.0 50.0 50.0 50.0 50.0 50.0 50.0 50.0 50.0 50.0 50.0 50.0 50.0 50.0 50.0 50.0 50.0 50.0 50.0 50.0 50.0 50.0 50.0 50.0 50.0 50.0 50.0 50.0 50.0 50.0 50.0 50.0 50.0 50.0 50.0 50.0 50.0 50.0 50.0 50.0 50.0 50.0 50.0 50.0 50.0 50.0 50.0 50.0 50.0 50.0 50.0 50.0 50.0 50.0 50.0 50.0 50.0 50.0 50.0 50.0 50.0 50.0 50.0 50.0 50.0 50.0 50.0 50.0 50.0 50.0 50.0 50.0 50.0 50.0 50.0 50.0 50.0 50.0 50.0 50.0 50.0 50.0 50.0 50.0 50.0 50.0 50.0 50.0 50.0 50.0 50.0 50.0 50.0 50.0 50.0 50.0 50.0 50.0 50.0 50.0 50.0 50.0 50.0 50.0 50.0 50.0 50.0 50.0 50.0 50.0 50.0 50.0 50.0 50.0 49.9 50.0 50.0 50.0 50.0 50.0 50.0 50.0 50.0 50.0 50.0 50.0 50.0 50.0 50.0 50.0 50.0 50.0 50.0 50.0 50.0 50.0 50.0 50.0 50.0 50.0 50.0 50.0 50.0 50.0 50.0 50.0 50.0 50.0 50.0 50.0 50.0 50.0 50.0 50.0 50.0 50.0 50.0 50.0 50.0 50.0 50.0 50.0 50.0 50.0 50.0 50.0 50.0 50.0 50.0 50.0 50.0 50.0 50.0 50.0 50.0 50.0 50.0 50.0 50.0 50.0 50.0 50.0 50.0 50.0 50.0 50.0 50.0 50.0 50.0 50.0 50.0 50.0 50.0 50.0 50.0 50.0 50.0 50.0 50.0 50.0 50.0 50.0 50.0 50.0 50.0 50.0 50.0 50.0 50.0 50.0 50.0 50.0 50.0 50.0 50.0 50.0 50.0 50.0 50.0 50.0 50.0 50.0 
# name: reacPower
# type: matrix
# rows: 1
# columns: 359
 -6.14 -6.244 -6.452 -6.348 -5.828 -5.932 -5.724 -5.828 -5.724 -5.724 -5.724 -5.828 -5.724 -5.932 -5.932 -5.724 -5.828 -5.828 -5.828 -5.932 -5.828 -5.828 -5.932 -5.828 -5.828 -5.828 -5.828 -5.828 -5.828 -5.932 -5.828 -5.828 -5.932 -5.932 -5.828 -5.932 -5.932 -5.932 -6.036 -5.932 -5.828 -5.828 -5.932 -5.932 -5.828 -5.828 -5.828 -5.932 -5.828 -5.932 -5.828 -6.036 -6.036 -5.932 -6.036 -6.036 -6.036 -5.932 -5.932 -5.828 -5.932 -6.036 -5.932 -5.932 -5.932 -5.828 -5.828 -5.932 -5.828 -5.828 -5.828 -5.828 -5.932 -5.932 -5.932 -6.036 -5.932 -5.828 -5.932 -5.828 -6.036 -5.932 -5.932 -5.932 -5.828 -5.724 -5.724 -5.62 -5.724 -5.724 -5.62 -5.828 -5.724 -5.724 -5.724 -5.724 -5.516 -5.62 -5.62 -5.724 -5.828 -5.828 -5.724 -5.62 -5.62 -5.62 -5.516 -5.62 -5.62 -5.62 -5.62 -5.62 -5.724 -5.724 -5.724 -5.724 -5.828 -5.724 -5.724 -5.828 -5.828 -5.828 -5.724 -5.828 -5.828 -5.828 -5.828 -5.724 -6.036 -6.14 -6.036 -6.036 -5.724 -5.724 -5.724 -5.62 -5.62 -5.62 -5.724 -5.724 -5.724 -5.62 -5.724 -5.724 -5.724 -5.724 -5.828 -5.724 -5.724 -5.724 -5.516 -5.724 -5.724 -5.724 -5.724 -6.765 -6.765 -6.765 -6.765 -6.765 -6.765 -6.765 -6.765 -6.765 -6.765 -6.765 -6.765 -6.765 -6.765 -6.661 -6.661 -6.765 -6.765 -6.765 -6.765 -6.765 -6.765 -6.765 -6.661 -6.765 -6.765 -6.765 -6.765 -6.661 -6.765 -6.765 -6.765 -6.661 -6.765 -6.765 -6.765 -6.765 -6.661 -6.765 -6.661 -6.765 -6.765 -6.661 -6.765 -6.765 -6.765 -6.765 -6.765 -6.765 -6.765 -6.765 -6.765 -6.765 -6.765 -6.765 -6.765 -6.765 -6.765 -6.765 -6.765 -6.765 -6.765 -6.765 -6.765 -5.828 -6.036 -6.348 -6.244 -6.14 -6.14 -6.244 -6.244 -6.244 -6.14 -5.932 -6.036 -6.036 -5.932 -5.932 -6.036 -5.932 -6.244 -6.348 -6.036 -6.244 -6.14 -6.244 -6.244 -6.036 -6.14 -5.932 -6.036 -6.036 -6.036 -5.828 -6.036 -5.932 -5.932 -5.828 -5.828 -5.932 -6.036 -6.14 -6.14 -6.14 -6.036 -5.932 -5.932 -5.724 -5.724 -6.036 -5.828 -5.932 -5.828 -5.932 -6.14 -6.036 -6.036 -6.14 -5.932 -6.14 -6.036 -5.932 -5.932 -6.14 -6.036 -5.932 -6.14 -6.14 -5.932 -6.036 -6.244 -6.244 -6.14 -6.14 -5.828 -6.036 -6.036 -5.932 -5.932 -5.932 -6.036 -6.036 -5.932 -5.932 -6.036 -6.244 -6.348 -6.452 -6.14 -6.14 -6.244 -6.348 -6.452 -6.452 -6.14 -6.244 -6.452 -6.452 -6.348 -6.348 -6.244 -6.348 -6.348 -5.828 -5.828 -5.724 -5.828 -5.932 -5.828 -5.828 -5.932 -6.036 -5.932 -5.828 -5.932 -5.932 -6.036 -5.932 -5.828 -5.724 -5.828 -5.828 -5.828 -5.932 -5.724 -5.724 -5.828 -5.724 -5.62 -5.828 -5.724 -5.724 -5.724 -5.724 -5.724 -5.724 -5.724 -5.724 -5.828 -5.828 -6.14 -5.828 -5.828 
