# name: phAngle
# type: matrix
# rows: 1
# columns: 359
 349 349 349 349 349 349 349 349 271 271 271 350 347 347 349 349 349 347 347 349 349 347 347 349 347 347 349 347 349 349 347 347 349 347 347 349 349 349 347 347 347 347 349 349 347 349 349 347 347 347 349 349 347 347 347 347 347 347 349 347 349 347 347 347 347 349 349 347 347 347 347 349 349 349 347 347 349 349 349 347 349 347 347 347 349 349 349 347 347 347 347 349 347 349 349 347 347 347 349 347 349 349 347 347 349 347 349 347 347 349 349 349 349 349 349 349 349 349 349 349 349 349 349 349 349 349 349 349 349 349 349 349 349 349 349 349 349 349 349 349 347 349 347 349 349 347 347 347 349 347 347 347 349 347 347 349 347 347 354 349 349 347 347 347 349 347 347 347 349 347 354 354 347 347 349 347 347 347 347 347 347 349 347 347 347 349 347 347 347 347 349 347 347 347 349 347 347 349 349 347 347 347 347 349 347 349 347 347 349 347 347 349 271 271 271 271 271 271 271 271 271 271 271 271 271 271 272 271 271 271 272 271 271 271 271 271 271 271 271 271 271 271 271 271 271 271 271 271 271 271 271 271 272 272 271 271 271 271 271 271 271 271 271 271 271 271 271 349 349 349 349 349 349 349 349 349 349 349 349 349 349 349 349 354 349 349 349 349 349 349 349 349 349 349 349 349 349 349 349 349 349 349 349 349 349 349 349 349 349 349 349 349 349 349 349 349 349 349 349 349 349 349 349 349 349 349 349 349 349 349 349 349 349 349 349 349 349 349 349 349 349 349 354 349 354 349 349 349 349 349 349 349 349 349 349 349 349 349 349 
# name: freq
# type: matrix
# rows: 1
# columns: 359
 50.0 50.0 50.0 50.0 50.0 50.0 50.0 50.0 50.0 50.0 50.0 50.0 50.0 50.0 50.0 50.0 50.0 50.0 50.0 50.0 50.0 50.0 50.0 50.0 50.0 50.0 50.0 50.0 50.0 50.0 50.0 50.0 50.0 50.0 50.0 50.0 50.0 50.0 50.0 50.0 50.0 50.0 50.0 50.0 50.0 50.0 50.0 50.0 50.0 50.0 50.0 50.0 50.0 50.0 50.0 50.0 50.0 50.0 50.0 50.0 50.0 50.0 50.0 50.0 50.0 50.0 50.0 50.0 50.0 50.0 50.0 50.0 50.0 50.0 50.0 50.0 50.0 50.0 50.0 50.0 50.0 50.0 50.0 50.0 50.0 50.0 50.0 50.0 50.0 50.0 50.0 50.0 50.0 50.0 50.0 50.0 50.0 50.0 50.0 50.0 50.0 50.0 50.0 50.0 50.0 50.0 50.0 50.0 50.0 50.0 50.0 50.0 50.0 50.0 50.0 50.0 50.0 50.0 50.0 50.0 50.0 50.0 50.0 50.0 50.0 50.0 50.0 50.0 50.0 50.0 50.0 50.0 50.0 50.0 50.0 50.0 50.0 50.0 50.0 50.0 50.0 50.0 50.0 50.0 50.0 50.0 50.0 50.0 50.0 50.0 50.0 50.0 50.0 50.0 50.0 50.0 50.0 50.0 50.0 50.0 50.0 50.0 50.0 50.0 50.0 50.0 50.0 50.0 50.0 50.0 50.0 50.0 50.0 50.0 50.0 50.0 50.0 50.0 50.0 50.0 50.0 50.0 50.0 50.0 50.0 50.0 50.0 50.0 50.0 50.0 50.0 50.0 50.0 50.0 50.0 50.0 50.0 50.0 50.0 50.0 50.0 50.0 50.0 50.0 50.0 50.0 50.0 50.0 50.0 50.0 50.0 50.0 50.0 50.0 50.0 50.0 50.0 50.0 50.0 50.0 50.0 50.0 50.0 50.0 50.0 50.0 50.0 50.0 50.0 50.0 50.0 50.0 50.0 50.0 50.0 50.0 50.0 50.1 50.0 50.0 50.0 50.0 50.0 50.0 50.0 50.0 50.0 50.0 50.0 50.0 50.0 50.0 50.1 50.0 50.1 50.0 50.0 50.0 50.0 50.0 50.0 50.0 50.0 50.0 50.0 50.0 50.0 50.0 50.0 50.0 50.1 50.0 50.1 50.0 50.0 50.0 50.1 50.0 50.0 50.0 50.0 50.0 50.0 50.1 50.0 50.0 50.0 50.0 50.0 50.0 50.0 50.0 50.0 50.0 50.0 50.0 50.0 50.0 50.0 50.0 50.0 50.0 50.0 50.0 50.0 50.0 50.0 50.0 50.0 50.0 50.0 50.0 50.0 50.0 50.0 50.0 50.0 50.0 50.0 50.0 50.0 50.0 50.0 50.0 50.0 50.0 50.0 50.0 50.0 50.0 50.0 50.0 50.0 50.0 50.0 50.0 50.0 50.0 50.0 50.0 50.0 50.0 50.0 50.0 50.0 50.0 50.0 50.0 50.0 50.0 50.0 50.0 50.0 50.0 50.0 50.0 50.0 50.0 50.0 
# name: reacPower
# type: matrix
# rows: 1
# columns: 359
 -4.244 -4.244 -4.244 -4.244 -4.347 -4.554 -4.347 -4.347 -4.037 -4.037 -4.037 -3.933 -4.451 -4.347 -4.451 -4.347 -4.554 -4.347 -4.451 -4.451 -4.347 -4.347 -4.347 -4.347 -4.347 -4.347 -4.347 -4.347 -4.347 -4.347 -4.347 -4.347 -4.451 -4.451 -4.347 -4.347 -4.451 -4.451 -4.451 -4.347 -4.347 -4.451 -4.347 -4.347 -4.347 -4.347 -4.347 -4.347 -4.244 -4.244 -4.347 -4.347 -4.451 -4.14 -4.347 -4.244 -4.244 -4.244 -4.244 -4.347 -4.244 -4.244 -4.244 -4.347 -4.14 -4.451 -4.451 -4.244 -4.347 -4.244 -4.347 -4.347 -4.451 -4.347 -4.554 -4.347 -4.347 -4.554 -4.347 -4.14 -4.347 -4.244 -4.244 -4.347 -4.347 -4.244 -4.244 -4.347 -4.244 -4.14 -4.244 -4.347 -4.347 -4.347 -4.347 -4.347 -4.347 -4.347 -4.244 -4.244 -4.347 -4.347 -4.14 -4.14 -4.244 -4.244 -4.244 -4.14 -4.244 -4.244 -4.347 -4.244 -4.347 -4.244 -4.244 -4.244 -4.14 -4.244 -4.244 -4.244 -4.244 -4.244 -4.244 -4.244 -4.347 -4.244 -4.347 -4.244 -4.347 -4.347 -4.347 -4.244 -4.244 -4.244 -4.244 -4.14 -4.244 -4.347 -4.244 -4.347 -4.14 -4.244 -4.244 -4.244 -4.244 -4.244 -4.14 -4.14 -4.14 -4.14 -4.14 -4.037 -4.244 -4.037 -4.14 -4.14 -4.14 -4.037 -4.037 -4.14 -4.14 -4.14 -4.14 -4.14 -4.14 -4.14 -4.14 -4.244 -4.244 -4.037 -4.037 -4.037 -4.244 -4.14 -4.244 -4.244 -4.244 -4.14 -4.14 -4.14 -4.14 -4.14 -4.244 -4.14 -4.14 -4.244 -4.244 -4.14 -4.14 -4.244 -4.244 -4.244 -4.244 -4.347 -4.244 -4.244 -4.244 -4.347 -4.244 -4.244 -4.347 -4.14 -4.244 -4.244 -4.244 -4.244 -4.14 -4.14 -4.244 -4.244 -4.244 -4.347 -4.037 -4.037 -4.037 -4.037 -4.037 -4.037 -4.037 -4.14 -4.037 -4.037 -4.037 -4.14 -4.037 -4.037 -4.037 -4.037 -4.037 -4.037 -4.037 -4.037 -4.037 -4.037 -4.037 -4.14 -4.037 -4.037 -4.14 -4.037 -4.037 -4.037 -4.037 -4.037 -4.037 -4.037 -4.037 -4.037 -4.14 -4.037 -4.037 -4.14 -4.037 -4.037 -4.037 -4.037 -4.037 -4.037 -4.037 -4.037 -4.037 -4.037 -4.037 -4.037 -4.037 -4.037 -4.037 -4.244 -4.244 -4.244 -4.244 -4.244 -4.14 -4.347 -4.244 -4.554 -4.244 -4.554 -4.244 -4.244 -4.244 -4.244 -4.244 -4.037 -4.244 -4.14 -4.244 -4.244 -4.244 -4.244 -4.244 -4.14 -4.244 -4.244 -4.244 -4.244 -4.244 -4.14 -4.244 -4.244 -4.244 -4.244 -4.347 -4.347 -4.244 -4.244 -4.14 -4.14 -4.244 -4.244 -4.451 -4.14 -4.347 -4.14 -4.244 -4.14 -4.244 -4.244 -4.14 -4.14 -4.037 -4.14 -4.451 -4.14 -4.554 -4.14 -4.14 -4.14 -4.244 -4.244 -4.244 -4.244 -4.244 -4.244 -4.244 -4.244 -4.244 -4.244 -4.14 -4.244 -4.244 -4.14 -4.037 -4.244 -4.037 -4.14 -4.244 -4.244 -4.14 -4.14 -4.244 -4.244 -4.244 -4.14 -4.244 -4.244 -4.244 -4.14 -4.244 
