# name: phAngle
# type: matrix
# rows: 1
# columns: 359
 349 349 349 349 349 349 349 354 349 349 349 349 354 347 347 347 347 347 347 347 347 347 354 347 347 347 347 347 347 347 347 347 347 347 347 347 347 347 347 347 347 347 349 349 349 349 349 349 349 349 349 349 349 349 349 349 349 349 349 349 349 349 349 349 349 349 349 349 349 349 349 349 349 349 349 349 349 349 349 349 349 349 349 349 349 349 349 349 349 349 347 349 347 349 347 349 349 349 349 354 354 349 354 349 349 354 349 349 349 349 349 349 349 349 349 349 349 349 349 354 349 349 349 349 349 349 349 349 349 349 349 349 349 349 349 349 349 349 349 349 349 349 349 349 349 349 349 349 349 349 349 349 349 349 349 347 347 347 347 347 347 347 347 347 347 347 347 347 347 347 347 347 347 347 347 347 347 347 347 347 347 347 347 347 347 347 347 347 347 347 347 347 347 347 347 347 347 347 347 347 347 347 347 347 347 347 347 347 347 347 347 347 347 347 347 347 347 347 347 347 347 347 347 347 347 347 347 347 347 347 347 347 347 347 347 347 347 347 347 347 347 347 347 347 347 347 347 347 347 347 347 347 347 347 347 346 272 271 271 271 271 271 271 271 271 271 271 271 271 271 271 271 271 271 271 271 271 271 271 271 271 271 271 271 271 271 271 271 271 271 271 271 271 271 271 271 271 271 271 271 271 271 271 271 354 354 354 354 347 347 347 347 354 354 349 349 349 349 349 349 349 349 349 349 349 349 349 349 349 349 349 349 349 349 349 349 349 349 349 349 349 349 349 349 349 349 349 349 349 349 349 349 349 349 349 349 349 349 349 
# name: freq
# type: matrix
# rows: 1
# columns: 359
 50.0 50.0 50.0 50.0 50.0 50.0 50.0 50.0 50.0 50.0 50.0 50.0 50.0 50.0 50.0 50.0 50.0 50.0 50.0 50.0 50.0 50.0 50.0 50.0 50.0 50.0 50.0 50.0 50.0 50.0 50.0 50.0 50.0 50.0 50.0 50.0 49.9 50.0 50.0 50.0 50.0 50.0 50.0 50.0 50.0 50.0 50.0 50.0 50.0 50.0 50.0 50.0 50.0 50.0 50.0 50.0 50.0 50.0 50.0 50.0 50.0 50.0 50.0 50.0 50.0 50.0 50.0 50.0 50.0 50.0 50.0 50.0 50.0 50.0 50.0 50.0 50.0 50.0 50.0 50.0 50.0 50.0 50.0 50.0 50.0 50.0 50.0 50.0 50.0 50.0 50.0 50.0 50.0 50.0 50.0 50.0 50.0 50.0 50.0 50.0 50.0 50.0 50.0 50.0 50.0 50.0 50.0 50.0 50.0 50.0 50.0 50.0 50.0 50.0 50.0 50.0 50.0 50.0 50.0 50.0 50.0 50.0 49.9 50.0 50.0 50.0 50.0 50.0 50.0 50.0 50.0 50.0 50.0 50.0 50.0 50.0 50.0 50.0 50.0 50.0 50.0 50.0 50.0 50.0 50.0 50.0 50.0 50.0 50.0 50.0 50.0 50.0 50.0 50.0 50.0 50.0 50.0 50.0 50.0 50.0 50.0 50.0 50.0 50.0 50.0 50.0 50.0 50.0 50.0 50.0 50.0 50.0 50.0 50.0 50.0 50.0 50.0 50.0 50.0 50.0 50.0 50.0 50.0 50.0 50.0 50.0 50.0 50.0 50.0 50.0 50.0 50.0 50.0 50.0 50.0 50.0 50.0 50.0 50.0 50.0 50.0 50.0 50.0 50.0 50.0 50.0 50.0 50.0 50.0 50.0 50.0 50.0 50.0 50.0 50.0 50.0 50.0 50.0 50.0 50.0 50.0 50.0 50.0 50.0 50.0 50.0 50.0 50.0 50.0 50.0 50.0 50.0 50.0 50.0 50.0 50.0 50.0 50.0 50.0 50.0 50.0 50.0 50.0 50.0 50.0 50.0 50.0 50.1 50.1 50.1 50.1 50.1 50.1 50.1 50.1 50.0 50.1 50.1 50.0 50.1 50.0 50.0 50.0 50.0 50.0 50.0 50.0 50.0 50.0 50.0 50.0 50.0 50.0 50.0 50.0 50.0 50.0 50.0 50.0 50.0 50.0 50.0 50.0 50.0 50.0 50.0 50.0 50.0 50.0 50.0 50.0 50.0 50.0 50.0 50.0 50.0 50.0 50.0 50.0 50.0 50.0 50.0 50.0 50.0 50.0 50.0 50.0 50.0 50.0 50.0 50.0 50.0 50.0 50.0 50.0 50.0 50.0 50.0 50.0 50.0 50.0 50.0 50.0 50.0 50.0 50.0 50.0 50.0 50.0 50.0 50.0 50.0 50.0 50.0 50.0 50.0 50.0 50.0 50.0 50.0 50.0 50.0 50.0 50.0 50.0 50.0 50.0 50.0 50.0 50.0 50.0 50.0 50.0 50.0 50.0 50.0 50.0 50.0 50.0 
# name: reacPower
# type: matrix
# rows: 1
# columns: 359
 -4.14 -4.14 -4.244 -4.14 -4.244 -4.244 -4.14 -4.037 -4.244 -4.347 -4.14 -4.244 -4.037 -4.14 -4.244 -4.244 -4.244 -4.244 -4.244 -4.244 -4.14 -4.14 -4.037 -4.037 -4.14 -4.037 -4.14 -4.14 -4.14 -4.14 -4.14 -4.14 -4.14 -4.14 -4.244 -4.14 -4.14 -4.14 -4.244 -4.347 -4.14 -4.14 -4.347 -4.451 -4.347 -4.347 -4.451 -4.347 -4.244 -4.347 -4.347 -4.244 -4.347 -4.14 -4.244 -4.244 -4.244 -4.14 -4.244 -4.244 -4.244 -4.244 -4.244 -4.14 -4.14 -4.244 -4.244 -4.244 -4.244 -4.14 -4.244 -4.14 -4.244 -4.14 -4.244 -4.244 -4.14 -4.244 -4.244 -4.347 -4.347 -4.347 -4.347 -4.14 -4.244 -4.347 -4.347 -4.347 -4.244 -4.244 -4.244 -4.14 -4.14 -4.244 -4.14 -4.244 -4.244 -4.14 -4.14 -4.037 -4.037 -4.14 -4.037 -4.14 -4.14 -4.037 -4.14 -4.244 -4.14 -4.14 -4.14 -4.244 -4.14 -4.244 -4.244 -4.244 -4.244 -4.244 -4.244 -4.037 -4.14 -4.037 -4.14 -4.244 -4.244 -4.244 -4.244 -4.244 -4.244 -4.244 -4.14 -4.244 -4.244 -4.244 -4.14 -4.14 -4.14 -4.14 -4.14 -4.14 -4.14 -4.244 -4.244 -4.14 -4.244 -4.244 -4.347 -4.244 -4.14 -4.244 -4.244 -4.244 -4.244 -4.347 -4.347 -4.347 -4.244 -4.14 -4.14 -4.244 -4.244 -4.14 -4.14 -4.244 -4.14 -4.244 -4.244 -4.244 -4.14 -4.244 -4.244 -4.244 -4.244 -4.244 -4.244 -4.347 -4.347 -4.347 -4.347 -4.347 -4.347 -4.347 -4.347 -4.347 -4.244 -4.347 -4.347 -4.347 -4.347 -4.451 -4.244 -4.244 -4.347 -4.451 -4.347 -4.451 -4.451 -4.347 -4.244 -4.244 -4.347 -4.244 -4.347 -4.14 -4.347 -4.244 -4.347 -4.347 -4.347 -4.347 -4.244 -4.347 -4.347 -4.347 -4.347 -4.347 -4.244 -4.347 -4.244 -4.244 -4.244 -4.347 -4.244 -4.244 -4.347 -4.451 -4.347 -4.347 -4.347 -4.451 -4.347 -4.347 -4.347 -4.347 -4.347 -4.347 -4.347 -4.347 -4.244 -4.244 -4.244 -4.14 -4.14 -4.244 -4.244 -4.14 -4.244 -4.244 -4.244 -4.14 -4.14 -4.244 -4.14 -4.244 -4.244 -3.933 -4.14 -4.14 -4.14 -4.14 -4.14 -4.037 -4.14 -4.14 -4.14 -4.14 -4.14 -4.14 -4.14 -4.14 -4.14 -4.14 -4.14 -4.14 -4.14 -4.14 -4.14 -4.14 -4.14 -4.14 -4.14 -4.14 -4.14 -4.14 -4.14 -4.14 -4.14 -4.14 -4.14 -4.14 -4.14 -4.14 -4.14 -4.14 -4.14 -4.14 -4.14 -4.14 -4.14 -4.14 -4.14 -4.14 -4.14 -4.14 -4.037 -4.037 -4.037 -4.037 -4.14 -4.14 -4.14 -4.14 -4.037 -4.037 -4.14 -4.14 -4.14 -4.244 -4.244 -4.244 -4.14 -4.14 -4.14 -4.244 -4.14 -4.244 -4.14 -4.244 -4.14 -4.244 -4.244 -4.14 -4.244 -4.244 -4.244 -4.244 -4.244 -4.244 -4.244 -4.244 -4.244 -4.244 -4.14 -4.14 -4.244 -4.244 -4.244 -4.244 -4.244 -4.14 -4.14 -4.244 -4.244 -4.244 -4.244 -4.244 -4.244 -4.244 -4.14 
