# name: phAngle
# type: matrix
# rows: 1
# columns: 359
 0 0 0 0 0 0 0 0 0 0 0 0 0 0 0 0 0 0 0 0 0 0 0 0 0 0 0 0 0 0 0 0 0 0 0 0 0 0 0 0 0 0 0 0 0 0 0 0 0 0 0 0 0 0 0 0 0 0 0 0 0 0 0 0 0 0 0 0 0 0 0 0 0 0 0 0 0 0 0 0 0 0 0 0 0 0 0 0 0 0 0 0 0 0 0 0 0 0 0 0 0 0 0 0 0 0 0 0 0 0 0 0 0 0 0 0 0 0 0 0 0 0 0 0 0 0 0 0 0 0 0 0 0 0 0 0 0 0 0 0 0 0 0 0 0 0 0 0 0 0 0 0 0 0 0 0 0 0 0 0 0 0 0 0 0 0 0 0 0 352 349 349 349 349 349 0 349 0 0 0 0 0 346 349 349 349 349 349 349 0 0 0 0 0 0 0 0 0 0 0 0 0 0 0 0 0 0 0 0 0 0 0 0 0 0 0 0 0 0 0 0 0 0 0 0 0 0 0 0 0 0 0 0 0 0 0 0 0 0 0 0 0 0 0 0 0 0 0 0 0 0 0 0 0 0 0 0 0 0 0 0 0 0 0 0 0 0 0 0 0 0 0 0 0 0 0 0 0 0 0 0 0 0 0 0 0 0 0 0 0 0 0 0 0 0 0 0 0 0 0 0 0 0 0 0 0 0 0 0 0 0 0 0 0 0 0 0 0 0 0 0 0 0 0 0 0 0 0 0 0 0 0 0 0 0 0 0 0 0 0 0 0 0 0 0 0 0 0 0 0 0 0 0 0 0 0 0 0 0 
# name: freq
# type: matrix
# rows: 1
# columns: 359
 50.0 50.0 50.0 50.0 50.0 50.0 50.0 50.0 50.0 50.0 50.0 50.0 50.0 50.0 50.0 50.0 50.0 50.0 50.0 50.0 50.0 50.0 50.0 50.0 50.0 50.0 50.0 50.0 50.0 50.0 50.0 50.0 50.0 50.0 50.0 50.0 50.0 50.0 50.0 50.0 50.0 50.0 50.0 50.0 50.0 50.0 50.0 50.0 50.0 50.0 50.0 50.0 50.0 50.0 50.0 50.0 50.0 50.0 50.0 50.0 50.0 50.0 50.0 50.0 50.0 50.0 50.0 50.0 50.0 50.0 50.0 50.0 50.0 50.0 50.0 50.0 50.0 50.0 50.0 50.0 50.0 50.0 50.0 50.0 50.0 50.0 50.0 50.0 50.0 50.0 50.0 50.0 50.0 50.0 50.0 50.0 50.0 50.0 50.0 49.9 49.9 49.9 49.9 49.9 49.9 49.9 49.9 49.9 49.9 49.9 50.0 49.9 49.9 49.9 50.0 50.0 50.0 50.0 50.0 50.0 50.0 50.0 50.0 50.0 50.0 50.0 50.0 50.0 50.0 50.0 50.0 50.0 50.0 50.0 50.0 50.0 50.0 50.0 50.0 50.0 50.0 50.0 50.0 50.0 50.0 50.0 50.0 50.0 50.0 50.0 50.0 50.0 50.0 50.0 50.0 50.0 50.0 50.0 50.0 50.0 50.0 50.0 50.0 50.0 50.0 50.0 50.0 50.0 50.0 50.0 50.0 50.0 50.0 50.0 50.0 50.0 50.0 50.0 50.0 50.0 50.0 50.0 50.0 50.0 50.0 50.0 50.0 50.0 50.0 50.0 50.0 50.0 50.0 50.0 50.0 50.0 50.0 50.0 50.0 50.0 50.0 50.0 50.0 50.0 50.0 50.0 50.0 50.0 50.0 50.0 50.0 50.0 50.0 50.0 50.0 50.0 50.0 50.0 50.0 50.0 50.0 50.0 50.0 50.0 50.0 50.0 50.0 50.0 50.0 50.0 50.0 50.0 50.0 50.0 50.0 50.0 50.0 50.0 50.0 50.0 50.0 50.0 50.0 50.0 50.0 50.0 50.0 50.0 50.0 50.0 50.0 50.0 50.0 50.0 50.0 50.0 50.0 50.0 50.0 50.0 50.0 50.0 50.0 50.0 50.0 50.0 50.0 50.0 50.0 50.0 50.0 50.0 50.0 50.0 50.0 50.0 50.0 50.0 50.0 50.0 50.0 50.0 50.0 50.0 50.0 50.0 50.0 50.0 50.0 50.0 50.0 50.0 50.0 50.0 50.0 50.0 50.0 50.0 50.0 50.0 50.0 50.0 50.0 50.0 50.0 50.0 50.0 50.0 50.0 50.0 50.0 50.0 50.0 50.0 50.0 50.0 50.0 50.0 50.0 50.0 50.0 50.0 50.0 50.0 50.0 50.0 50.0 50.0 50.0 50.0 50.0 50.0 50.0 50.0 50.0 50.0 50.0 50.0 50.0 50.0 50.0 50.0 50.0 50.0 50.0 50.0 50.0 50.0 50.0 50.0 50.0 50.0 50.0 50.0 50.0 50.0 50.0 50.0 50.0 
# name: reacPower
# type: matrix
# rows: 1
# columns: 359
 -1.561 -1.561 -1.561 -1.561 -1.561 -1.561 -1.561 -1.561 -1.561 -1.561 -1.561 -1.561 -1.561 -1.561 -1.561 -1.561 -1.561 -1.561 -1.561 -1.561 -1.561 -1.561 -1.561 -1.561 -1.561 -1.561 -1.561 -1.561 -1.561 -1.561 -1.561 -1.561 -1.561 -1.561 -1.665 -1.457 -1.561 -1.561 -1.457 -1.561 -1.561 -1.561 -1.457 -1.561 -1.561 -1.561 -1.561 -1.561 -1.561 -1.561 -1.561 -1.561 -1.561 -1.561 -1.561 -1.561 -1.561 -1.561 -1.561 -1.561 -1.665 -1.561 -1.665 -1.665 -1.561 -1.561 -1.665 -1.561 -1.561 -1.665 -1.665 -1.561 -1.561 -1.561 -1.561 -1.561 -1.561 -1.561 -1.561 -1.561 -1.561 -1.561 -1.561 -1.561 -1.561 -1.665 -1.665 -1.665 -1.561 -1.561 -1.561 -1.665 -1.561 -1.561 -1.561 -1.561 -1.561 -1.561 -1.665 -1.561 -1.561 -1.561 -1.561 -1.561 -1.561 -1.457 -1.457 -1.561 -1.561 -1.561 -1.561 -1.561 -1.561 -1.561 -1.561 -1.561 -1.457 -1.561 -1.561 -1.561 -1.561 -1.561 -1.561 -1.561 -1.561 -1.561 -1.561 -1.561 -1.561 -1.561 -1.561 -1.561 -1.561 -1.665 -1.561 -1.561 -1.561 -1.561 -1.561 -1.769 -1.665 -1.665 -1.561 -1.561 -1.561 -1.665 -1.665 -1.665 -1.561 -1.665 -1.769 -1.665 -1.665 -1.665 -1.665 -1.561 -1.561 -1.665 -1.561 -1.561 -1.561 -1.665 -1.561 -1.561 -1.561 -1.561 -1.561 -1.561 -1.561 -2.706 -2.185 -2.289 -2.185 -2.081 -2.081 -1.561 -2.081 -1.561 -1.561 -1.665 -1.665 -1.561 -2.289 -2.497 -2.393 -2.393 -2.185 -2.185 -2.185 -1.665 -1.873 -1.561 -1.561 -1.665 -1.665 -1.561 -1.561 -1.561 -1.665 -1.665 -1.665 -1.561 -1.561 -1.561 -1.561 -1.561 -1.561 -1.561 -1.561 -1.561 -1.561 -1.561 -1.561 -1.561 -1.561 -1.561 -1.561 -1.561 -1.561 -1.561 -1.561 -1.665 -1.665 -1.561 -1.561 -1.561 -1.665 -1.561 -1.561 -1.561 -1.561 -1.561 -1.561 -1.561 -1.561 -1.561 -1.561 -1.561 -1.561 -1.561 -1.561 -1.561 -1.561 -1.561 -1.561 -1.561 -1.561 -1.561 -1.561 -1.561 -1.561 -1.561 -1.561 -1.561 -1.561 -1.561 -1.561 -1.561 -1.561 -1.561 -1.561 -1.561 -1.561 -1.561 -1.561 -1.561 -1.561 -1.561 -1.561 -1.561 -1.561 -1.457 -1.561 -1.561 -1.561 -1.561 -1.561 -1.561 -1.561 -1.561 -1.561 -1.561 -1.561 -1.561 -1.561 -1.561 -1.561 -1.561 -1.561 -1.561 -1.561 -1.561 -1.561 -1.665 -1.561 -1.561 -1.561 -1.561 -1.561 -1.561 -1.561 -1.561 -1.561 -1.561 -1.561 -1.561 -1.561 -1.561 -1.561 -1.561 -1.561 -1.561 -1.561 -1.561 -1.561 -1.561 -1.561 -1.561 -1.561 -1.561 -1.561 -1.561 -1.561 -1.561 -1.561 -1.561 -1.561 -1.561 -1.561 -1.561 -1.561 -1.561 -1.561 -1.561 -1.561 -1.561 -1.561 -1.561 -1.561 -1.561 -1.561 -1.561 -1.561 -1.561 -1.561 -1.561 -1.561 -1.561 -1.561 -1.665 -1.665 -1.561 -1.665 -1.561 -1.561 -1.561 -1.561 -1.561 -1.769 
# name: power
# type: matrix
# rows: 1
# columns: 359
 3.018 3.018 3.018 3.018 3.018 3.018 3.018 3.018 3.018 3.018 3.018 3.018 3.018 3.018 3.018 3.018 3.018 3.018 3.018 3.018 3.018 3.018 3.018 3.018 3.018 3.018 3.018 3.018 3.018 3.018 3.018 3.018 3.018 3.018 3.018 3.018 3.018 3.018 3.018 3.018 3.018 3.018 3.018 3.018 3.018 3.018 3.018 3.018 3.018 3.018 3.018 3.018 3.018 3.018 3.018 3.018 3.018 3.018 3.018 3.018 3.018 3.018 3.018 3.018 3.018 3.018 3.018 3.018 3.018 3.018 3.018 3.018 3.018 3.018 3.018 3.018 3.018 3.018 3.018 3.018 3.018 3.018 3.018 3.018 3.018 3.018 3.018 3.018 3.018 3.018 3.018 3.018 3.018 3.018 3.018 3.018 3.018 3.018 3.018 3.018 3.018 3.018 3.018 3.018 3.018 3.018 3.018 3.018 3.018 3.018 3.018 3.018 3.018 3.018 3.018 3.018 3.018 3.018 3.018 3.018 3.018 3.018 3.018 3.018 3.018 3.018 3.018 3.018 3.018 3.018 3.018 3.018 3.018 3.018 3.018 3.018 3.018 3.018 3.018 3.018 3.018 3.018 3.018 3.018 3.018 3.018 3.018 3.018 3.018 3.018 3.018 3.018 3.018 3.018 3.018 3.018 3.018 3.018 3.018 3.018 3.018 3.018 3.018 3.018 3.018 3.018 3.018 3.018 3.018 14.258 10.72 10.095 10.616 10.616 10.512 5.308 10.928 3.018 3.018 3.018 3.018 3.018 9.679 10.72 10.616 10.616 9.991 10.095 10.095 4.683 6.452 3.018 3.018 3.018 3.018 3.018 3.018 3.018 3.018 3.018 3.018 3.018 3.018 3.018 3.018 3.018 3.018 3.018 3.018 3.018 3.018 3.018 3.018 3.018 3.018 3.018 3.018 3.018 3.018 3.018 3.018 3.018 3.018 3.018 2.914 2.914 2.914 2.914 2.914 2.914 2.914 2.914 2.914 2.81 2.914 2.914 2.914 2.914 2.914 2.914 2.914 2.914 2.914 2.914 2.914 2.914 2.914 2.914 2.914 2.914 2.914 2.914 2.914 2.914 2.81 2.81 2.914 2.914 3.122 3.018 3.018 3.018 3.018 2.914 3.018 3.018 3.018 3.018 3.018 3.018 3.018 3.018 3.018 3.018 3.018 3.018 3.018 3.018 3.018 3.018 2.914 3.018 3.018 3.018 3.018 3.018 2.914 3.018 3.018 3.018 3.018 3.018 3.018 3.018 3.018 3.018 3.018 3.018 3.018 3.018 2.914 3.018 3.018 3.018 2.914 3.018 3.018 3.018 3.018 3.018 3.018 3.018 3.018 3.018 3.018 3.018 2.914 3.018 3.018 3.018 3.018 3.018 3.018 3.018 3.018 3.018 3.018 3.018 2.914 3.018 2.914 2.914 3.018 2.914 3.018 3.018 3.018 2.914 3.018 3.018 3.018 3.018 3.018 3.018 3.018 3.018 3.018 3.018 3.018 3.018 3.018 3.018 3.018 3.018 3.018 3.018 2.914 3.018 3.018 
