# name: phAngle
# type: matrix
# rows: 1
# columns: 360
 0 0 0 0 0 0 0 0 0 0 0 0 0 0 0 0 0 0 0 0 0 0 0 0 0 0 0 0 0 0 0 0 0 0 0 0 0 0 0 0 0 0 0 0 0 0 0 0 0 0 0 0 0 0 0 0 0 0 0 0 0 0 0 0 0 0 0 0 0 0 0 0 0 0 0 0 0 0 0 0 0 0 0 0 0 0 0 0 0 0 0 0 0 0 0 0 0 0 0 0 0 0 0 0 0 0 0 0 0 0 0 0 0 0 0 0 0 0 0 0 0 0 0 0 0 0 0 0 0 0 0 0 0 0 0 0 0 0 0 0 0 0 0 0 0 0 0 0 0 0 349 349 0 349 349 349 346 0 0 0 0 0 0 0 0 0 0 0 0 0 0 0 0 0 0 0 0 0 0 0 0 0 0 0 0 0 0 0 0 0 0 0 0 0 0 0 0 0 0 0 0 0 0 0 0 0 0 0 0 0 0 0 0 0 0 0 0 0 0 0 0 0 0 0 0 0 0 0 0 0 0 0 0 0 0 0 0 0 0 0 0 0 0 0 0 0 0 352 349 349 346 349 349 0 0 0 0 0 0 0 0 0 0 0 0 0 0 0 0 0 0 0 0 0 0 0 0 0 0 0 0 0 0 0 0 0 0 0 0 0 0 0 0 0 0 0 0 0 0 0 0 0 0 0 0 0 0 0 0 0 0 0 0 0 0 0 0 0 0 0 349 349 349 349 349 349 349 349 0 346 0 0 0 0 0 0 0 0 0 0 0 0 0 0 0 0 0 0 0 0 0 0 0 0 0 0 0 0 0 0 
# name: freq
# type: matrix
# rows: 1
# columns: 360
 50.0 50.0 50.0 50.0 50.0 50.0 50.0 50.0 50.0 50.0 50.0 50.0 50.0 50.0 50.0 50.0 50.0 50.0 50.0 50.0 50.0 50.0 50.0 50.0 50.0 50.0 50.0 50.0 50.0 50.0 50.0 50.0 50.0 50.0 50.0 50.0 50.0 50.0 50.0 50.0 50.0 50.0 50.0 50.0 50.0 50.0 50.0 50.0 50.0 50.0 50.0 50.0 50.0 50.0 50.0 50.0 50.0 50.0 50.0 50.0 50.0 50.0 50.0 50.0 50.0 50.0 50.0 50.0 50.0 50.0 50.0 50.0 50.0 50.0 50.0 50.0 50.0 50.0 50.0 50.0 50.0 50.0 50.0 50.0 50.0 50.0 50.0 50.0 50.0 50.0 50.0 50.0 50.0 50.0 50.0 50.0 50.0 50.0 50.0 50.0 50.0 50.0 50.0 50.0 50.0 50.0 50.0 50.0 50.0 50.0 50.0 50.0 50.0 50.0 50.0 50.0 50.0 50.0 50.0 50.0 50.0 50.0 50.0 50.0 50.1 50.0 50.0 50.0 50.0 50.1 50.1 50.0 50.0 50.0 50.0 50.0 50.1 50.0 50.0 50.0 50.1 50.0 50.1 50.0 50.1 50.0 50.0 50.1 50.0 50.0 50.1 50.0 50.0 50.0 50.0 50.0 50.0 50.0 50.0 50.0 50.0 50.0 50.0 50.0 50.0 50.0 50.0 50.0 50.0 50.0 50.0 50.0 50.0 50.0 50.0 50.0 50.0 50.0 50.0 50.0 50.0 50.0 50.0 50.0 50.0 50.0 50.0 50.0 50.0 50.0 50.0 50.0 50.0 50.0 50.0 50.0 50.0 50.0 50.0 50.0 50.0 50.0 50.0 50.0 50.0 50.0 50.0 50.0 50.0 50.0 50.0 50.0 50.0 50.0 50.0 50.0 50.0 50.0 50.0 50.0 50.0 50.0 50.0 50.0 50.0 50.0 50.0 50.0 50.0 50.0 50.0 50.0 50.0 50.0 50.0 50.0 50.0 50.0 50.0 50.0 50.0 50.0 50.0 50.0 50.0 50.0 50.0 50.0 50.0 50.0 50.0 50.0 50.0 50.0 50.0 50.0 50.0 50.0 50.0 50.0 50.0 50.0 50.0 50.0 50.0 50.0 50.0 50.0 50.0 50.0 50.0 50.0 50.0 50.0 50.0 50.0 50.0 50.0 50.0 50.0 50.0 50.0 50.0 50.0 50.0 50.0 50.0 50.0 50.0 50.0 50.0 50.0 50.0 50.0 50.0 50.0 50.0 50.0 50.0 50.0 50.0 50.0 50.0 50.0 50.0 50.0 50.0 50.0 50.0 50.0 50.0 50.0 50.0 50.0 50.0 50.0 50.0 50.0 50.0 50.0 50.0 50.0 50.0 50.0 50.0 50.0 50.0 50.0 50.0 50.0 50.0 50.0 50.0 50.0 50.0 50.0 50.0 50.0 50.0 50.0 50.0 50.0 50.0 50.0 50.0 50.0 50.0 50.0 50.0 50.0 50.0 50.0 50.0 50.0 50.0 50.0 50.0 50.0 50.0 50.0 
# name: reacPower
# type: matrix
# rows: 1
# columns: 360
 -1.561 -1.561 -1.561 -1.561 -1.561 -1.561 -1.561 -1.561 -1.561 -1.561 -1.561 -1.561 -1.561 -1.561 -1.561 -1.561 -1.561 -1.561 -1.561 -1.561 -1.561 -1.561 -1.561 -1.561 -1.561 -1.665 -1.665 -1.561 -1.561 -1.665 -1.561 -1.561 -1.561 -1.561 -1.561 -1.561 -1.561 -1.561 -1.561 -1.561 -1.561 -1.561 -1.561 -1.561 -1.561 -1.561 -1.561 -1.561 -1.561 -1.561 -1.561 -1.561 -1.561 -1.665 -1.561 -1.561 -1.561 -1.561 -1.561 -1.561 -1.561 -1.561 -1.561 -1.561 -1.561 -1.561 -1.561 -1.561 -1.561 -1.561 -1.561 -1.561 -1.561 -1.561 -1.561 -1.561 -1.561 -1.561 -1.561 -1.561 -1.561 -1.561 -1.561 -1.561 -1.561 -1.561 -1.561 -1.561 -1.561 -1.561 -1.561 -1.561 -1.561 -1.561 -1.561 -1.561 -1.561 -1.561 -1.561 -1.561 -1.561 -1.561 -1.561 -1.561 -1.561 -1.561 -1.561 -1.561 -1.561 -1.561 -1.561 -1.561 -1.561 -1.561 -1.561 -1.561 -1.561 -1.561 -1.561 -1.561 -1.561 -1.561 -1.561 -1.561 -1.561 -1.561 -1.561 -1.561 -1.561 -1.561 -1.561 -1.561 -1.561 -1.561 -1.561 -1.665 -1.561 -1.665 -1.561 -1.561 -1.561 -1.561 -1.561 -1.561 -1.561 -1.561 -1.561 -1.561 -1.561 -1.561 -2.081 -2.081 -1.873 -2.185 -2.185 -2.081 -1.977 -1.561 -1.873 -1.561 -1.561 -1.561 -1.561 -1.561 -1.561 -1.561 -1.561 -1.561 -1.561 -1.561 -1.561 -1.561 -1.561 -1.561 -1.561 -1.561 -1.561 -1.561 -1.561 -1.561 -1.561 -1.561 -1.561 -1.561 -1.561 -1.561 -1.561 -1.561 -1.561 -1.561 -1.561 -1.561 -1.561 -1.561 -1.561 -1.561 -1.561 -1.561 -1.561 -1.561 -1.561 -1.561 -1.561 -1.561 -1.561 -1.561 -1.561 -1.561 -1.561 -1.561 -1.561 -1.561 -1.561 -1.561 -1.561 -1.561 -1.561 -1.561 -1.561 -1.561 -1.561 -1.561 -1.561 -1.561 -1.561 -1.561 -1.561 -1.561 -1.561 -1.561 -1.561 -1.561 -1.561 -1.561 -1.561 -1.561 -1.561 -1.561 -1.561 -1.561 -1.561 -1.561 -1.561 -1.561 -1.561 -1.561 -1.561 -2.914 -2.081 -2.081 -2.081 -2.185 -2.081 -1.665 -1.873 -1.561 -1.561 -1.561 -1.561 -1.561 -1.561 -1.561 -1.561 -1.561 -1.561 -1.561 -1.561 -1.561 -1.561 -1.561 -1.561 -1.561 -1.561 -1.561 -1.561 -1.665 -1.665 -1.561 -1.561 -1.561 -1.665 -1.561 -1.561 -1.561 -1.561 -1.561 -1.561 -1.561 -1.561 -1.561 -1.561 -1.665 -1.665 -1.561 -1.561 -1.561 -1.769 -1.665 -1.561 -1.561 -1.561 -1.561 -1.561 -1.665 -1.561 -1.561 -1.561 -1.561 -1.665 -1.665 -1.561 -1.561 -1.561 -1.561 -1.665 -1.665 -1.561 -1.561 -1.561 -1.561 -2.081 -2.289 -2.185 -2.081 -2.081 -2.185 -2.081 -2.081 -1.665 -2.081 -1.769 -1.561 -1.561 -1.561 -1.561 -1.561 -1.561 -1.561 -1.561 -1.561 -1.561 -1.561 -1.561 -1.561 -1.561 -1.561 -1.665 -1.561 -1.561 -1.665 -1.561 -1.561 -1.665 -1.561 -1.561 -1.665 -1.561 -1.561 -1.561 -1.665 
# name: power
# type: matrix
# rows: 1
# columns: 360
 3.018 3.018 3.018 3.018 3.018 3.018 3.018 3.018 3.018 3.018 3.018 3.018 3.018 3.018 3.018 3.018 3.018 3.018 3.018 3.018 3.018 3.018 3.018 3.018 3.018 3.018 3.018 3.018 3.018 3.018 2.914 2.914 2.914 2.914 2.914 2.914 2.914 2.914 2.914 2.914 2.914 2.914 2.914 2.914 2.914 2.914 2.914 2.914 2.914 2.914 2.914 2.914 2.914 2.914 2.914 2.914 2.914 2.914 2.914 2.914 2.914 2.914 2.914 2.914 2.914 2.914 2.914 2.914 2.914 2.914 2.914 2.914 2.914 2.914 2.914 2.914 2.914 2.914 2.914 2.914 2.914 2.914 2.914 2.914 2.914 2.914 2.914 2.914 2.914 2.914 2.914 2.914 2.914 2.914 2.914 2.914 2.914 2.914 2.914 2.914 2.914 2.914 2.914 2.914 2.81 3.018 3.018 3.018 3.018 3.018 3.018 3.018 3.018 3.018 3.018 3.018 3.018 3.018 3.018 3.018 3.018 3.018 3.018 3.018 3.018 3.018 3.018 3.018 3.018 3.018 3.018 3.018 3.018 3.018 3.018 3.018 3.018 3.018 3.018 3.018 3.018 3.018 3.018 3.018 3.018 3.018 3.018 3.018 3.018 3.122 10.303 10.824 8.534 11.24 10.512 10.407 9.887 4.891 9.679 3.018 3.018 3.018 3.018 3.018 3.018 3.018 3.018 3.018 3.018 3.018 3.018 3.018 3.018 3.018 3.018 3.018 3.018 3.018 3.018 3.018 3.018 3.018 3.018 3.018 3.018 3.018 3.018 3.018 3.018 3.018 3.018 3.018 3.018 3.018 3.018 3.018 3.018 3.018 3.018 3.018 3.018 3.018 3.018 3.018 3.018 3.018 3.018 3.018 3.018 3.018 3.018 3.018 3.018 3.018 3.018 3.018 3.018 3.018 3.018 3.018 3.018 3.018 3.018 3.018 3.018 3.018 3.018 3.018 3.018 3.018 3.018 3.018 3.018 3.018 3.018 3.018 3.018 3.018 3.018 3.018 3.018 3.018 3.018 3.018 3.018 3.018 3.018 14.571 10.407 10.303 9.679 10.512 10.407 4.683 7.597 3.018 3.018 3.018 3.018 3.018 3.018 3.018 3.018 3.018 3.018 3.018 3.018 3.018 3.018 3.018 3.018 3.018 3.018 3.018 3.018 3.018 3.018 3.018 3.018 3.018 3.018 3.018 3.018 3.018 3.018 3.018 3.018 3.018 3.018 3.018 3.018 3.018 3.018 3.018 3.018 3.018 3.018 3.018 3.018 3.018 3.018 3.018 3.018 3.018 3.018 3.018 3.018 3.018 3.018 3.018 3.018 3.018 3.018 3.018 3.018 3.018 3.018 3.018 3.018 3.018 10.303 11.344 10.928 10.199 10.095 10.407 10.095 10.199 4.787 9.783 5.828 3.018 3.018 3.018 3.018 3.018 3.018 3.018 3.018 3.018 3.018 3.018 3.018 3.018 3.018 3.018 3.018 3.018 3.018 3.018 3.018 3.018 3.018 3.018 3.018 3.018 3.018 3.018 3.018 3.018 
