# name: phAngle
# type: matrix
# rows: 1
# columns: 358
 0 0 0 0 0 0 0 0 0 0 0 0 0 0 0 0 0 359 341 341 341 341 341 341 341 341 341 341 341 341 341 341 341 341 341 341 333 333 333 333 333 333 333 333 333 333 333 333 333 333 333 333 333 333 333 333 333 333 333 333 333 333 333 333 333 333 333 333 333 333 333 333 333 333 333 333 333 333 333 333 359 341 341 341 341 341 359 357 359 341 341 341 341 341 341 341 341 341 341 341 341 341 341 341 341 341 341 333 333 333 333 333 333 333 333 333 333 333 333 333 333 333 333 333 333 333 333 333 333 333 333 333 333 333 333 333 333 333 333 333 333 333 333 333 333 333 333 333 333 333 333 333 333 333 333 333 333 333 333 333 333 333 333 326 346 341 341 341 341 0 341 341 359 359 359 341 341 341 341 341 341 341 341 341 341 341 341 341 341 341 0 0 0 0 0 0 0 0 0 0 0 0 0 0 0 0 0 0 0 0 0 0 0 0 0 0 0 0 0 0 0 0 0 0 0 0 0 0 0 0 0 0 0 0 0 0 0 0 0 0 0 0 0 0 0 0 0 0 0 341 341 341 341 341 341 341 341 341 341 341 341 341 341 341 341 359 359 354 359 341 341 341 341 341 341 341 341 341 341 341 341 341 341 341 341 341 341 333 333 333 333 333 333 333 333 333 333 333 333 333 333 333 333 333 333 333 333 333 333 333 333 333 333 333 333 333 333 333 333 333 333 333 333 333 333 333 333 333 333 333 333 333 333 333 333 333 333 333 333 333 333 333 333 333 333 333 333 333 333 333 333 333 333 333 333 333 333 333 
# name: freq
# type: matrix
# rows: 1
# columns: 358
 50.0 50.0 50.0 50.0 50.0 50.0 50.0 50.0 50.0 50.0 50.0 50.0 50.0 50.0 50.0 50.0 50.0 50.0 50.0 50.0 50.0 50.0 50.0 50.0 50.0 50.0 50.0 50.0 50.0 50.0 50.0 50.0 50.0 50.0 50.0 50.0 50.0 50.0 50.0 50.0 50.0 50.0 50.0 50.0 50.0 50.0 50.0 50.0 50.0 50.0 50.0 50.0 50.0 50.0 50.0 50.0 50.0 50.0 50.0 50.0 50.0 50.0 50.0 50.0 50.0 50.0 50.0 50.0 50.0 50.0 50.0 50.0 50.0 50.0 50.0 50.0 50.0 50.0 50.0 50.0 50.0 50.0 50.0 50.0 50.0 50.0 50.0 50.0 50.0 50.0 50.0 50.0 50.0 50.0 50.0 50.0 50.0 50.0 50.0 50.0 50.0 50.0 50.0 50.0 50.0 50.0 50.0 50.0 50.0 50.0 50.0 50.0 50.0 50.0 50.0 50.0 50.0 50.0 50.0 50.0 50.0 50.0 50.0 50.0 50.0 50.0 50.0 50.0 50.0 50.0 50.0 50.0 50.0 50.0 50.0 50.0 50.0 50.0 50.0 50.0 50.0 50.0 50.0 50.0 50.0 50.0 50.0 50.0 50.0 50.0 50.0 50.0 50.0 50.0 50.0 50.0 50.0 50.0 50.0 50.0 50.0 50.0 50.0 50.0 50.0 50.0 50.0 50.0 50.0 50.0 50.0 50.0 50.0 50.0 50.0 50.0 50.0 50.0 50.0 50.0 50.0 50.0 50.0 50.0 50.0 50.0 50.0 50.0 50.0 50.0 50.0 50.0 50.0 50.0 50.0 50.0 50.0 50.0 50.0 50.0 50.0 50.0 50.0 50.0 50.0 50.0 50.0 50.0 50.0 50.0 50.0 50.0 50.0 50.0 50.0 50.0 50.0 50.0 50.0 50.0 50.0 50.0 50.0 50.0 50.0 50.0 50.0 50.0 50.0 50.0 50.0 50.0 50.0 50.0 50.0 50.0 50.0 50.0 50.0 50.0 50.0 50.0 50.0 50.0 50.0 50.0 50.0 50.0 50.0 50.0 50.0 50.0 50.0 50.0 50.0 50.0 50.0 50.0 50.0 50.0 50.0 50.0 50.0 50.0 50.0 50.0 50.0 50.0 50.0 50.0 50.0 50.0 50.0 50.0 50.0 50.0 50.0 50.0 50.0 50.0 50.0 50.0 50.0 50.0 50.0 50.0 50.0 50.0 50.0 50.0 50.0 50.0 50.0 50.0 50.0 50.0 50.0 50.0 50.0 50.0 50.0 50.0 50.0 50.0 50.0 50.0 50.0 50.0 50.0 50.0 50.0 50.0 50.0 50.0 50.0 50.0 50.0 50.0 50.0 50.0 50.0 50.0 50.0 50.0 50.0 50.0 50.0 50.0 50.0 50.0 50.0 50.0 50.0 50.0 50.0 50.0 50.0 50.0 50.0 50.0 50.0 49.9 50.0 50.0 50.0 49.9 50.0 49.9 49.9 50.0 50.0 50.0 50.0 50.0 50.0 50.0 50.0 50.0 
# name: reacPower
# type: matrix
# rows: 1
# columns: 358
 0.0 0.0 0.0 0.0 0.0 0.0 0.0 0.0 0.0 0.0 0.0 0.0 0.0 0.0 0.0 0.0 0.0 -5.693 -3.312 -3.312 -3.312 -3.312 -3.416 -3.416 -3.416 -3.416 -3.416 -3.416 -3.312 -3.416 -3.416 -3.416 -3.416 -3.416 -3.416 -3.416 -3.726 -3.726 -3.726 -3.726 -3.726 -3.726 -3.726 -3.726 -3.726 -3.726 -3.726 -3.726 -3.726 -3.726 -3.726 -3.726 -3.726 -3.726 -3.726 -3.726 -3.726 -3.623 -3.726 -3.726 -3.519 -3.519 -3.519 -3.519 -3.519 -3.519 -3.519 -3.519 -3.519 -3.519 -3.519 -3.519 -3.519 -3.519 -3.519 -3.519 -3.519 -3.519 -3.519 -3.519 -8.488 -3.416 -3.416 -3.312 -3.416 -3.519 -11.697 -6.314 -7.971 -3.623 -3.416 -3.416 -3.416 -3.416 -3.416 -3.105 -3.416 -3.105 -3.312 -3.726 -3.312 -3.416 -3.623 -3.312 -3.312 -3.726 -3.209 -3.416 -3.726 -3.726 -3.726 -3.726 -3.726 -3.726 -3.726 -3.726 -3.726 -3.726 -3.519 -3.519 -3.519 -3.519 -3.519 -3.519 -3.519 -3.519 -3.519 -3.519 -3.519 -3.519 -3.519 -3.519 -3.519 -3.519 -3.519 -3.519 -3.519 -3.519 -3.519 -3.519 -3.519 -3.519 -3.416 -3.519 -3.519 -3.416 -3.519 -3.519 -3.519 -3.519 -3.519 -3.519 -3.519 -3.519 -3.519 -3.519 -3.519 -3.519 -3.519 -3.519 -3.416 -3.416 -3.519 -0.621 -3.312 -3.416 -3.416 -3.312 -3.312 -5.486 -3.416 -3.416 -7.246 -12.836 -8.074 -3.416 -3.312 -3.416 -3.416 -3.416 -3.312 -3.416 -3.416 -3.312 -3.416 -3.416 -3.416 -3.416 -3.416 -3.312 0.0 0.0 0.0 0.0 0.0 0.0 0.0 0.0 0.0 0.0 0.0 0.0 0.0 0.0 0.0 0.0 0.0 0.0 0.0 0.0 0.0 0.0 0.0 0.0 0.0 0.0 0.0 0.0 0.0 0.0 0.0 0.0 0.0 0.0 0.0 0.0 0.0 0.0 0.0 0.0 0.0 0.0 0.0 0.0 0.0 0.0 0.0 0.0 0.0 0.0 0.0 0.0 0.0 0.0 0.0 0.0 0.0 0.0 0.0 -3.312 -3.312 -3.312 -3.312 -3.312 -3.416 -3.312 -3.312 -3.312 -3.312 -3.312 -3.416 -3.312 -3.002 -3.002 -3.002 -9.109 -8.695 -3.726 -12.008 -3.209 -3.209 -3.312 -3.312 -3.209 -3.209 -3.312 -3.209 -3.209 -3.209 -3.209 -3.209 -3.623 -3.623 -3.623 -3.623 -3.416 -3.312 -3.416 -3.416 -3.416 -3.416 -3.519 -3.416 -3.519 -3.416 -3.519 -3.416 -3.416 -3.416 -3.519 -3.519 -3.416 -3.416 -3.416 -3.416 -3.416 -3.416 -3.416 -3.519 -3.416 -3.416 -3.416 -3.416 -3.519 -3.519 -3.519 -3.519 -3.519 -3.519 -3.519 -3.726 -3.623 -3.416 -3.209 -3.209 -3.209 -3.209 -3.209 -3.209 -3.209 -3.209 -3.209 -3.416 -3.416 -3.519 -3.519 -3.519 -3.519 -3.519 -3.519 -3.519 -3.519 -3.519 -3.519 -3.519 -3.519 -3.519 -3.519 -3.519 -3.519 -3.519 -3.519 -3.519 -3.519 -3.519 -3.519 -3.519 -3.519 
# name: power
# type: matrix
# rows: 1
# columns: 358
 0.0 0.0 0.0 0.0 0.0 0.0 0.0 0.0 0.0 0.0 0.0 0.0 0.0 0.0 0.0 0.0 0.0 291.099 7.867 7.453 7.453 7.453 7.349 7.349 7.349 7.349 7.349 7.349 7.349 7.349 7.349 7.349 7.349 7.349 7.246 7.246 4.658 4.658 4.658 4.658 4.658 4.658 4.761 4.761 4.761 4.658 4.658 4.658 4.658 4.658 4.761 4.658 4.761 4.761 4.761 4.761 4.658 4.658 4.658 4.761 4.761 4.658 4.658 4.658 4.658 4.658 4.658 4.658 4.658 4.658 4.658 4.658 4.658 4.658 4.658 4.658 4.658 4.658 4.658 4.658 426.607 7.453 7.349 7.349 7.349 7.349 442.446 126.501 280.333 7.246 7.349 7.246 7.349 7.349 7.246 7.246 7.349 7.246 7.246 7.349 7.246 7.246 7.246 7.246 7.246 7.349 7.246 4.658 4.658 4.658 4.658 4.658 4.658 4.658 4.658 4.658 4.658 4.658 4.658 4.658 4.658 4.658 4.658 4.658 4.658 4.658 4.658 4.658 4.658 4.658 4.658 4.658 4.658 4.658 4.658 4.658 4.658 4.658 4.658 4.658 4.658 4.658 4.658 4.658 4.658 4.658 4.658 4.658 4.658 4.658 4.658 4.658 4.658 4.658 4.658 4.658 4.658 4.658 4.658 4.658 4.658 4.658 4.658 0.931 8.281 7.349 7.349 7.349 7.349 595.552 7.246 7.246 468.222 428.16 311.906 7.246 7.246 7.246 7.246 7.246 7.246 7.246 7.246 7.246 7.246 7.246 7.246 7.246 7.246 7.246 0.0 0.0 0.0 0.0 0.0 0.0 0.0 0.0 0.0 0.0 0.0 0.0 0.0 0.0 0.0 0.0 0.0 0.0 0.0 0.0 0.0 0.0 0.0 0.0 0.0 0.0 0.0 0.0 0.0 0.0 0.0 0.0 0.0 0.0 0.0 0.0 0.0 0.0 0.0 0.0 0.0 0.0 0.0 0.0 0.0 0.0 0.0 0.0 0.0 0.0 0.0 0.0 0.0 0.0 0.0 0.0 0.0 0.0 0.0 8.074 7.349 7.349 7.349 7.349 7.349 7.349 7.349 7.246 7.349 7.349 7.349 7.349 7.349 7.246 7.349 452.073 451.141 20.082 402.28 7.246 7.246 7.246 7.246 7.142 7.246 7.142 7.246 7.246 7.246 7.246 7.246 7.246 7.246 7.246 7.246 7.246 7.246 4.658 4.658 4.658 4.658 4.658 4.658 4.658 4.658 4.658 4.658 4.658 4.658 4.658 4.658 4.658 4.658 4.658 4.658 4.658 4.658 4.658 4.658 4.658 4.658 4.658 4.658 4.658 4.658 4.658 4.658 4.658 4.658 4.658 4.658 4.658 4.658 4.658 4.658 4.658 4.658 4.658 4.658 4.658 4.658 4.658 4.658 4.658 4.658 4.658 4.658 4.658 4.658 4.658 4.658 4.658 4.658 4.658 4.658 4.658 4.658 4.658 4.658 4.658 4.658 4.658 4.658 4.658 4.658 4.658 4.658 4.658 
