# name: phAngle
# type: matrix
# rows: 1
# columns: 359
 0 0 0 0 0 0 0 0 0 0 0 0 0 0 0 0 0 0 0 0 0 0 0 0 0 0 0 0 0 0 0 0 0 0 0 0 0 0 0 0 0 0 0 0 0 0 0 0 0 0 0 0 0 0 0 0 0 0 0 0 0 0 0 0 0 0 0 0 0 0 0 0 0 0 0 0 0 0 0 0 0 0 0 0 0 0 0 0 0 0 0 0 0 0 0 0 0 0 0 0 0 0 0 0 0 0 0 0 0 0 0 0 0 0 0 0 0 0 0 0 0 0 0 0 0 0 0 0 0 0 0 0 0 355 0 0 0 0 0 0 0 0 0 0 0 0 0 0 0 0 0 0 0 0 0 0 0 0 0 0 0 0 0 0 0 0 0 0 0 0 0 0 0 0 0 0 0 0 0 0 0 0 0 0 0 0 0 0 0 0 0 0 0 0 0 0 0 0 0 0 0 0 0 0 0 0 0 0 0 0 0 0 0 0 0 0 0 0 0 0 0 0 0 0 0 0 0 0 0 0 0 0 0 0 0 0 0 0 0 0 0 0 0 0 0 0 355 0 0 0 0 0 0 0 0 0 0 0 0 0 0 0 0 0 0 0 0 0 0 0 0 0 0 0 0 0 0 0 0 0 0 0 0 0 0 0 0 0 0 0 0 0 0 0 0 0 0 0 0 0 0 0 0 0 0 0 0 0 0 0 0 0 0 0 0 0 0 0 0 0 0 0 0 0 0 0 0 0 0 0 0 0 0 0 0 0 0 0 0 0 0 0 0 0 0 0 0 0 0 0 0 0 0 0 0 0 0 0 0 
# name: freq
# type: matrix
# rows: 1
# columns: 359
 50.0 50.0 50.0 50.0 50.0 50.0 50.0 50.0 50.0 50.0 50.0 50.0 50.0 50.0 50.0 50.0 50.0 50.0 50.0 50.0 50.0 50.0 50.0 50.0 50.0 50.0 50.0 50.0 50.0 50.0 50.0 50.0 50.0 50.0 50.0 50.0 50.0 50.0 50.0 50.0 50.0 50.0 50.0 50.0 50.0 50.0 50.0 50.0 50.0 50.0 50.0 50.0 50.0 50.0 50.0 50.0 50.0 50.0 50.0 50.0 50.0 50.0 50.0 50.0 50.0 50.0 50.0 50.0 50.0 50.0 50.0 50.0 50.0 50.0 50.0 50.0 50.0 50.0 50.0 50.0 50.0 50.0 50.0 50.0 50.0 50.0 50.0 50.0 50.0 50.0 50.0 50.0 50.0 50.0 50.0 50.0 50.0 50.0 50.0 50.0 50.0 50.0 50.0 50.0 50.0 50.0 50.0 50.0 50.0 50.0 50.0 50.0 50.0 50.0 50.0 50.0 50.0 50.0 50.0 50.0 50.0 50.0 50.0 50.0 50.0 50.0 50.0 50.0 50.0 50.0 50.0 50.0 50.0 50.0 50.0 50.0 50.0 50.0 50.0 50.0 50.0 50.0 50.0 50.0 50.0 50.0 50.0 50.0 50.0 50.0 50.0 50.0 50.0 50.0 50.0 50.0 50.0 50.0 50.0 50.0 50.0 50.0 50.0 50.0 50.0 50.0 50.0 50.0 50.0 50.0 50.0 50.0 50.0 50.0 50.0 50.0 50.0 50.0 50.0 50.0 50.0 50.0 50.0 50.0 50.0 50.0 50.0 50.0 50.0 50.0 50.0 50.0 50.0 50.0 50.0 50.0 50.0 50.0 50.0 50.0 50.0 50.0 50.0 50.0 50.0 50.0 50.0 50.0 50.0 50.0 50.0 50.0 50.0 50.0 50.0 50.0 50.0 50.0 50.0 50.0 50.0 50.0 50.0 50.0 50.0 50.0 50.0 50.0 50.0 50.0 50.0 50.0 50.0 50.0 50.0 50.0 50.0 50.0 50.0 50.0 50.0 50.0 50.0 50.0 50.0 50.0 50.0 50.0 50.0 50.0 50.0 50.0 50.0 50.0 50.0 50.0 50.0 50.0 50.0 50.0 50.0 50.0 50.0 50.0 50.0 50.0 50.0 50.0 50.0 50.0 50.0 50.0 50.0 50.0 50.0 50.0 50.0 50.0 50.0 50.0 50.0 50.0 50.0 50.0 50.0 50.0 50.0 50.0 50.0 50.0 50.0 50.0 50.0 50.0 50.0 50.0 50.0 50.0 50.0 50.0 50.0 50.0 50.0 50.0 50.0 50.0 50.0 50.0 50.0 50.0 50.0 50.0 50.0 50.0 50.0 50.0 50.0 50.0 50.0 50.0 50.0 50.0 50.0 50.0 50.0 50.0 50.0 50.0 50.0 50.0 50.0 50.0 50.0 50.0 50.0 50.0 50.0 50.0 50.0 50.0 50.0 50.0 50.0 50.0 50.0 50.0 50.0 50.0 50.0 50.0 50.0 50.0 50.0 50.0 50.0 50.0 50.0 50.0 50.0 
# name: reacPower
# type: matrix
# rows: 1
# columns: 359
 -1.04 -1.04 -1.04 -1.04 -1.04 -1.04 -1.04 -1.04 -1.04 -0.936 -1.04 -1.04 -0.936 -0.936 -0.936 -0.936 -1.04 -1.04 -0.936 -0.936 -0.936 -0.936 -0.936 -0.936 -0.936 -0.936 -0.936 -0.936 -0.936 -1.04 -0.936 -1.04 -0.936 -0.936 -0.936 -0.936 -0.936 -1.04 -0.936 -1.04 -0.936 -1.04 -1.04 -0.936 -0.936 -0.936 -0.936 -0.936 -0.936 -0.936 -0.936 -0.936 -0.936 -0.936 -0.936 -0.936 -0.936 -0.936 -0.936 -0.936 -0.936 -0.936 -0.936 -0.936 -1.04 -0.936 -0.936 -0.936 -0.936 -0.936 -0.936 -1.04 -0.936 -0.936 -0.936 -0.936 -0.936 -1.04 -0.936 -0.936 -0.936 -0.936 -1.04 -0.936 -0.936 -0.936 -0.936 -0.936 -0.936 -0.936 -0.936 -0.936 -1.04 -0.936 -0.936 -1.04 -1.04 -0.936 -0.936 -0.936 -0.936 -0.936 -0.936 -0.936 -0.936 -0.936 -0.936 -0.936 -0.936 -0.936 -0.936 -0.936 -0.936 -0.936 -0.936 -0.936 -0.936 -0.832 -0.936 -0.936 -0.936 -0.936 -0.936 -0.936 -0.936 -0.936 -0.936 -0.832 -0.936 -0.832 -1.04 -1.144 -0.728 -2.497 -0.936 -0.832 -0.936 -0.936 -0.936 -0.936 -0.936 -0.936 -0.936 -0.936 -0.936 -0.936 -0.936 -0.936 -0.936 -0.936 -0.936 -0.936 -0.936 -0.936 -0.936 -0.832 -0.832 -0.936 -0.936 -0.936 -0.832 -0.936 -0.936 -0.936 -0.936 -0.936 -0.936 -0.936 -0.936 -0.936 -0.936 -0.936 -0.936 -0.936 -0.936 -0.936 -0.936 -0.936 -0.936 -0.936 -0.936 -0.936 -0.936 -0.936 -0.936 -0.936 -0.936 -0.936 -0.936 -0.936 -0.936 -0.936 -0.936 -0.936 -0.936 -0.936 -0.936 -0.936 -0.936 -0.936 -0.936 -0.936 -0.936 -0.936 -0.936 -0.936 -0.936 -0.936 -0.936 -0.936 -0.936 -0.936 -0.936 -0.936 -0.936 -0.936 -0.936 -0.936 -0.936 -0.936 -0.936 -0.936 -0.936 -0.936 -0.936 -0.936 -0.936 -0.936 -0.936 -0.936 -0.936 -0.936 -0.936 -0.936 -0.936 -0.936 -0.936 -0.936 -0.936 -0.936 -0.936 -0.936 -0.936 -0.936 -1.144 -0.936 -2.706 -0.832 -1.04 -0.936 -1.04 -1.04 -1.04 -1.04 -1.04 -1.04 -1.04 -1.04 -1.04 -1.04 -1.04 -1.04 -0.936 -1.04 -1.04 -0.936 -1.04 -1.04 -1.04 -1.04 -1.04 -1.04 -1.04 -1.04 -1.04 -1.04 -1.04 -0.936 -1.04 -1.04 -1.04 -1.04 -0.936 -0.936 -0.936 -0.936 -0.936 -0.936 -0.936 -0.936 -0.936 -0.936 -0.936 -0.936 -0.936 -0.936 -0.936 -0.936 -0.936 -0.936 -0.936 -0.936 -0.936 -0.936 -0.936 -0.936 -0.936 -0.936 -0.936 -0.936 -0.936 -0.936 -1.561 -1.144 -1.04 -0.936 -0.728 -0.936 -0.936 -0.936 -0.936 -0.936 -0.936 -0.832 -0.936 -0.936 -0.936 -0.832 -0.936 -0.936 -0.936 -0.936 -0.936 -0.936 -0.832 -0.936 -0.936 -0.936 -0.936 -0.936 -0.936 -0.936 -0.832 -0.832 -0.832 -0.936 -0.936 -0.936 -0.936 -0.832 -0.936 -0.936 -0.936 -0.936 -0.936 -0.936 -0.936 -0.936 -0.936 
# name: power
# type: matrix
# rows: 1
# columns: 359
 3.538 3.538 3.642 3.538 3.538 3.642 3.538 3.538 3.642 3.538 3.538 3.538 3.538 3.538 3.538 3.538 3.538 3.538 3.538 3.538 3.538 3.538 3.538 3.538 3.538 3.538 3.538 3.538 3.538 3.538 3.538 3.538 3.538 3.538 3.538 3.538 3.538 3.538 3.538 3.538 3.538 3.538 3.538 3.538 3.538 3.538 3.538 3.538 3.538 3.538 3.538 3.538 3.538 3.538 3.538 3.538 3.538 3.85 3.538 3.538 3.538 3.538 3.538 3.642 3.538 3.538 3.538 3.538 3.538 3.538 3.538 3.538 3.538 3.538 3.538 3.538 3.538 3.538 3.538 3.538 3.538 3.538 3.538 3.538 3.538 3.538 3.538 3.538 3.538 3.538 3.538 3.538 3.538 3.538 3.538 3.538 3.538 3.538 3.538 3.538 3.538 3.538 3.538 3.538 3.538 3.538 3.538 3.538 3.538 3.538 3.538 3.538 3.538 3.538 3.538 3.538 3.538 3.538 3.538 3.538 3.538 3.538 3.538 3.538 3.538 3.538 3.538 3.538 3.538 8.222 10.199 12.073 5.828 7.597 3.538 3.538 3.538 3.538 3.538 3.746 3.538 3.538 3.538 3.538 3.538 3.85 3.538 3.538 3.538 3.538 3.538 3.538 3.538 3.538 3.538 3.538 3.538 3.538 3.538 3.538 3.538 3.538 3.538 3.538 3.538 3.538 3.538 3.538 3.538 3.538 3.538 3.538 3.538 3.538 3.538 3.538 3.538 3.538 3.538 3.538 3.538 3.538 3.538 3.538 3.538 3.538 3.538 3.538 3.538 3.538 3.538 3.538 3.538 3.538 3.538 3.538 3.538 3.538 3.538 3.538 3.538 3.538 3.538 3.538 3.538 3.538 3.538 3.538 3.538 3.538 3.538 3.538 3.538 3.538 3.538 3.538 3.538 3.538 3.538 3.538 3.538 3.538 3.538 3.538 3.538 3.538 3.538 3.538 3.538 3.538 3.538 3.538 3.538 3.538 3.538 3.538 3.85 3.538 3.538 3.538 3.538 3.538 3.538 9.887 12.801 11.136 23.626 5.932 3.538 3.538 3.538 3.538 3.538 3.538 3.538 3.538 3.538 3.538 3.538 3.538 3.538 3.538 3.538 3.538 3.538 3.538 3.538 3.538 3.538 3.538 3.538 3.538 3.538 3.538 3.538 3.538 3.538 3.538 3.538 3.538 3.538 3.538 3.538 3.538 3.538 3.538 3.538 3.538 3.538 3.538 3.538 3.538 3.538 3.538 3.538 3.538 3.538 3.538 3.538 3.538 3.538 3.538 3.538 3.538 3.538 3.538 3.538 3.538 3.538 3.538 3.538 3.538 17.381 12.801 13.009 11.136 6.036 3.538 3.538 3.538 3.538 3.538 3.538 3.538 3.538 3.538 3.538 3.538 3.538 3.538 3.538 3.538 3.538 3.538 3.538 3.538 3.538 3.538 3.538 3.538 3.538 3.538 3.538 3.538 3.538 3.538 3.538 3.538 3.538 3.538 3.538 3.538 3.538 3.538 3.538 3.538 3.538 3.538 3.538 
