# name: phAngle
# type: matrix
# rows: 1
# columns: 359
 0 299 299 299 0 299 299 300 299 299 299 300 300 300 0 299 0 0 0 0 0 0 0 0 299 298 299 0 299 0 0 299 0 299 0 300 0 0 0 300 0 300 299 298 0 0 0 299 299 299 0 299 0 299 298 298 298 299 299 0 0 299 299 299 299 298 298 0 0 299 0 0 299 299 299 299 299 300 299 0 0 299 299 0 299 299 298 299 299 0 299 0 299 0 298 300 299 0 0 0 0 0 0 0 0 0 0 300 0 299 0 0 0 0 0 0 0 0 300 0 0 0 0 0 0 0 0 0 0 0 0 0 0 0 0 0 298 299 328 0 0 0 0 0 329 329 0 0 322 0 0 0 0 0 0 0 0 0 299 0 0 0 0 299 0 299 0 298 0 0 0 0 0 0 0 0 0 0 299 0 0 0 299 0 299 299 299 0 299 0 299 298 299 299 0 298 0 0 298 298 0 299 299 299 299 0 0 0 0 0 0 0 0 298 298 0 0 0 299 298 298 299 0 299 299 299 299 299 299 298 299 300 300 0 299 299 299 299 299 299 299 300 299 299 298 299 0 298 0 299 299 299 0 299 299 299 0 300 299 0 299 299 299 300 0 0 300 0 299 300 0 300 300 299 300 299 300 299 300 299 299 0 300 299 300 300 300 0 299 300 299 0 300 301 0 0 0 0 0 0 0 330 329 329 0 323 299 300 300 300 299 300 299 299 299 299 299 299 0 299 299 0 300 300 0 299 299 299 0 300 0 300 300 0 299 0 0 299 300 300 300 300 299 299 300 300 300 299 300 300 300 300 300 299 299 299 300 299 300 
# name: freq
# type: matrix
# rows: 1
# columns: 359
 50.0 50.0 50.0 50.0 50.0 50.0 50.0 50.0 50.0 50.0 50.0 50.0 50.0 50.0 50.0 50.0 50.0 50.0 50.0 50.0 50.0 50.0 50.0 50.0 50.0 50.0 50.0 50.0 50.0 50.0 50.0 50.0 50.0 50.0 50.0 50.0 50.0 50.0 50.0 50.0 50.0 50.0 50.0 50.0 50.0 50.0 50.0 50.0 50.0 50.0 50.0 50.0 50.0 50.0 50.0 50.0 50.0 50.0 50.0 50.0 50.0 50.0 50.0 50.0 50.0 50.0 50.0 50.0 50.0 50.0 50.0 50.0 50.0 50.0 50.0 50.0 50.0 50.0 50.0 50.0 50.0 50.0 50.0 50.0 50.0 50.0 50.0 50.0 50.0 50.0 50.0 50.0 50.0 50.0 50.0 50.0 50.0 50.0 50.0 50.0 50.0 50.0 50.0 50.0 50.0 50.0 50.0 50.0 50.0 50.0 50.0 50.0 50.0 50.0 50.0 50.0 50.0 50.0 50.0 50.0 50.0 50.0 50.0 50.0 50.0 50.0 50.0 50.0 50.0 50.0 50.0 50.0 50.0 50.0 50.0 50.0 50.0 50.0 50.0 50.0 50.0 50.0 50.1 50.0 50.0 50.1 50.0 50.0 50.1 50.0 50.0 50.0 50.1 50.0 50.0 50.0 50.0 50.0 50.0 50.0 50.0 50.0 50.0 50.0 50.0 50.0 50.0 50.0 50.0 50.0 50.0 50.0 50.0 50.0 50.0 50.0 50.0 50.0 50.0 50.0 50.0 50.0 50.0 50.0 50.0 50.0 50.0 50.0 50.0 50.0 50.0 50.0 50.0 50.0 50.0 50.0 50.0 50.0 50.1 50.0 50.0 50.0 50.0 50.0 50.0 50.0 50.0 50.0 50.0 50.0 50.0 50.0 50.0 50.0 50.0 50.0 50.0 50.0 50.0 50.0 50.0 50.0 50.0 50.0 50.0 50.0 50.1 50.0 50.0 50.0 50.0 50.0 50.0 50.0 50.1 50.0 50.0 50.0 50.0 50.0 50.0 50.0 50.0 50.0 50.0 50.0 50.0 50.0 50.0 50.0 50.0 50.0 50.0 50.0 50.0 50.0 50.0 50.0 50.0 50.0 50.0 50.0 50.0 50.0 50.0 50.0 50.0 50.0 50.0 50.0 50.0 50.0 50.0 50.0 50.0 50.0 50.0 50.0 50.0 50.0 50.0 50.0 50.0 50.0 50.0 50.0 50.0 50.0 50.0 50.0 50.0 50.0 50.0 50.0 50.0 50.0 50.0 50.0 50.0 50.0 50.0 50.0 50.0 50.0 50.0 50.0 50.0 50.0 50.0 50.0 50.0 50.0 50.0 50.0 50.0 50.0 50.0 50.0 50.0 50.0 50.0 50.0 50.0 50.0 50.0 50.0 50.0 50.0 50.0 50.0 50.0 50.0 50.0 50.0 50.0 50.0 50.0 50.0 50.0 50.0 50.0 50.0 50.0 50.0 50.0 50.0 50.0 50.0 50.0 50.0 50.0 50.0 50.0 50.0 50.0 50.0 50.0 50.0 50.0 
# name: reacPower
# type: matrix
# rows: 1
# columns: 359
 0.0 -1.035 -1.035 -1.035 0.0 -1.035 -1.035 -1.035 -1.035 -1.035 -1.035 -1.035 -1.035 -1.035 0.0 -1.035 0.0 0.0 0.0 0.0 0.0 0.0 0.0 0.0 -1.035 -1.035 -1.035 0.0 -1.035 0.0 0.0 -1.035 0.0 -1.035 0.0 -1.035 0.0 0.0 0.0 -1.035 0.0 -1.035 -1.035 -1.035 0.0 0.0 0.0 -1.035 -1.035 -1.035 0.0 -1.035 0.0 -1.035 -1.035 -1.035 -1.035 -1.035 -1.035 0.0 0.0 -1.035 -1.035 -1.035 -1.035 -1.035 -1.035 0.0 0.0 -1.035 0.0 0.0 -1.035 -1.035 -1.035 -1.035 -1.035 -1.035 -1.035 0.0 0.0 -1.035 -1.035 0.0 -1.035 -1.035 -1.035 -1.035 -1.035 0.0 -1.035 0.0 -1.035 0.0 -1.035 -1.035 -1.035 0.0 0.0 0.0 0.0 0.0 0.0 0.0 0.0 0.0 0.0 -1.035 0.0 -1.035 0.0 0.0 0.0 0.0 0.0 0.0 0.0 0.0 -1.035 0.0 0.0 0.0 0.0 0.0 0.0 0.0 0.0 0.0 0.0 0.0 0.0 0.0 0.0 0.0 0.0 0.0 -1.035 -1.035 -0.931 -0.931 -1.035 -1.035 -1.138 -1.035 -0.931 -0.931 -0.931 -1.035 -1.035 0.0 0.0 0.0 0.0 0.0 0.0 0.0 0.0 0.0 -1.035 0.0 0.0 0.0 0.0 -1.035 0.0 -1.035 0.0 -1.035 0.0 0.0 0.0 0.0 0.0 0.0 0.0 0.0 0.0 0.0 -1.035 0.0 0.0 0.0 -1.035 0.0 -1.035 -1.035 -1.035 0.0 -1.035 0.0 -1.035 -1.035 -1.035 -1.035 0.0 -1.035 0.0 0.0 -1.035 -1.035 0.0 -1.035 -1.035 -1.035 -1.035 0.0 0.0 0.0 0.0 0.0 0.0 0.0 0.0 -1.035 -1.035 0.0 0.0 0.0 -1.035 -1.035 -1.035 -1.035 0.0 -1.035 -1.035 -1.035 -1.035 -1.035 -1.035 -1.035 -1.035 -1.035 -1.035 0.0 -1.035 -1.035 -1.035 -1.035 -1.035 -1.035 -1.035 -1.035 -1.035 -1.035 -1.035 -1.035 0.0 -1.035 0.0 -1.035 -1.035 -1.035 0.0 -1.035 -1.035 -1.035 0.0 -1.035 -1.035 0.0 -1.035 -1.035 -1.035 -1.035 0.0 0.0 -1.035 0.0 -1.035 -1.035 0.0 -1.035 -1.035 -1.035 -1.035 -1.035 -1.035 -1.035 -1.035 -1.035 -1.035 0.0 -1.035 -1.035 -1.035 -1.035 -1.035 0.0 -1.035 -1.035 -1.035 0.0 -1.035 -1.035 -0.828 -0.931 -0.931 -0.931 -0.931 -0.931 -0.828 -0.931 -0.931 -0.931 -0.828 -0.931 -1.035 -1.035 -1.035 -1.035 -1.035 -1.035 -1.035 -1.035 -1.035 -1.035 -1.035 -1.035 0.0 -1.035 -1.035 0.0 -1.035 -1.035 0.0 -1.035 -1.035 -1.035 0.0 -1.035 0.0 -1.035 -1.035 0.0 -1.035 0.0 0.0 -1.035 -1.035 -1.035 -1.035 -1.035 -1.035 -1.035 -1.035 -1.035 -1.035 -1.035 -1.035 -1.035 -1.035 -1.035 -1.035 -1.035 -1.035 -1.035 -1.035 -1.035 -1.035 
# name: power
# type: matrix
# rows: 1
# columns: 359
 0.0 0.517 0.517 0.517 0.0 0.517 0.517 0.517 0.517 0.517 0.517 0.517 0.517 0.517 0.0 0.517 0.0 0.0 0.0 0.0 0.0 0.0 0.0 0.0 0.517 0.517 0.517 0.0 0.517 0.0 0.0 0.517 0.0 0.517 0.0 0.517 0.0 0.0 0.0 0.517 0.0 0.517 0.517 0.517 0.0 0.0 0.0 0.517 0.517 0.517 0.0 0.517 0.0 0.517 0.517 0.517 0.517 0.517 0.517 0.0 0.0 0.517 0.517 0.517 0.517 0.517 0.517 0.0 0.0 0.517 0.0 0.0 0.517 0.517 0.517 0.517 0.517 0.517 0.517 0.0 0.0 0.517 0.517 0.0 0.517 0.517 0.517 0.517 0.517 0.0 0.517 0.0 0.517 0.0 0.517 0.517 0.517 0.0 0.0 0.0 0.0 0.0 0.0 0.0 0.0 0.0 0.0 0.517 0.0 0.517 0.0 0.0 0.0 0.0 0.0 0.0 0.0 0.0 0.621 0.0 0.0 0.0 0.0 0.0 0.0 0.0 0.0 0.0 0.0 0.0 0.0 0.0 0.0 0.0 0.0 0.0 0.517 0.517 1.552 4.968 5.9 5.797 6.314 6.418 1.656 1.656 2.795 5.383 1.242 0.0 0.0 0.0 0.0 0.0 0.0 0.0 0.0 0.0 0.621 0.0 0.0 0.0 0.0 0.517 0.0 0.517 0.0 0.517 0.0 0.0 0.0 0.0 0.0 0.0 0.0 0.0 0.0 0.0 0.517 0.0 0.0 0.0 0.621 0.0 0.517 0.517 0.517 0.0 0.517 0.0 0.517 0.517 0.517 0.517 0.0 0.517 0.0 0.0 0.517 0.517 0.0 0.517 0.517 0.517 0.517 0.0 0.0 0.0 0.0 0.0 0.0 0.0 0.0 0.517 0.517 0.0 0.0 0.0 0.517 0.517 0.517 0.517 0.0 0.517 0.517 0.517 0.517 0.621 0.621 0.517 0.517 0.621 0.517 0.0 0.517 0.517 0.517 0.517 0.517 0.517 0.517 0.517 0.517 0.517 0.517 0.517 0.0 0.517 0.0 0.517 0.517 0.517 0.0 0.517 0.517 0.517 0.0 0.517 0.517 0.0 0.517 0.517 0.517 0.621 0.0 0.0 0.517 0.0 0.517 0.517 0.0 0.517 0.517 0.517 0.517 0.517 0.517 0.517 0.517 0.517 0.517 0.0 0.517 0.517 0.517 0.517 0.517 0.0 0.517 0.517 0.517 0.0 0.517 0.621 4.865 6.211 6.418 6.211 6.314 6.521 5.176 1.552 1.552 1.552 5.072 1.242 0.517 0.517 0.517 0.517 0.517 0.517 0.517 0.517 0.517 0.517 0.517 0.517 0.0 0.517 0.517 0.0 0.517 0.517 0.0 0.517 0.517 0.517 0.0 0.517 0.0 0.517 0.517 0.0 0.517 0.0 0.0 0.517 0.517 0.517 0.517 0.517 0.517 0.517 0.517 0.621 0.517 0.517 0.517 0.621 0.621 0.517 0.517 0.517 0.517 0.517 0.517 0.517 0.517 
