# name: phAngle
# type: matrix
# rows: 1
# columns: 358
 333 333 333 333 333 333 333 333 333 333 333 333 333 333 333 333 333 333 333 333 333 333 333 333 333 333 333 333 333 333 333 333 333 0 341 341 341 341 341 341 341 341 341 341 341 341 359 359 341 341 341 341 341 341 341 341 341 341 341 341 341 341 341 341 341 341 333 333 333 333 333 333 333 333 333 333 333 333 333 333 333 333 333 333 333 333 333 333 333 333 341 0 0 0 0 0 0 0 0 0 0 0 0 0 0 0 0 0 0 0 0 0 0 0 0 0 0 0 0 0 0 0 0 0 0 0 0 0 0 0 0 0 0 0 0 0 0 0 0 0 0 0 0 0 0 0 0 0 0 0 0 0 0 0 0 0 0 0 0 0 0 0 0 0 0 0 0 0 0 0 0 341 359 350 341 341 341 341 341 341 359 350 341 341 341 341 341 341 341 341 341 341 341 341 341 341 341 341 341 341 333 333 333 333 333 333 333 333 333 333 333 333 333 333 333 333 333 333 333 333 333 333 333 333 333 333 333 333 333 333 333 333 333 333 333 333 333 333 333 333 333 333 333 333 333 333 333 333 333 333 359 341 341 341 341 341 359 341 359 341 341 341 359 341 341 341 341 341 341 341 341 341 341 341 341 341 341 341 341 341 341 333 333 333 333 333 333 333 333 0 0 0 0 0 0 0 0 0 0 0 0 0 0 0 0 0 0 0 0 0 0 0 0 0 0 0 0 0 0 0 0 0 0 0 0 0 0 0 0 0 0 0 0 0 0 0 0 0 0 0 0 0 0 0 0 0 0 0 0 0 0 0 0 0 0 0 0 0 
# name: freq
# type: matrix
# rows: 1
# columns: 358
 50.0 50.0 50.0 50.0 50.0 50.0 50.0 50.0 50.0 50.0 50.0 50.0 50.0 50.0 50.0 50.0 50.0 50.0 50.0 50.0 50.0 50.0 50.0 50.0 50.0 50.0 50.0 50.0 50.0 50.0 50.0 50.0 50.0 50.0 50.0 50.0 50.0 50.0 50.0 50.0 50.0 50.0 50.0 50.0 50.0 50.0 50.0 50.0 50.0 50.0 50.0 50.0 50.0 50.0 50.0 50.0 50.0 50.0 50.0 50.0 50.0 50.0 50.0 50.0 50.0 50.0 50.0 50.0 50.0 50.0 50.0 50.0 50.0 50.0 50.0 50.0 50.0 50.0 50.0 50.0 50.0 50.0 50.0 50.0 50.0 50.0 50.0 50.0 50.0 50.0 50.0 50.0 50.0 50.0 50.0 50.0 50.0 50.0 50.0 50.0 50.0 50.0 50.0 50.0 50.0 50.0 50.0 50.0 50.0 50.0 50.0 50.0 50.0 50.0 50.0 50.0 50.0 50.0 50.0 50.0 50.0 50.0 50.0 50.0 50.0 50.0 50.0 50.0 50.0 50.0 49.9 50.0 50.0 50.0 49.9 50.0 50.0 50.0 50.0 50.0 50.0 49.9 50.0 49.9 50.0 50.0 50.0 50.0 50.0 50.0 50.0 50.0 50.0 50.0 50.0 50.0 50.0 50.0 50.0 50.0 50.0 50.0 50.0 50.0 50.0 49.9 50.0 49.9 50.0 49.9 49.9 49.9 49.9 50.0 50.0 49.9 50.0 49.9 49.9 50.0 50.0 49.9 49.9 50.0 50.0 50.0 50.0 50.0 50.0 50.0 50.0 50.0 50.0 50.0 50.0 50.0 50.0 50.0 50.0 50.0 50.0 50.0 50.0 50.0 50.0 50.0 50.0 50.0 50.0 50.0 50.0 50.0 50.0 50.0 50.0 50.0 50.0 50.0 50.0 50.0 50.0 50.0 50.0 50.0 50.0 50.0 50.0 50.0 50.0 50.0 50.0 50.0 50.0 50.0 50.0 50.0 50.0 50.0 50.0 50.0 50.0 50.0 50.0 50.0 50.0 50.0 50.0 50.0 50.0 50.0 50.0 50.0 50.0 50.0 50.0 50.0 50.0 50.0 50.0 50.0 50.0 50.0 50.0 50.0 50.0 50.0 50.0 50.0 50.0 50.0 50.0 50.0 50.0 50.0 50.0 50.0 50.0 50.0 50.0 50.0 50.0 50.0 50.0 50.0 50.0 50.0 50.0 50.0 50.0 50.0 50.0 50.0 50.0 50.0 50.0 50.0 50.0 50.0 50.0 50.0 50.0 50.0 50.0 50.0 50.0 50.0 50.0 50.0 50.0 50.0 50.0 50.0 50.0 50.0 50.0 50.0 50.0 50.0 50.0 50.0 50.0 50.0 50.0 50.0 50.0 50.0 50.0 50.0 50.0 50.0 50.0 50.0 50.0 50.0 50.0 50.0 50.0 50.0 50.0 50.0 50.0 50.0 50.0 50.0 50.0 50.0 50.0 50.0 50.0 50.0 50.0 50.0 50.0 50.0 50.0 50.0 50.0 50.0 
# name: reacPower
# type: matrix
# rows: 1
# columns: 358
 -3.519 -3.519 -3.519 -3.519 -3.519 -3.519 -3.519 -3.519 -3.519 -3.519 -3.519 -3.519 -3.519 -3.519 -3.519 -3.519 -3.519 -3.519 -3.519 -3.519 -3.519 -3.519 -3.623 -3.519 -3.519 -3.519 -3.519 -3.519 -3.519 -3.519 -3.519 -3.519 -3.519 -3.623 -3.416 -3.416 -3.416 -3.416 -3.416 -3.416 -3.416 -3.416 -3.416 -3.519 -3.416 -3.416 -11.076 -9.73 -3.519 -3.416 -3.416 -3.416 -3.519 -3.416 -3.416 -3.519 -3.519 -3.519 -3.519 -3.416 -3.519 -3.519 -3.416 -3.416 -3.519 -3.519 -3.519 -3.519 -3.519 -3.519 -3.519 -3.519 -3.83 -3.726 -3.416 -3.726 -3.83 -3.519 -3.726 -3.726 -3.519 -3.726 -3.726 -3.416 -3.726 -3.726 -3.416 -3.726 -3.726 -3.416 -3.933 0.0 0.0 0.0 0.0 0.0 0.0 0.0 0.0 0.0 0.0 0.0 0.0 0.0 0.0 0.0 0.0 0.0 0.0 0.0 0.0 0.0 0.0 0.0 0.0 0.0 0.0 0.0 0.0 0.0 0.0 0.0 0.0 0.0 0.0 0.0 0.0 0.0 0.0 0.0 0.0 0.0 0.0 0.0 0.0 0.0 0.0 0.0 0.0 0.0 0.0 0.0 0.0 0.0 0.0 0.0 0.0 0.0 0.0 0.0 0.0 0.0 0.0 0.0 0.0 0.0 0.0 0.0 0.0 0.0 0.0 0.0 0.0 0.0 0.0 0.0 0.0 0.0 0.0 0.0 -5.486 -3.623 -7.246 -3.83 -3.623 -3.623 -3.623 -3.623 -3.623 -3.519 -11.18 -5.279 -3.933 -3.933 -3.933 -3.933 -3.933 -3.933 -3.933 -3.933 -3.933 -4.037 -3.726 -3.726 -3.726 -3.623 -3.623 -3.726 -3.726 -3.726 -3.83 -3.726 -3.83 -3.726 -3.726 -3.726 -3.83 -3.83 -3.83 -3.726 -3.83 -3.83 -3.83 -3.83 -3.83 -3.623 -3.623 -3.623 -3.623 -3.726 -3.623 -3.623 -3.623 -3.726 -3.623 -3.623 -3.726 -3.623 -3.726 -3.623 -3.623 -3.726 -3.726 -3.623 -3.726 -3.623 -3.623 -3.726 -3.623 -3.623 -3.623 -3.623 -3.726 -3.726 -3.623 -3.726 -3.726 -3.726 -3.726 -3.726 -13.25 -3.623 -3.519 -3.726 -3.519 -3.726 -10.455 -3.519 -11.594 -3.933 -3.519 -3.83 -11.49 -3.519 -3.83 -3.83 -3.519 -3.83 -3.933 -3.519 -3.726 -3.83 -3.519 -3.726 -3.83 -3.623 -3.623 -3.623 -3.623 -3.623 -3.623 -3.623 -3.623 -3.623 -3.623 -3.726 -3.623 -3.623 -3.726 0.0 0.0 0.0 0.0 0.0 0.0 0.0 0.0 0.0 0.0 0.0 0.0 0.0 0.0 0.0 0.0 0.0 0.0 0.0 0.0 0.0 0.0 0.0 0.0 0.0 0.0 0.0 0.0 0.0 0.0 0.0 0.0 0.0 0.0 0.0 0.0 0.0 0.0 0.0 0.0 0.0 0.0 0.0 0.0 0.0 0.0 0.0 0.0 0.0 0.0 0.0 0.0 0.0 0.0 0.0 0.0 0.0 0.0 0.0 0.0 0.0 0.0 0.0 0.0 0.0 0.0 0.0 0.0 0.0 
# name: power
# type: matrix
# rows: 1
# columns: 358
 4.658 4.658 4.658 4.658 4.658 4.658 4.658 4.658 4.658 4.658 4.658 4.658 4.658 4.658 4.658 4.658 4.554 4.658 4.658 4.658 4.658 4.658 4.658 4.658 4.658 4.658 4.658 4.658 4.658 4.658 4.658 4.554 4.658 794.519 7.349 7.349 7.349 7.349 7.349 7.349 7.349 7.246 7.246 7.246 7.246 7.246 433.957 415.737 7.246 7.246 7.246 7.246 7.246 7.246 7.246 7.246 7.246 7.246 7.142 7.246 7.246 7.246 7.246 7.246 7.246 7.246 4.658 4.658 4.658 4.658 4.658 4.658 4.658 4.658 4.658 4.658 4.658 4.658 4.658 4.658 4.658 4.658 4.658 4.658 4.658 4.658 4.658 4.658 4.658 4.658 8.178 0.0 0.0 0.0 0.0 0.0 0.0 0.0 0.0 0.0 0.0 0.0 0.0 0.0 0.0 0.0 0.0 0.0 0.0 0.0 0.0 0.0 0.0 0.0 0.0 0.0 0.0 0.0 0.0 0.0 0.0 0.0 0.0 0.0 0.0 0.0 0.0 0.0 0.0 0.0 0.0 0.0 0.0 0.0 0.0 0.0 0.0 0.0 0.0 0.0 0.0 0.0 0.0 0.0 0.0 0.0 0.0 0.0 0.0 0.0 0.0 0.0 0.0 0.0 0.0 0.0 0.0 0.0 0.0 0.0 0.0 0.0 0.0 0.0 0.0 0.0 0.0 0.0 0.0 0.0 636.236 7.66 356.11 12.525 7.453 7.349 7.453 7.349 7.349 7.349 376.607 25.88 7.349 7.246 7.349 7.349 7.349 7.246 7.246 7.246 7.349 7.349 7.246 7.246 7.246 7.246 7.246 7.246 7.246 7.246 4.658 4.658 4.658 4.658 4.658 4.658 4.658 4.658 4.658 4.658 4.658 4.658 4.658 4.658 4.658 4.658 4.658 4.658 4.658 4.658 4.658 4.658 4.658 4.658 4.658 4.658 4.554 4.658 4.658 4.658 4.658 4.658 4.658 4.658 4.658 4.658 4.658 4.658 4.658 4.658 4.658 4.658 4.658 4.658 4.658 4.658 4.658 4.658 4.658 4.968 429.609 7.349 7.453 7.349 7.349 7.453 368.532 7.246 418.222 7.142 7.246 7.453 381.99 7.246 7.349 7.246 7.246 7.453 7.246 7.246 7.349 7.246 7.246 7.349 7.246 7.246 7.246 7.246 7.246 7.246 7.246 4.658 4.658 4.658 4.658 4.658 4.658 4.658 4.658 0.0 0.0 0.0 0.0 0.0 0.0 0.0 0.0 0.0 0.0 0.0 0.0 0.0 0.0 0.0 0.0 0.0 0.0 0.0 0.0 0.0 0.0 0.0 0.0 0.0 0.0 0.0 0.0 0.0 0.0 0.0 0.0 0.0 0.0 0.0 0.0 0.0 0.0 0.0 0.0 0.0 0.0 0.0 0.0 0.0 0.0 0.0 0.0 0.0 0.0 0.0 0.0 0.0 0.0 0.0 0.0 0.0 0.0 0.0 0.0 0.0 0.0 0.0 0.0 0.0 0.0 0.0 0.0 0.0 
