# name: phAngle
# type: matrix
# rows: 1
# columns: 359
 293 293 293 293 293 293 293 293 293 293 293 293 293 293 293 293 293 293 293 293 293 293 293 293 293 293 293 293 293 293 293 293 293 293 293 293 293 293 293 293 293 293 293 293 293 293 293 293 293 293 293 293 293 293 293 293 293 293 293 293 293 293 293 293 293 293 293 293 293 293 293 293 293 293 293 293 293 294 294 294 293 294 294 293 294 294 294 294 294 294 294 294 294 294 293 294 294 294 294 294 294 294 349 346 341 349 341 341 349 341 346 333 346 346 346 341 349 346 333 333 346 315 315 315 315 315 315 315 315 315 315 315 315 315 315 315 315 315 315 315 315 315 315 315 315 315 315 315 300 294 294 293 293 293 293 294 293 294 293 293 293 294 293 294 294 294 294 294 294 294 294 294 294 293 294 294 294 294 294 294 294 294 346 346 349 333 333 333 333 333 341 333 341 350 346 333 333 341 315 315 315 315 315 315 315 315 315 315 315 315 315 315 315 315 315 315 315 315 315 315 315 315 315 315 315 293 293 293 293 293 293 293 293 293 293 293 293 293 293 293 293 293 293 293 293 293 293 293 293 293 293 293 293 293 293 293 293 293 294 293 294 293 293 293 293 294 294 294 293 293 293 293 293 293 292 294 294 294 294 293 293 293 294 293 293 293 294 294 294 294 294 293 294 294 293 293 293 293 294 294 349 346 346 315 315 271 271 271 271 271 271 271 271 270 271 271 271 271 271 271 271 271 271 270 271 271 271 271 271 271 271 271 271 271 271 271 271 271 271 271 270 271 271 271 271 271 271 271 270 271 271 271 271 271 271 271 271 271 271 
# name: freq
# type: matrix
# rows: 1
# columns: 359
 50.0 50.0 50.0 50.0 50.0 50.0 50.0 50.0 50.0 50.0 50.0 50.0 50.0 50.0 50.0 50.0 50.0 50.0 50.0 50.0 50.0 50.0 50.0 50.0 50.0 50.0 50.0 50.0 50.0 50.0 50.0 50.0 50.0 50.0 50.0 50.0 50.0 50.0 50.0 50.0 50.0 50.0 50.0 50.0 50.0 50.0 50.0 50.0 50.0 50.0 50.0 50.0 50.0 50.0 50.0 50.0 50.0 50.0 50.0 50.0 50.0 50.0 50.0 50.0 50.0 50.0 50.0 50.0 50.0 50.0 50.0 50.0 50.0 50.0 50.0 50.0 50.0 50.0 50.0 50.0 50.0 50.0 50.0 50.0 50.0 50.0 50.0 50.0 50.0 50.0 50.0 50.0 50.0 49.9 49.9 50.0 50.0 49.9 49.9 49.9 49.9 49.9 49.9 49.9 49.9 49.9 49.9 49.9 49.9 49.9 49.9 49.9 49.9 49.9 49.9 49.9 49.9 49.9 49.9 49.9 49.9 49.9 49.9 50.0 49.9 50.0 50.0 50.0 49.9 50.0 50.0 50.0 50.0 50.0 50.0 50.0 49.9 50.0 50.0 49.9 49.9 50.0 50.0 50.0 50.0 50.0 50.0 50.0 50.0 50.0 50.0 50.0 50.0 50.0 50.0 50.0 50.0 50.0 50.0 50.0 50.0 50.0 50.0 50.0 50.0 50.0 50.0 50.0 50.0 50.0 50.0 50.0 50.0 50.0 50.0 50.0 50.0 50.0 49.9 50.0 50.0 50.0 49.9 49.9 50.0 50.0 50.0 50.0 50.0 50.0 50.0 50.0 50.0 50.0 50.0 49.9 50.0 50.0 50.0 50.0 50.0 50.0 50.0 50.0 50.0 50.0 50.0 50.0 50.0 50.0 50.0 50.0 50.0 50.0 50.0 50.0 50.0 50.0 50.0 50.0 50.0 50.0 50.0 50.0 50.0 50.0 50.0 50.0 50.0 50.0 50.0 50.0 50.0 50.0 50.0 50.0 50.0 50.0 50.0 50.0 50.0 50.0 50.0 50.0 50.0 50.0 50.0 50.0 50.0 50.0 50.0 50.0 50.0 50.0 50.0 50.0 50.0 50.0 50.0 50.0 50.0 50.0 50.0 50.0 50.0 50.0 50.0 50.0 50.0 50.0 50.0 50.0 50.0 50.0 50.0 50.0 50.0 50.0 50.0 50.0 50.0 50.0 49.9 50.0 50.0 49.9 50.0 50.0 50.0 50.0 50.0 50.0 50.0 50.0 50.0 50.0 50.0 49.9 50.0 50.0 50.0 50.0 50.0 50.0 50.0 50.0 50.0 50.0 50.0 50.0 50.0 50.0 50.0 50.0 50.0 50.0 50.0 50.0 50.0 50.0 50.0 50.0 50.0 50.0 50.0 50.0 50.0 50.0 50.0 50.0 50.0 50.0 50.0 50.0 50.0 50.0 50.0 50.0 50.0 50.0 50.0 50.0 50.0 50.0 50.0 50.0 50.0 50.0 50.0 50.0 50.0 50.0 50.0 50.0 50.0 50.0 50.0 50.0 50.0 
# name: reacPower
# type: matrix
# rows: 1
# columns: 359
 -3.519 -3.519 -3.519 -3.519 -3.519 -3.519 -3.519 -3.519 -3.519 -3.519 -3.519 -3.519 -3.519 -3.519 -3.519 -3.519 -3.519 -3.519 -3.519 -3.519 -3.519 -3.519 -3.519 -3.519 -3.519 -3.519 -3.519 -3.519 -3.519 -3.519 -3.519 -3.519 -3.519 -3.519 -3.519 -3.519 -3.519 -3.519 -3.519 -3.519 -3.519 -3.519 -3.519 -3.519 -3.519 -3.519 -3.519 -3.519 -3.519 -3.519 -3.519 -3.519 -3.519 -3.519 -3.519 -3.519 -3.519 -3.519 -3.519 -3.519 -3.416 -3.519 -3.519 -3.519 -3.519 -3.519 -3.519 -3.519 -3.519 -3.519 -3.519 -3.519 -3.519 -3.519 -3.519 -3.519 -3.519 -3.416 -3.416 -3.416 -3.416 -3.416 -3.416 -3.416 -3.416 -3.416 -3.416 -3.416 -3.416 -3.416 -3.416 -3.416 -3.416 -3.416 -3.416 -3.312 -3.312 -3.312 -3.312 -3.312 -3.312 -3.312 -2.588 -2.691 -2.691 -2.691 -2.898 -2.898 -2.795 -2.795 -2.588 -3.105 -2.898 -2.795 -2.795 -2.795 -2.795 -2.898 -2.898 -2.898 -2.691 -3.209 -3.209 -3.209 -3.209 -3.209 -3.209 -3.209 -3.105 -3.209 -3.209 -3.105 -3.209 -3.105 -3.209 -3.209 -3.209 -3.105 -3.105 -3.105 -3.209 -3.209 -3.105 -3.105 -3.209 -3.209 -3.209 -3.209 -3.416 -3.416 -3.519 -3.519 -3.519 -3.519 -3.416 -3.416 -3.416 -3.416 -3.416 -3.519 -3.416 -3.519 -3.416 -3.416 -3.312 -3.312 -3.312 -3.312 -3.312 -3.312 -3.312 -3.312 -3.312 -3.312 -3.312 -3.312 -3.312 -3.312 -3.312 -3.312 -3.312 -3.312 -2.484 -2.691 -2.588 -2.898 -2.795 -2.795 -2.898 -2.898 -2.691 -3.002 -2.898 -2.691 -2.795 -3.002 -3.002 -2.691 -3.105 -3.209 -3.209 -3.209 -3.105 -3.105 -3.209 -3.209 -3.209 -3.105 -3.105 -3.209 -3.209 -3.105 -3.105 -3.105 -3.105 -3.105 -3.105 -3.105 -3.209 -3.105 -3.209 -3.209 -3.105 -3.105 -3.209 -3.519 -3.519 -3.519 -3.519 -3.519 -3.519 -3.519 -3.519 -3.519 -3.519 -3.519 -3.519 -3.519 -3.519 -3.519 -3.519 -3.519 -3.519 -3.416 -3.519 -3.519 -3.519 -3.519 -3.519 -3.519 -3.519 -3.519 -3.416 -3.416 -3.416 -3.519 -3.416 -3.416 -3.416 -3.416 -3.416 -3.416 -3.416 -3.416 -3.416 -3.416 -3.416 -3.416 -3.416 -3.416 -3.416 -3.416 -3.416 -3.416 -3.416 -3.312 -3.312 -3.312 -3.312 -3.416 -3.416 -3.416 -3.416 -3.416 -3.416 -3.416 -3.416 -3.416 -3.416 -3.416 -3.416 -3.416 -3.416 -3.416 -3.416 -3.416 -3.416 -3.416 -3.416 -3.416 -2.484 -2.691 -2.588 -3.002 -3.105 -3.83 -3.83 -3.83 -3.83 -3.83 -3.83 -3.83 -3.83 -3.83 -3.83 -3.83 -3.83 -3.83 -3.83 -3.83 -3.83 -3.83 -3.83 -3.83 -3.83 -3.83 -3.83 -3.83 -3.83 -3.83 -3.83 -3.83 -3.83 -3.83 -3.83 -3.83 -3.83 -3.83 -3.83 -3.83 -3.83 -3.83 -3.83 -3.83 -3.83 -3.83 -3.83 -3.83 -3.83 -3.83 -3.83 -3.83 -3.83 -3.83 -3.83 -3.83 -3.83 -3.83 -3.83 
# name: power
# type: matrix
# rows: 1
# columns: 359
 1.449 1.449 1.449 1.449 1.449 1.449 1.449 1.449 1.449 1.449 1.449 1.449 1.449 1.449 1.449 1.449 1.449 1.449 1.449 1.449 1.449 1.449 1.449 1.449 1.449 1.449 1.449 1.449 1.449 1.449 1.449 1.449 1.449 1.449 1.449 1.449 1.449 1.449 1.449 1.449 1.449 1.449 1.449 1.449 1.449 1.449 1.449 1.449 1.449 1.449 1.449 1.449 1.449 1.449 1.449 1.449 1.449 1.449 1.449 1.449 1.449 1.449 1.449 1.449 1.449 1.449 1.449 1.449 1.449 1.449 1.449 1.449 1.449 1.449 1.449 1.449 1.449 1.449 1.449 1.449 1.449 1.449 1.449 1.449 1.449 1.449 1.449 1.449 1.449 1.449 1.449 1.449 1.449 1.449 1.449 1.449 1.449 1.449 1.449 1.449 1.449 1.449 11.697 10.144 7.66 10.973 7.66 7.246 11.283 6.832 10.144 4.761 9.523 9.937 8.385 8.074 12.111 9.109 5.176 6.004 9.834 3.105 3.105 3.105 3.105 3.105 3.105 3.105 3.209 3.105 3.105 3.105 3.209 3.105 3.105 3.105 3.105 3.209 3.105 3.105 3.105 3.209 3.209 3.105 3.105 3.209 3.105 3.105 1.966 1.449 1.449 1.449 1.449 1.449 1.449 1.449 1.449 1.449 1.449 1.449 1.449 1.449 1.449 1.552 1.449 1.449 1.449 1.449 1.449 1.449 1.449 1.449 1.449 1.345 1.449 1.449 1.449 1.449 1.449 1.449 1.449 1.449 9.006 9.42 11.18 4.14 5.486 4.658 4.658 4.865 7.867 4.451 6.418 12.94 8.799 4.244 4.347 7.867 3.105 3.105 3.105 3.105 3.105 3.105 3.105 3.105 3.105 3.105 3.105 3.209 3.105 3.105 3.105 3.105 3.105 3.105 3.105 3.209 3.105 3.105 3.105 3.105 3.105 3.209 3.105 1.449 1.449 1.449 1.449 1.449 1.449 1.449 1.449 1.449 1.449 1.449 1.449 1.449 1.449 1.449 1.449 1.449 1.449 1.449 1.449 1.449 1.449 1.449 1.449 1.449 1.449 1.449 1.449 1.449 1.449 1.449 1.449 1.449 1.449 1.449 1.449 1.449 1.449 1.449 1.449 1.449 1.449 1.449 1.449 1.449 1.449 1.449 1.449 1.449 1.345 1.449 1.449 1.449 1.449 1.449 1.449 1.449 1.449 1.449 1.449 1.449 1.449 1.449 1.449 1.449 1.449 1.449 1.449 1.449 1.449 1.449 1.449 1.449 1.449 1.552 11.801 8.902 8.695 3.726 2.898 0.0 0.0 0.0 0.0 0.0 0.0 0.0 0.0 0.0 0.0 0.0 0.0 0.0 0.0 0.0 0.0 0.0 0.0 0.0 0.0 0.0 0.0 0.0 0.0 0.0 0.0 0.0 0.0 0.0 0.0 0.0 0.0 0.0 0.0 0.0 0.0 0.0 0.0 0.0 0.0 0.0 0.0 0.0 0.0 0.0 0.0 0.0 0.0 0.0 0.0 0.0 0.0 0.0 0.0 
