# name: phAngle
# type: matrix
# rows: 1
# columns: 359
 0 0 0 0 323 322 323 0 323 298 299 299 299 300 0 300 301 300 299 0 299 299 300 299 299 300 300 299 300 0 0 299 299 299 300 300 300 0 299 299 299 300 0 0 300 0 0 299 299 299 299 299 0 299 299 0 299 0 0 0 299 300 299 300 299 299 0 299 299 300 299 0 300 300 299 300 299 300 300 0 298 300 0 299 0 299 299 299 300 0 0 0 300 0 299 299 0 299 0 0 299 0 299 299 299 299 0 299 0 0 301 300 299 299 0 300 0 0 299 300 0 299 0 0 299 0 299 299 0 0 0 0 0 0 0 0 300 0 299 299 299 0 0 300 331 323 320 323 299 0 299 0 327 0 0 0 328 328 0 0 322 0 298 298 299 299 299 299 0 299 0 300 0 0 300 299 299 299 299 0 0 299 299 298 299 0 299 299 0 299 299 299 0 0 299 299 298 299 299 299 299 299 298 299 299 299 299 298 298 299 299 300 299 299 299 299 299 299 299 299 299 299 299 0 299 298 0 300 0 299 0 0 0 0 0 315 0 0 0 0 0 0 0 328 328 0 0 322 0 299 0 0 0 0 299 299 0 0 299 0 0 299 0 0 0 0 299 299 299 0 0 0 299 299 299 299 299 300 0 299 299 300 299 299 299 300 299 299 299 299 300 300 300 299 299 299 298 299 0 0 299 300 299 0 0 0 0 0 0 0 0 331 0 0 0 0 0 0 0 328 328 0 0 322 0 299 0 299 299 0 0 299 0 0 299 299 0 0 0 298 299 0 0 299 0 300 299 0 298 0 0 0 0 0 0 0 299 298 299 
# name: freq
# type: matrix
# rows: 1
# columns: 359
 50.0 50.0 50.0 50.0 50.0 50.0 50.0 50.0 50.0 50.0 50.0 50.0 50.0 50.0 50.0 50.0 50.0 50.0 50.0 50.0 50.0 50.0 50.0 50.0 50.0 50.0 50.0 50.0 50.0 50.1 50.0 50.0 50.0 50.0 50.0 50.0 50.0 50.0 50.0 50.0 50.0 50.0 50.0 50.0 50.0 50.0 50.0 50.0 50.0 50.0 50.0 50.0 50.0 50.0 50.0 50.0 50.0 50.0 50.1 50.0 50.0 50.0 50.0 50.0 50.0 50.0 50.0 50.0 50.0 50.0 50.0 50.0 50.0 50.0 50.0 50.0 50.0 50.0 50.0 50.0 50.0 50.0 50.0 50.0 50.0 50.0 50.0 50.0 50.0 50.0 50.1 50.0 50.0 50.0 50.0 50.0 50.0 50.0 50.0 50.0 50.0 50.0 50.0 50.1 50.0 50.0 50.0 50.0 50.0 50.0 50.0 50.0 50.0 50.0 50.0 50.0 50.0 50.0 50.0 50.0 50.0 50.0 50.0 50.0 50.0 50.0 50.0 50.0 50.0 50.0 50.0 50.0 50.0 50.0 50.0 50.0 50.0 50.0 50.0 50.0 50.0 50.1 50.1 50.0 50.1 50.0 50.0 50.1 50.0 50.0 50.0 50.0 50.0 50.1 50.0 50.0 50.0 50.0 50.0 50.0 50.0 50.0 50.0 50.0 50.0 50.0 50.0 50.0 50.0 50.0 50.0 50.0 50.0 50.0 50.0 50.0 50.0 50.0 50.0 50.0 50.0 50.0 50.0 50.0 50.0 50.0 50.0 50.0 50.0 50.0 50.0 50.0 50.0 50.0 50.0 50.0 50.0 50.0 50.0 50.0 50.0 50.0 50.0 50.0 50.0 50.0 50.0 50.0 50.0 50.0 50.0 50.0 50.0 50.0 50.0 50.0 50.0 50.0 50.0 50.0 50.0 50.0 50.0 50.0 50.0 50.0 50.0 50.0 50.0 50.0 50.0 50.0 50.0 50.0 50.0 50.0 50.0 50.0 50.0 50.0 50.0 50.0 50.0 50.0 50.0 50.0 50.0 50.0 50.0 50.0 50.0 50.0 50.0 50.0 50.0 50.0 50.0 50.0 50.0 50.0 50.0 50.0 50.0 50.0 50.0 50.0 50.0 50.0 50.0 50.0 50.0 50.0 50.0 50.0 50.0 50.0 50.0 50.0 50.0 50.0 50.0 50.0 50.0 50.0 50.0 50.0 50.0 50.0 50.0 50.0 50.0 50.0 50.0 50.0 50.0 50.0 50.0 50.0 50.0 50.0 50.0 50.0 50.0 50.0 50.0 50.0 50.0 50.0 50.0 50.0 50.0 50.0 50.0 50.0 50.0 50.0 50.0 50.0 50.0 50.0 50.0 50.0 50.0 50.0 50.0 50.0 50.0 50.0 50.0 50.0 50.0 50.0 50.0 50.0 50.0 50.0 50.0 50.0 50.0 50.0 50.0 50.0 50.0 50.0 50.0 50.0 50.0 50.0 50.0 50.0 50.0 50.0 50.0 50.0 50.0 50.0 50.0 50.0 50.0 
# name: reacPower
# type: matrix
# rows: 1
# columns: 359
 0.0 0.0 -1.138 -0.828 -0.931 -0.931 -0.931 -0.828 -0.931 -1.035 -1.035 -1.035 -1.035 -1.035 0.0 -1.035 -1.035 -1.035 -1.035 0.0 -1.035 -1.035 -1.035 -1.035 -1.035 -1.035 -1.035 -1.035 -1.035 0.0 0.0 -1.035 -1.035 -1.035 -1.035 -1.035 -1.035 0.0 -1.035 -1.035 -1.035 -1.035 0.0 0.0 -1.035 0.0 0.0 -1.035 -1.035 -1.035 -1.035 -1.035 0.0 -1.035 -1.035 0.0 -1.035 0.0 0.0 0.0 -1.035 -1.035 -1.035 -1.035 -1.035 -1.035 0.0 -1.035 -1.035 -1.035 -1.035 0.0 -1.035 -1.035 -1.035 -1.035 -1.035 -1.035 -1.035 0.0 -1.035 -1.035 0.0 -1.035 0.0 -1.035 -1.035 -1.035 -1.035 0.0 0.0 0.0 -1.035 0.0 -1.035 -1.035 0.0 -1.035 0.0 0.0 -1.035 0.0 -1.035 -1.035 -1.035 -1.035 0.0 -1.035 0.0 0.0 -1.035 -1.035 -1.035 -1.035 0.0 -1.035 0.0 0.0 -1.035 -1.035 0.0 -1.035 0.0 0.0 -1.035 0.0 -1.035 -1.035 0.0 0.0 0.0 0.0 0.0 0.0 0.0 0.0 -1.035 0.0 -1.035 -1.035 -1.035 0.0 0.0 -1.035 -0.931 -0.931 -1.035 -0.931 -1.035 0.0 -1.035 0.0 -0.931 -0.931 -1.035 -0.931 -0.931 -0.931 -1.759 -0.931 -0.931 0.0 -1.035 -1.035 -1.035 -1.035 -1.035 -1.035 0.0 -1.035 0.0 -1.035 0.0 0.0 -1.035 -1.035 -1.035 -1.035 -1.035 0.0 0.0 -1.035 -1.035 -1.035 -1.035 0.0 -1.035 -1.035 0.0 -1.035 -1.035 -1.035 0.0 0.0 -1.035 -1.035 -1.035 -1.035 -1.035 -1.035 -1.035 -1.035 -1.035 -1.035 -1.035 -1.035 -1.035 -1.035 -1.035 -1.035 -1.035 -1.035 -1.035 -1.035 -1.035 -1.035 -1.035 -1.035 -1.035 -1.035 -1.035 -1.035 -1.035 0.0 -1.035 -1.035 0.0 -1.035 0.0 -1.035 0.0 0.0 0.0 0.0 0.0 -1.138 -0.931 -1.035 -1.035 -0.931 -1.035 -0.931 -0.931 -0.931 -0.931 -0.931 -0.931 -0.931 0.0 -1.035 0.0 0.0 0.0 0.0 -1.035 -1.035 0.0 0.0 -1.035 0.0 0.0 -1.035 0.0 0.0 0.0 0.0 -1.035 -1.035 -1.035 0.0 0.0 0.0 -1.035 -1.035 -1.035 -1.035 -1.035 -1.035 0.0 -1.035 -1.035 -1.035 -1.035 -1.035 -1.035 -1.035 -1.035 -1.035 -1.035 -1.035 -1.035 -1.035 -1.035 -1.035 -1.035 -1.035 -1.035 -1.035 0.0 0.0 -1.035 -1.035 -1.035 0.0 0.0 0.0 0.0 0.0 0.0 0.0 0.0 -0.931 -0.931 -1.035 -1.035 -1.138 -1.035 -1.138 -0.931 -0.931 -0.931 -0.931 -0.931 -0.931 0.0 -1.035 0.0 -1.035 -1.035 0.0 0.0 -1.035 0.0 0.0 -1.035 -1.035 0.0 0.0 0.0 -1.035 -1.035 0.0 0.0 -1.035 0.0 -1.035 -1.035 0.0 -1.035 0.0 0.0 0.0 0.0 0.0 0.0 0.0 -1.035 -1.035 -1.035 
# name: power
# type: matrix
# rows: 1
# columns: 359
 0.0 0.0 7.349 3.519 1.242 1.242 1.242 5.59 1.242 0.517 0.517 0.517 0.517 0.517 0.0 0.517 0.621 0.517 0.517 0.0 0.517 0.621 0.621 0.517 0.517 0.621 0.621 0.517 0.517 0.0 0.0 0.517 0.517 0.517 0.621 0.517 0.621 0.0 0.517 0.517 0.517 0.517 0.0 0.0 0.621 0.0 0.0 0.517 0.517 0.517 0.517 0.517 0.0 0.517 0.517 0.0 0.517 0.0 0.0 0.0 0.517 0.621 0.517 0.517 0.517 0.517 0.0 0.517 0.517 0.621 0.517 0.0 0.621 0.621 0.517 0.621 0.517 0.621 0.621 0.0 0.517 0.517 0.0 0.517 0.0 0.517 0.517 0.517 0.621 0.0 0.0 0.0 0.517 0.0 0.517 0.517 0.0 0.621 0.0 0.0 0.517 0.0 0.517 0.517 0.621 0.517 0.0 0.517 0.0 0.0 0.621 0.621 0.517 0.517 0.0 0.621 0.0 0.0 0.517 0.517 0.0 0.517 0.0 0.0 0.517 0.0 0.517 0.517 0.0 0.0 0.0 0.0 0.0 0.0 0.0 0.0 0.621 0.0 0.517 0.517 0.517 0.0 0.0 0.517 1.656 1.242 1.242 1.242 0.517 0.0 0.517 0.0 1.449 4.244 6.625 4.658 1.552 1.552 10.041 5.797 1.242 0.0 0.517 0.517 0.517 0.517 0.517 0.517 0.0 0.517 0.0 0.517 0.0 0.0 0.517 0.517 0.517 0.517 0.517 0.0 0.0 0.517 0.517 0.517 0.517 0.0 0.517 0.517 0.0 0.517 0.517 0.517 0.0 0.0 0.517 0.517 0.517 0.621 0.517 0.517 0.517 0.517 0.517 0.517 0.517 0.517 0.517 0.517 0.517 0.517 0.517 0.517 0.517 0.517 0.517 0.517 0.517 0.517 0.517 0.517 0.517 0.517 0.517 0.0 0.517 0.517 0.0 0.517 0.0 0.517 0.0 0.0 0.0 0.0 0.0 1.138 4.451 5.693 5.693 4.761 6.314 4.658 4.761 1.552 1.552 5.693 5.797 1.242 0.0 0.517 0.0 0.0 0.0 0.0 0.517 0.517 0.0 0.0 0.517 0.0 0.0 0.517 0.0 0.0 0.0 0.0 0.517 0.517 0.517 0.0 0.0 0.0 0.621 0.517 0.517 0.517 0.517 0.517 0.0 0.517 0.517 0.517 0.517 0.517 0.517 0.517 0.517 0.517 0.517 0.517 0.517 0.517 0.517 0.517 0.517 0.517 0.517 0.517 0.0 0.0 0.517 0.517 0.517 0.0 0.0 0.0 0.0 0.0 0.0 0.0 0.0 1.656 5.176 5.486 5.797 6.418 6.004 6.418 2.898 1.552 1.552 4.968 5.797 1.242 0.0 0.517 0.0 0.517 0.517 0.0 0.0 0.517 0.0 0.0 0.517 0.517 0.0 0.0 0.0 0.517 0.517 0.0 0.0 0.517 0.0 0.517 0.517 0.0 0.517 0.0 0.0 0.0 0.0 0.0 0.0 0.0 0.517 0.517 0.517 
