# name: phAngle
# type: matrix
# rows: 1
# columns: 359
 295 294 295 295 293 294 295 294 294 295 293 293 295 294 294 295 294 293 293 295 293 294 295 293 294 295 294 293 295 294 293 295 295 294 294 295 294 294 295 294 293 294 294 293 295 295 293 294 295 294 294 295 294 293 295 295 294 294 295 294 293 295 295 293 294 294 293 294 295 294 293 295 294 294 295 295 293 294 295 294 294 295 294 294 295 294 294 294 295 293 294 295 294 294 295 294 294 293 294 294 294 293 295 294 293 294 295 293 294 295 294 294 295 294 293 0 0 0 328 0 0 0 0 328 327 0 0 322 295 294 295 294 294 294 295 293 294 295 295 294 295 295 294 294 295 294 294 295 294 293 295 295 294 294 295 293 294 294 294 293 295 295 293 294 295 293 294 295 294 294 295 293 293 295 294 293 295 295 293 295 294 293 294 295 294 294 295 294 293 295 294 293 294 295 294 0 318 294 294 293 293 294 294 293 293 294 293 293 295 293 292 294 293 293 293 294 293 293 294 293 293 295 293 293 295 294 293 294 294 292 293 294 294 293 294 293 293 294 293 293 293 294 293 293 294 293 293 293 294 0 321 294 293 293 294 295 293 294 295 294 293 295 293 293 295 294 293 294 295 294 294 295 293 294 294 294 293 294 294 294 294 294 294 293 295 294 294 294 295 293 294 295 294 293 295 0 0 0 0 328 0 0 0 327 327 327 0 0 322 294 293 295 293 293 294 294 293 295 294 294 294 295 294 294 296 294 294 295 294 293 295 294 293 294 295 293 294 295 294 294 295 294 294 294 294 294 294 295 295 294 296 295 293 295 294 293 294 295 294 
# name: freq
# type: matrix
# rows: 1
# columns: 359
 50.0 50.0 50.0 50.0 50.0 50.0 50.0 50.0 50.0 50.0 50.0 50.0 50.0 50.0 50.0 50.0 50.0 50.0 50.0 50.0 50.0 50.0 50.0 50.0 50.0 50.0 50.0 50.0 50.0 50.0 50.0 50.0 50.0 50.0 50.0 50.0 50.0 50.0 50.0 50.0 50.0 50.0 50.0 50.0 50.0 50.0 50.0 50.0 50.0 50.0 50.0 50.0 50.0 50.0 50.0 50.0 50.0 50.0 50.0 50.0 50.0 50.0 50.0 50.0 50.0 50.0 50.0 50.0 50.0 50.0 50.0 50.0 50.0 50.0 50.0 50.0 50.0 50.0 50.0 50.0 50.0 50.0 50.0 50.0 50.0 50.0 50.0 50.0 50.0 50.0 50.0 50.0 50.0 50.0 50.0 50.0 50.0 50.0 50.0 50.0 50.0 50.0 50.0 50.0 50.0 50.0 50.0 50.0 50.0 50.0 50.0 50.0 50.0 50.0 50.0 50.0 50.0 50.0 50.0 50.0 50.0 50.0 50.0 50.0 50.0 50.0 50.0 50.0 50.0 50.0 50.0 50.0 50.0 50.0 50.0 50.0 50.0 50.0 50.0 50.0 50.0 50.0 50.0 50.0 50.0 50.0 50.0 50.0 50.0 50.0 50.0 50.0 50.0 50.0 50.0 50.0 50.0 50.0 50.0 50.0 50.0 50.0 50.0 50.0 50.0 50.0 50.0 50.0 50.0 50.0 50.0 50.0 50.0 50.0 50.0 50.0 50.0 50.0 50.0 50.0 50.0 50.0 50.0 50.0 50.0 50.0 50.0 50.0 50.0 50.0 50.0 50.0 50.0 50.0 50.0 50.0 50.0 50.0 50.0 50.0 50.0 50.0 50.0 50.0 50.0 50.0 50.0 50.0 50.0 50.0 50.0 50.0 50.0 50.0 50.0 50.0 50.0 50.0 50.0 50.0 50.0 50.0 50.0 50.0 50.0 50.0 50.0 50.0 50.0 50.0 50.0 50.0 50.0 50.0 50.0 50.0 50.0 50.0 50.0 50.0 50.0 50.0 50.0 50.0 50.0 50.0 50.0 50.0 50.0 50.0 50.0 50.0 50.0 50.0 50.0 50.0 50.0 50.0 50.0 50.0 50.0 50.0 50.0 50.0 50.0 50.0 50.0 50.0 50.0 50.0 50.0 50.0 50.0 50.0 50.0 50.0 50.0 50.0 50.0 50.0 50.0 50.0 50.0 50.0 50.0 50.0 50.0 50.0 50.0 50.0 50.0 50.0 50.0 50.0 50.0 50.0 50.0 50.0 50.0 50.0 50.0 50.0 50.0 50.0 50.0 50.0 50.0 50.0 50.0 50.0 50.0 50.0 50.0 50.0 50.0 50.0 50.0 50.0 50.0 50.0 50.0 50.0 50.0 50.0 50.0 50.0 50.0 50.0 50.0 50.0 50.0 50.0 50.0 50.0 50.0 50.0 50.0 50.0 50.0 50.0 50.0 50.0 50.0 50.0 50.0 50.0 50.0 50.0 50.0 50.0 50.0 50.0 50.0 50.0 50.0 50.0 50.0 50.0 50.0 
# name: reacPower
# type: matrix
# rows: 1
# columns: 359
 -1.248 -1.248 -1.248 -1.248 -1.248 -1.353 -1.248 -1.248 -1.248 -1.353 -1.248 -1.248 -1.248 -1.353 -1.248 -1.248 -1.248 -1.248 -1.353 -1.248 -1.248 -1.248 -1.248 -1.248 -1.248 -1.248 -1.353 -1.248 -1.353 -1.248 -1.248 -1.248 -1.248 -1.248 -1.248 -1.248 -1.248 -1.248 -1.248 -1.248 -1.248 -1.248 -1.248 -1.248 -1.248 -1.248 -1.248 -1.248 -1.248 -1.248 -1.248 -1.248 -1.248 -1.248 -1.248 -1.248 -1.248 -1.248 -1.248 -1.248 -1.248 -1.248 -1.248 -1.248 -1.248 -1.248 -1.248 -1.248 -1.248 -1.248 -1.248 -1.248 -1.248 -1.248 -1.248 -1.248 -1.248 -1.248 -1.248 -1.248 -1.248 -1.248 -1.248 -1.248 -1.248 -1.248 -1.248 -1.248 -1.248 -1.248 -1.248 -1.248 -1.248 -1.248 -1.248 -1.248 -1.248 -1.248 -1.248 -1.248 -1.248 -1.248 -1.248 -1.248 -1.248 -1.248 -1.248 -1.248 -1.248 -1.248 -1.248 -1.248 -1.248 -1.248 -1.248 -1.144 -1.04 -1.04 -1.144 -1.04 -1.248 -1.248 -1.353 -1.144 -1.144 -1.144 -1.04 -1.144 -1.248 -1.248 -1.248 -1.248 -1.248 -1.248 -1.248 -1.248 -1.248 -1.248 -1.248 -1.248 -1.248 -1.248 -1.248 -1.248 -1.248 -1.248 -1.248 -1.248 -1.248 -1.248 -1.248 -1.248 -1.248 -1.248 -1.248 -1.248 -1.248 -1.248 -1.248 -1.248 -1.248 -1.248 -1.248 -1.248 -1.248 -1.248 -1.248 -1.248 -1.248 -1.353 -1.248 -1.248 -1.248 -1.353 -1.353 -1.353 -1.248 -1.248 -1.248 -1.248 -1.248 -1.248 -1.248 -1.248 -1.248 -1.248 -1.248 -1.353 -1.248 -1.248 -1.353 -1.248 -1.353 -1.248 -1.248 -1.248 -1.248 -1.248 -1.248 -1.248 -1.248 -1.353 -1.248 -1.353 -1.353 -1.353 -1.353 -1.248 -1.353 -1.353 -1.353 -1.353 -1.248 -1.353 -1.353 -1.248 -1.353 -1.353 -1.353 -1.248 -1.248 -1.248 -1.248 -1.248 -1.248 -1.248 -1.248 -1.353 -1.353 -1.353 -1.353 -1.353 -1.248 -1.353 -1.248 -1.248 -1.248 -1.353 -1.353 -1.248 -1.353 -1.353 -1.248 -1.353 -1.248 -1.353 -1.353 -1.353 -1.353 -1.144 -1.144 -1.353 -1.353 -1.248 -1.248 -1.248 -1.248 -1.353 -1.353 -1.248 -1.353 -1.353 -1.353 -1.353 -1.353 -1.353 -1.248 -1.353 -1.353 -1.248 -1.248 -1.353 -1.353 -1.248 -1.353 -1.248 -1.248 -1.248 -1.353 -1.248 -1.248 -1.248 -1.248 -1.353 -1.248 -1.353 -1.248 -1.248 -1.248 -1.248 -1.248 -1.248 -1.248 -1.353 -1.353 -1.144 -1.248 -1.248 -1.248 -1.144 -1.248 -1.248 -1.248 -1.144 -1.144 -1.144 -1.04 -1.04 -1.144 -1.248 -1.248 -1.248 -1.353 -1.353 -1.248 -1.248 -1.353 -1.248 -1.248 -1.248 -1.248 -1.248 -1.248 -1.248 -1.248 -1.248 -1.248 -1.248 -1.248 -1.248 -1.248 -1.248 -1.248 -1.248 -1.248 -1.248 -1.248 -1.248 -1.248 -1.248 -1.248 -1.248 -1.248 -1.248 -1.248 -1.248 -1.248 -1.248 -1.248 -1.248 -1.248 -1.248 -1.248 -1.248 -1.248 -1.248 -1.248 -1.248 -1.248 
# name: power
# type: matrix
# rows: 1
# columns: 359
 0.52 0.52 0.52 0.624 0.52 0.52 0.624 0.52 0.52 0.624 0.52 0.52 0.624 0.52 0.52 0.52 0.52 0.52 0.52 0.624 0.52 0.52 0.624 0.52 0.52 0.624 0.52 0.52 0.52 0.52 0.52 0.52 0.624 0.52 0.52 0.624 0.52 0.52 0.624 0.52 0.52 0.52 0.52 0.52 0.52 0.52 0.52 0.52 0.52 0.52 0.52 0.52 0.52 0.52 0.52 0.52 0.52 0.52 0.52 0.52 0.52 0.52 0.52 0.52 0.52 0.52 0.52 0.52 0.52 0.52 0.52 0.624 0.52 0.52 0.52 0.52 0.52 0.52 0.52 0.52 0.52 0.624 0.52 0.52 0.624 0.52 0.52 0.52 0.52 0.52 0.52 0.624 0.52 0.52 0.624 0.52 0.52 0.52 0.52 0.52 0.52 0.52 0.52 0.52 0.52 0.52 0.52 0.52 0.52 0.52 0.52 0.52 0.52 0.52 0.52 5.203 5.412 5.932 4.579 5.932 7.91 8.326 8.222 1.769 1.769 5.62 5.932 1.457 0.52 0.52 0.624 0.52 0.52 0.52 0.52 0.52 0.52 0.52 0.52 0.52 0.52 0.52 0.52 0.52 0.52 0.52 0.52 0.52 0.52 0.52 0.52 0.52 0.52 0.52 0.52 0.52 0.52 0.52 0.52 0.52 0.52 0.624 0.52 0.52 0.52 0.52 0.52 0.52 0.52 0.52 0.52 0.52 0.52 0.624 0.52 0.52 0.624 0.52 0.52 0.52 0.52 0.52 0.52 0.52 0.52 0.52 0.52 0.52 0.52 0.52 0.52 0.52 0.52 0.52 0.52 1.977 1.353 0.52 0.52 0.52 0.52 0.52 0.52 0.52 0.52 0.52 0.52 0.52 0.52 0.52 0.52 0.52 0.52 0.52 0.52 0.52 0.52 0.52 0.52 0.52 0.52 0.52 0.52 0.52 0.52 0.52 0.52 0.52 0.52 0.52 0.52 0.52 0.52 0.52 0.52 0.52 0.52 0.52 0.52 0.52 0.52 0.52 0.52 0.52 0.52 0.52 0.52 0.52 0.52 1.977 1.457 0.52 0.52 0.624 0.52 0.52 0.52 0.624 0.52 0.52 0.52 0.52 0.52 0.52 0.52 0.52 0.624 0.52 0.52 0.52 0.624 0.52 0.52 0.624 0.52 0.52 0.52 0.52 0.52 0.52 0.52 0.52 0.52 0.624 0.52 0.52 0.52 0.52 0.52 0.52 0.52 0.52 0.52 0.624 0.52 5.203 8.43 8.638 8.222 1.873 6.973 8.43 8.534 1.769 1.769 1.769 5.724 5.516 1.457 0.52 0.52 0.52 0.52 0.52 0.52 0.52 0.52 0.624 0.52 0.52 0.52 0.52 0.52 0.52 0.624 0.52 0.52 0.52 0.52 0.52 0.52 0.52 0.52 0.52 0.52 0.52 0.52 0.52 0.52 0.52 0.52 0.52 0.52 0.52 0.52 0.52 0.52 0.52 0.52 0.52 0.624 0.52 0.52 0.52 0.52 0.52 0.52 0.52 0.52 
