# name: phAngle
# type: matrix
# rows: 1
# columns: 358
 349 347 347 347 349 349 350 347 349 347 349 349 348 347 347 349 348 347 347 347 349 350 348 348 348 348 348 348 348 348 348 348 348 348 348 348 0 0 0 358 344 344 344 344 344 344 344 344 344 344 344 344 344 344 344 344 344 344 344 344 344 347 344 347 347 347 344 347 344 349 345 347 347 349 349 347 347 349 349 347 347 347 347 359 0 344 344 344 344 344 344 344 344 344 344 344 344 344 344 344 344 344 344 344 344 344 347 344 344 344 347 344 345 347 345 344 349 347 347 347 348 347 349 344 347 347 347 344 345 349 347 349 347 347 349 347 349 347 349 347 346 349 347 349 347 347 346 346 347 344 349 345 347 347 344 347 347 348 348 348 348 348 348 348 348 348 348 348 348 348 348 348 348 348 348 348 348 348 348 348 348 348 348 348 348 348 348 348 348 348 348 348 348 348 348 348 348 348 348 348 348 348 348 348 348 348 348 348 348 348 348 348 348 348 348 348 348 348 348 348 348 348 348 348 348 348 348 348 348 348 348 348 348 348 348 348 348 348 348 348 348 348 348 348 348 348 348 348 348 348 348 348 348 348 348 348 348 348 348 348 348 348 348 348 348 348 348 348 348 348 348 348 348 348 348 348 348 348 348 348 348 348 348 348 348 348 348 348 348 348 348 348 348 348 348 348 348 348 348 348 348 348 348 348 348 348 348 348 348 348 348 348 348 348 348 348 348 348 348 348 348 348 348 348 348 348 348 348 348 348 348 348 348 348 348 348 348 348 348 348 348 348 348 348 0 0 0 344 344 344 344 344 344 344 344 344 344 344 
# name: freq
# type: matrix
# rows: 1
# columns: 358
 50.0 49.9 50.0 49.9 50.0 50.0 50.0 50.0 50.0 50.0 50.0 50.0 50.0 50.0 50.0 50.0 50.0 50.0 50.0 50.0 50.0 50.0 50.0 50.0 50.0 50.0 50.0 50.0 50.0 50.0 50.0 50.0 50.0 50.0 50.0 50.0 50.0 50.0 50.0 50.0 50.0 50.0 50.0 50.0 50.0 50.0 50.0 50.0 50.0 50.0 50.0 50.0 50.0 50.0 50.0 50.0 50.0 50.0 50.0 50.0 50.0 50.0 50.0 50.0 50.0 50.0 50.0 50.0 50.0 50.0 50.0 50.0 50.0 50.0 50.0 50.0 50.0 50.0 50.0 50.0 50.0 50.0 50.0 50.0 50.0 50.0 50.0 50.0 50.0 50.0 50.0 50.0 50.0 50.0 50.0 50.0 50.0 50.0 50.0 50.0 50.0 50.0 50.0 50.0 50.0 50.0 50.0 50.0 50.0 50.0 50.0 50.0 50.0 50.0 50.0 50.0 50.0 50.0 50.0 50.0 50.0 50.0 50.0 50.0 50.0 50.0 50.0 50.0 50.0 50.0 50.0 50.0 50.0 50.0 50.0 50.0 50.0 50.0 50.0 50.0 50.0 50.0 50.0 50.0 50.0 50.0 50.0 50.0 50.0 50.0 50.0 50.0 50.0 50.0 50.0 50.0 50.0 50.0 50.0 50.0 50.0 50.0 50.0 50.0 50.0 50.0 50.0 50.0 50.0 50.0 50.0 50.0 50.0 50.0 50.0 50.0 50.0 50.0 50.0 50.0 50.0 50.0 50.0 50.0 50.0 50.0 50.0 50.0 50.0 50.0 50.0 50.0 50.0 50.0 50.0 50.0 50.0 50.0 50.0 50.0 50.0 50.0 50.0 50.0 50.0 50.0 50.0 50.0 50.0 50.0 50.0 50.0 50.0 50.0 50.0 50.0 50.0 50.0 50.0 50.0 50.0 50.0 50.0 50.0 50.0 50.0 50.0 50.0 50.0 50.0 50.0 50.0 50.0 50.0 50.0 50.0 50.0 50.0 50.0 50.0 50.0 50.0 50.0 50.0 50.0 50.0 50.0 50.0 50.0 50.0 50.0 50.0 50.0 50.0 50.0 50.0 50.0 50.0 50.0 50.0 50.0 50.0 50.0 50.0 50.0 50.0 50.0 50.0 50.0 50.0 50.0 50.0 50.0 50.0 50.0 50.0 50.0 50.0 50.0 50.0 50.0 50.0 50.0 50.0 50.0 50.0 50.0 50.0 50.0 50.0 50.0 50.0 50.0 50.0 50.0 50.0 50.0 50.0 50.0 50.0 50.0 50.0 50.0 50.0 50.0 50.0 50.0 50.0 50.0 50.0 50.0 50.0 50.0 50.0 50.0 50.0 50.0 50.0 50.0 50.0 50.0 50.0 50.0 50.0 50.0 50.0 50.0 50.0 50.0 50.0 50.0 50.0 50.0 50.0 50.0 50.0 50.0 50.0 50.0 50.0 50.0 50.0 50.0 50.0 50.0 50.0 50.0 50.0 50.0 50.0 50.0 50.0 50.0 50.0 50.0 50.0 50.0 50.0 
# name: reacPower
# type: matrix
# rows: 1
# columns: 358
 -9.783 -9.783 -9.575 -9.783 -9.679 -9.783 -9.575 -9.575 -9.783 -9.575 -9.679 -9.679 -9.679 -9.679 -9.783 -9.471 -9.575 -9.679 -9.679 -9.575 -9.471 -7.597 -6.452 -6.452 -6.557 -6.452 -6.452 -6.557 -6.452 -6.452 -6.452 -6.452 -6.452 -6.452 -6.452 -6.452 0.0 -2.289 -1.248 -7.493 -9.575 -9.575 -9.471 -9.471 -9.471 -9.575 -9.471 -9.575 -9.471 -9.471 -9.471 -9.471 -9.575 -9.575 -9.367 -9.471 -9.367 -9.471 -9.471 -9.367 -9.367 -9.159 -9.575 -9.263 -9.367 -9.367 -9.575 -9.471 -9.471 -9.263 -9.367 -9.471 -9.471 -9.367 -9.471 -9.471 -9.575 -9.367 -9.263 -9.367 -9.367 -9.575 -9.471 -8.846 0.728 -9.575 -9.575 -9.575 -9.575 -9.575 -9.679 -9.575 -9.575 -9.575 -9.575 -9.575 -9.575 -9.575 -9.575 -9.575 -9.575 -9.575 -9.575 -9.575 -9.575 -9.575 -9.471 -9.575 -9.679 -9.471 -9.471 -9.575 -9.575 -9.575 -9.471 -9.679 -9.471 -9.367 -9.471 -9.575 -9.679 -9.575 -9.471 -9.575 -9.471 -9.575 -9.679 -9.471 -9.575 -9.263 -9.471 -9.471 -9.575 -9.471 -9.367 -9.471 -9.367 -9.575 -9.471 -9.575 -9.575 -9.263 -9.471 -9.471 -9.471 -9.471 -9.367 -9.575 -9.575 -9.575 -9.679 -9.679 -9.471 -9.575 -9.575 -9.575 -9.575 -6.452 -6.452 -6.452 -6.557 -6.452 -6.452 -6.452 -6.452 -6.452 -6.557 -6.452 -6.452 -6.557 -6.452 -6.452 -6.452 -6.452 -6.452 -6.348 -6.452 -6.348 -6.348 -6.348 -6.452 -6.452 -6.452 -6.452 -6.452 -6.452 -6.452 -6.452 -6.557 -6.557 -6.452 -6.452 -6.452 -6.452 -6.452 -6.452 -6.452 -6.452 -6.452 -6.348 -6.348 -6.452 -6.348 -6.348 -6.348 -6.348 -6.348 -6.348 -6.348 -6.452 -6.452 -6.452 -6.452 -6.452 -6.452 -6.452 -6.348 -6.452 -6.348 -6.348 -6.452 -6.452 -6.348 -6.348 -6.452 -6.452 -6.452 -6.452 -6.452 -6.348 -6.348 -6.348 -6.348 -6.452 -6.452 -6.452 -6.452 -6.452 -6.452 -6.452 -6.452 -6.452 -6.452 -6.452 -6.452 -6.452 -6.452 -6.452 -6.452 -6.452 -6.557 -6.557 -6.452 -6.452 -6.452 -6.557 -6.452 -6.452 -6.452 -6.348 -6.348 -6.452 -6.348 -6.348 -6.452 -6.348 -6.348 -6.348 -6.348 -6.348 -6.348 -6.348 -6.348 -6.348 -6.348 -6.348 -6.348 -6.348 -6.348 -6.348 -6.348 -6.348 -6.348 -6.452 -6.348 -6.348 -6.348 -6.452 -6.452 -6.348 -6.348 -6.348 -6.348 -6.348 -6.452 -6.348 -6.348 -6.452 -6.452 -6.452 -6.452 -6.348 -6.348 -6.348 -6.348 -6.348 -6.348 -6.348 -6.452 -6.452 -6.348 -6.452 -6.348 -6.348 -6.348 -6.452 -6.452 -6.348 -6.348 -6.348 -6.348 -6.348 -6.348 -6.348 -6.452 -6.348 -6.452 -6.452 -6.348 -6.348 -6.452 -6.348 -6.452 -6.348 -6.452 -6.452 -6.452 -6.348 -6.348 -6.452 -6.452 -6.452 -6.452 -6.452 0.832 -1.04 0.104 -9.575 -9.471 -9.471 -9.471 -9.575 -9.575 -9.575 -9.575 -9.575 -9.575 -9.575 
