# name: phAngle
# type: matrix
# rows: 1
# columns: 359
 271 271 270 271 271 271 271 271 271 271 271 271 271 271 271 271 271 271 271 271 270 271 271 271 271 271 271 271 271 271 271 270 271 271 271 271 299 301 349 341 349 346 315 315 315 315 315 315 315 315 315 315 315 315 315 315 315 315 315 315 315 315 315 315 315 315 315 315 315 315 294 294 294 294 294 294 294 294 296 293 294 294 294 294 294 293 294 293 293 293 346 346 346 349 333 341 341 349 315 346 341 315 315 315 315 315 315 315 315 315 315 315 315 315 315 315 315 315 315 315 315 315 315 315 315 315 315 315 294 294 294 294 294 294 294 294 294 294 294 294 294 294 294 294 294 294 294 294 294 294 294 294 294 294 294 293 294 294 294 294 293 294 294 294 293 294 294 294 293 294 294 294 294 294 294 294 294 294 294 294 294 294 294 293 294 294 294 294 294 294 295 294 294 294 294 294 294 294 294 294 294 294 294 294 294 295 294 294 294 293 294 294 294 294 293 294 293 293 293 294 294 293 294 293 294 349 349 346 349 315 333 341 315 315 315 315 315 315 315 315 315 315 315 315 315 315 315 315 315 315 315 315 315 315 315 315 315 315 315 293 294 294 293 294 294 294 294 294 294 294 294 294 293 293 294 294 294 294 294 293 294 293 293 293 294 293 294 294 294 293 293 293 293 293 294 349 349 349 349 346 346 349 349 315 346 349 349 349 349 349 315 346 315 315 315 315 315 315 315 315 315 315 315 315 315 315 315 315 315 315 315 315 315 315 315 315 315 315 315 315 293 293 293 293 293 293 293 293 293 294 293 293 293 294 293 293 293 293 293 
# name: freq
# type: matrix
# rows: 1
# columns: 359
 50.0 50.0 50.0 50.0 50.0 50.0 50.0 50.0 50.0 50.0 50.0 50.0 50.0 50.0 50.0 50.0 50.0 50.0 50.0 50.0 50.0 50.0 50.0 50.0 50.0 50.0 50.0 50.0 50.0 50.0 50.0 50.0 50.0 50.0 50.0 50.0 50.0 50.0 50.0 50.0 50.0 50.0 50.0 50.0 50.0 50.0 50.0 50.0 50.0 50.0 50.0 50.0 50.0 50.0 50.0 50.0 50.0 50.0 50.0 50.0 50.0 50.0 50.0 50.0 50.0 50.0 50.0 50.0 50.0 50.0 50.0 50.0 50.0 50.0 50.0 50.0 50.0 50.0 50.0 50.0 50.0 50.0 50.0 50.0 50.0 50.0 50.0 50.0 50.0 50.0 50.0 50.0 50.0 50.0 50.0 49.9 49.9 50.0 49.9 50.0 50.0 49.9 49.9 50.0 49.9 50.0 49.9 50.0 50.0 49.9 49.9 49.9 49.9 49.9 49.9 49.9 49.9 50.0 49.9 50.0 49.9 49.9 49.9 50.0 49.9 49.9 49.9 49.9 50.0 50.0 50.0 50.0 50.0 50.0 49.9 50.0 50.0 50.0 49.9 50.0 50.0 50.0 50.0 50.0 50.0 50.0 50.0 50.0 50.0 50.0 50.0 50.0 50.0 50.0 50.0 50.0 50.0 50.0 50.0 50.0 50.0 50.0 50.0 50.0 50.0 50.0 50.0 50.0 50.0 50.0 50.0 50.0 50.0 50.0 50.0 50.0 50.0 50.0 50.0 50.0 50.0 50.0 50.0 50.0 50.0 50.0 50.0 50.0 50.0 50.0 50.0 50.0 50.0 50.0 50.0 50.0 50.0 50.0 50.0 50.0 50.0 50.0 50.0 50.0 50.0 50.0 50.0 50.0 50.0 50.0 50.0 50.0 50.0 50.0 50.0 50.0 50.0 50.0 50.0 50.0 50.0 50.0 50.0 50.0 50.0 50.0 50.0 50.0 50.0 50.0 50.0 50.0 50.0 50.0 50.0 50.0 50.0 50.0 50.0 50.0 50.0 50.0 50.0 50.0 50.0 50.0 50.0 50.0 50.0 50.0 50.0 50.0 50.0 50.0 50.0 50.0 50.0 50.0 50.0 50.0 50.0 50.0 50.0 50.0 50.0 50.0 50.0 50.0 50.0 50.0 50.0 50.0 50.0 50.0 50.0 50.0 50.0 50.0 50.0 50.0 50.0 50.0 50.0 50.0 49.9 49.9 50.0 50.0 50.0 50.0 50.0 50.0 50.0 50.0 50.0 50.0 50.0 50.0 50.0 50.0 50.0 50.0 50.0 50.0 50.0 50.0 50.0 50.0 50.0 50.0 50.0 50.0 50.0 50.0 50.0 50.0 50.0 50.0 50.0 50.0 50.0 50.0 50.0 50.0 50.0 50.0 50.0 50.0 50.0 50.0 50.0 50.0 50.0 50.0 50.0 50.0 50.0 50.0 50.0 50.0 50.0 50.0 50.0 50.0 50.0 50.0 50.0 50.0 50.0 50.0 50.0 50.0 50.0 50.0 50.0 50.0 50.0 50.0 50.0 
# name: reacPower
# type: matrix
# rows: 1
# columns: 359
 -3.726 -3.726 -3.726 -3.726 -3.726 -3.726 -3.726 -3.726 -3.83 -3.83 -3.726 -3.726 -3.83 -3.83 -3.726 -3.726 -3.726 -3.726 -3.83 -3.726 -3.83 -3.83 -3.83 -3.726 -3.83 -3.726 -3.83 -3.83 -3.726 -3.726 -3.726 -3.83 -3.83 -3.83 -3.726 -3.726 -3.416 -3.312 -2.795 -2.795 -2.691 -2.588 -3.105 -3.105 -3.105 -3.209 -3.105 -3.209 -3.209 -3.105 -3.105 -3.105 -3.105 -3.105 -3.002 -3.002 -3.002 -3.002 -3.002 -3.002 -3.002 -3.002 -3.002 -3.105 -3.105 -3.105 -3.105 -3.105 -3.105 -3.209 -3.312 -3.312 -3.312 -3.312 -3.312 -3.312 -3.312 -3.312 -3.416 -3.416 -3.416 -3.416 -3.416 -3.416 -3.519 -3.519 -3.519 -3.519 -3.416 -3.416 -2.691 -2.691 -2.795 -2.691 -3.002 -2.898 -2.898 -2.795 -3.105 -2.795 -2.691 -3.105 -3.105 -3.105 -3.105 -3.105 -3.105 -3.105 -3.105 -3.105 -3.105 -3.105 -3.105 -3.105 -3.105 -3.105 -3.105 -3.105 -3.105 -3.105 -3.105 -3.105 -3.105 -3.105 -3.105 -3.105 -3.105 -3.105 -3.416 -3.416 -3.416 -3.416 -3.416 -3.416 -3.416 -3.416 -3.416 -3.416 -3.416 -3.416 -3.416 -3.416 -3.416 -3.416 -3.416 -3.416 -3.416 -3.416 -3.416 -3.416 -3.416 -3.416 -3.416 -3.416 -3.416 -3.416 -3.416 -3.416 -3.416 -3.416 -3.416 -3.416 -3.416 -3.416 -3.416 -3.416 -3.416 -3.416 -3.416 -3.416 -3.416 -3.416 -3.416 -3.416 -3.416 -3.416 -3.416 -3.416 -3.416 -3.416 -3.416 -3.416 -3.416 -3.416 -3.416 -3.416 -3.416 -3.416 -3.416 -3.312 -3.312 -3.312 -3.312 -3.312 -3.312 -3.312 -3.312 -3.312 -3.312 -3.312 -3.312 -3.312 -3.312 -3.312 -3.312 -3.312 -3.312 -3.416 -3.416 -3.416 -3.416 -3.416 -3.416 -3.416 -3.416 -3.416 -3.416 -3.416 -3.416 -3.416 -3.416 -3.416 -3.416 -3.416 -3.416 -2.795 -2.795 -2.795 -2.795 -3.002 -2.898 -2.795 -3.105 -3.105 -3.105 -3.105 -3.105 -3.105 -3.105 -3.105 -3.105 -3.105 -3.105 -3.105 -3.105 -3.105 -3.105 -3.105 -3.105 -3.105 -3.105 -3.105 -3.105 -3.105 -3.105 -3.105 -3.105 -3.105 -3.105 -3.416 -3.416 -3.416 -3.416 -3.416 -3.416 -3.416 -3.416 -3.416 -3.416 -3.416 -3.416 -3.416 -3.416 -3.416 -3.416 -3.416 -3.416 -3.416 -3.416 -3.416 -3.416 -3.416 -3.416 -3.416 -3.416 -3.416 -3.416 -3.416 -3.416 -3.519 -3.519 -3.416 -3.416 -3.416 -3.416 -2.795 -2.795 -2.691 -2.795 -2.898 -2.795 -2.795 -2.795 -3.105 -2.795 -2.795 -2.795 -2.898 -2.898 -2.898 -3.105 -2.795 -3.209 -3.209 -3.209 -3.105 -3.105 -3.105 -3.105 -3.105 -3.105 -3.209 -3.209 -3.209 -3.209 -3.209 -3.209 -3.209 -3.209 -3.209 -3.209 -3.209 -3.209 -3.209 -3.209 -3.209 -3.209 -3.209 -3.209 -3.209 -3.519 -3.519 -3.519 -3.519 -3.519 -3.519 -3.519 -3.519 -3.519 -3.519 -3.519 -3.519 -3.519 -3.519 -3.519 -3.519 -3.519 -3.519 -3.519 
