# name: phAngle
# type: matrix
# rows: 1
# columns: 358
 341 352 337 341 337 337 343 337 337 337 337 337 347 340 346 344 349 349 349 342 349 349 349 339 340 343 349 349 349 338 336 340 349 349 349 349 349 349 342 340 338 337 337 337 336 337 337 338 338 338 339 338 339 338 339 339 339 340 338 339 338 338 337 337 337 337 336 337 336 336 337 337 337 337 337 337 339 340 340 339 341 342 343 345 345 349 345 345 349 349 349 349 349 345 349 349 345 345 345 345 345 345 346 345 345 341 341 339 339 338 338 337 337 337 337 337 337 337 337 337 337 336 337 336 337 337 337 338 339 338 338 339 340 340 340 343 341 357 350 336 349 336 349 349 349 349 349 349 349 349 349 337 349 349 349 349 349 349 349 337 349 346 341 349 342 342 349 349 337 349 349 340 339 270 351 352 0 337 338 336 337 342 337 354 350 349 336 349 349 349 345 349 349 349 349 354 350 349 341 336 349 349 345 349 345 345 349 349 349 345 345 349 349 349 349 338 340 349 349 349 339 338 349 349 349 349 337 349 349 345 349 349 339 349 349 338 349 337 349 340 349 341 349 340 349 339 349 336 349 345 349 349 337 349 341 349 349 337 349 349 337 349 349 338 345 345 338 349 349 337 345 345 338 342 345 349 337 345 345 340 340 340 340 341 341 340 341 340 340 340 340 340 340 340 340 340 341 340 340 341 340 340 341 340 340 341 340 340 340 341 340 341 340 340 341 340 341 341 341 340 340 340 340 341 340 341 340 340 321 271 270 270 271 270 271 271 270 270 270 271 270 270 270 270 270 0 355 353 352 351 1 5 352 349 349 354 357 4 
# name: freq
# type: matrix
# rows: 1
# columns: 358
 50.0 50.0 50.0 50.0 50.0 50.0 50.0 50.0 50.0 50.0 50.0 50.0 50.0 50.0 50.0 50.0 50.0 50.0 50.0 50.0 50.0 50.0 50.0 50.0 50.0 50.0 50.0 50.0 50.0 50.0 50.0 50.0 50.0 50.0 50.0 50.0 50.0 50.0 50.0 50.0 50.0 50.0 50.0 50.0 50.0 50.0 50.0 50.0 50.0 50.0 50.0 50.0 50.0 50.0 50.0 50.0 50.0 50.0 50.0 50.0 50.0 50.0 50.0 50.0 50.0 50.0 50.0 50.0 50.0 50.0 50.0 50.0 50.0 50.0 50.0 50.0 50.0 50.0 50.0 50.0 50.0 50.0 50.0 50.0 50.0 50.0 50.0 50.0 50.0 50.0 50.0 50.0 50.0 50.0 50.0 50.0 50.0 50.0 50.0 50.0 50.0 50.0 50.0 50.0 50.0 50.0 50.0 50.0 50.0 50.0 50.0 50.0 50.0 50.0 50.0 50.0 50.0 50.0 50.0 50.0 50.0 50.0 50.0 50.0 50.0 50.0 50.0 50.0 50.0 50.0 50.0 50.0 50.0 50.0 50.0 50.0 50.0 50.0 50.0 50.0 50.0 50.0 50.0 50.0 50.0 50.0 50.0 50.0 50.0 50.0 50.0 50.0 50.0 50.0 50.0 50.0 50.0 50.0 50.0 50.0 50.0 50.0 50.0 50.0 50.0 50.0 50.0 50.0 50.0 50.0 50.0 50.0 50.0 50.0 50.0 50.0 50.0 50.0 50.0 50.0 50.0 50.0 50.0 50.0 50.0 50.0 50.0 50.0 50.0 50.0 50.0 50.0 50.0 50.0 50.0 50.0 50.0 50.0 50.0 50.0 50.0 50.0 50.0 50.0 50.0 50.0 50.0 50.0 50.0 50.0 50.0 50.0 50.0 50.0 50.0 50.0 50.0 50.0 50.0 50.0 50.0 50.0 50.0 50.0 50.0 50.0 50.0 50.0 50.0 50.0 50.0 50.0 50.0 50.0 50.0 50.0 50.0 50.0 50.0 50.0 50.0 50.0 50.0 50.0 50.0 50.0 50.0 50.0 50.0 50.0 50.0 50.0 50.0 50.0 50.0 50.0 50.0 50.0 50.0 50.0 50.0 50.0 50.0 50.0 50.0 50.0 50.0 50.0 50.0 50.0 50.0 50.0 50.0 50.0 50.0 50.0 50.0 50.0 50.0 50.0 50.0 50.0 50.0 50.0 50.0 50.0 50.0 50.0 50.0 50.0 50.0 50.0 50.0 50.0 50.0 50.0 50.0 50.0 50.0 50.0 50.0 50.0 50.0 50.0 50.0 50.0 50.0 50.0 50.0 50.0 50.0 50.0 50.0 50.0 50.0 50.0 50.0 50.0 50.0 50.0 50.0 50.0 50.0 50.0 50.0 50.0 50.0 50.0 50.0 50.0 50.0 50.0 50.0 50.0 50.0 50.0 50.0 50.0 50.0 50.0 50.0 50.0 50.0 50.0 50.0 50.0 50.0 50.0 50.0 50.0 50.0 50.0 50.0 50.0 50.0 50.0 50.0 50.0 
# name: reacPower
# type: matrix
# rows: 1
# columns: 358
 -16.459 -69.048 -57.557 -19.565 -58.385 -57.246 -15.631 -57.35 -57.35 -57.35 -57.453 -57.66 -9.523 -27.95 -9.109 -10.662 -8.074 -8.074 -8.178 -14.906 -8.178 -8.178 -8.178 -34.368 -23.809 -12.422 -8.074 -8.178 -8.074 -37.37 -57.867 -27.536 -8.074 -8.074 -8.178 -7.971 -8.074 -8.074 -15.217 -23.395 -36.853 -49.068 -55.59 -57.764 -57.867 -53.623 -50.414 -39.958 -35.611 -36.335 -31.884 -35.3 -34.472 -36.232 -31.78 -34.472 -27.018 -28.468 -35.403 -38.923 -40.579 -44.306 -53.934 -53.416 -56.004 -57.557 -58.178 -58.178 -58.074 -57.971 -56.418 -50.0 -50.517 -50.517 -46.17 -41.511 -34.886 -28.157 -26.604 -25.051 -19.358 -14.906 -13.25 -8.488 -8.281 -8.178 -8.281 -8.281 -8.178 -8.178 -8.178 -8.178 -8.178 -8.281 -8.178 -8.178 -8.178 -8.178 -8.281 -8.281 -8.178 -8.178 -8.902 -8.281 -12.215 -18.633 -22.36 -29.089 -34.782 -38.302 -44.099 -49.793 -55.486 -58.385 -58.074 -58.178 -58.281 -58.281 -58.281 -58.178 -58.281 -56.211 -54.762 -56.004 -50.621 -45.963 -41.408 -35.611 -39.027 -39.441 -35.921 -34.161 -27.536 -23.913 -21.325 -20.082 -19.151 -78.261 -7.246 -57.867 -8.178 -58.074 -8.178 -8.178 -8.074 -8.074 -8.074 -8.178 -8.074 -8.074 -8.074 -53.002 -8.074 -8.178 -8.074 -8.178 -8.074 -8.074 -8.074 -52.588 -8.074 -8.799 -18.944 -8.074 -15.217 -18.116 -8.074 -8.074 -50.724 -8.074 -8.074 -27.846 -36.439 -9.73 -6.521 -27.122 -0.31 -56.729 -40.372 -57.764 -57.143 -18.323 -57.246 -56.832 -7.246 -8.074 -57.971 -8.074 -8.178 -8.178 -8.178 -8.178 -8.178 -8.178 -7.867 -58.178 -7.246 -8.178 -16.563 -55.797 -8.178 -8.178 -8.281 -8.178 -8.281 -8.178 -8.074 -8.074 -8.074 -8.281 -8.281 -8.074 -8.074 -8.074 -8.074 -39.855 -25.569 -7.971 -7.971 -7.971 -38.82 -42.753 -7.971 -7.971 -8.074 -7.971 -57.971 -7.971 -7.971 -11.283 -8.074 -8.074 -24.948 -7.971 -7.971 -35.714 -8.074 -51.449 -8.074 -21.221 -8.074 -16.977 -7.971 -28.364 -8.074 -38.923 -7.971 -58.074 -7.971 -12.111 -7.971 -8.074 -50.621 -8.178 -22.256 -8.074 -8.074 -54.555 -8.178 -8.074 -50.31 -8.178 -8.178 -39.441 -8.281 -8.178 -43.789 -8.178 -8.178 -57.66 -8.281 -8.178 -39.648 -15.113 -8.178 -8.178 -54.658 -8.178 -8.178 -9.937 -9.937 -9.937 -10.041 -10.041 -9.937 -10.041 -10.041 -9.937 -9.937 -9.937 -9.937 -9.937 -10.041 -9.937 -10.041 -9.937 -9.937 -9.937 -9.937 -9.937 -9.937 -9.937 -9.937 -9.937 -9.937 -9.937 -9.937 -9.937 -10.041 -9.937 -10.041 -9.937 -10.041 -10.041 -10.041 -10.041 -9.937 -10.041 -10.041 -10.041 -10.041 -10.041 -10.041 -10.041 -10.041 -10.041 -10.041 -10.041 -9.937 -9.834 -9.73 -9.73 -9.73 -9.73 -9.73 -9.73 -9.73 -9.73 -9.73 -9.73 -9.73 -9.73 -9.73 -9.73 -9.73 -1.863 -83.23 -70.704 -69.151 -68.53 3.209 11.594 -26.294 -40.269 -39.441 -64.079 -8.074 9.316 
