# name: phAngle
# type: matrix
# rows: 1
# columns: 359
 349 348 350 350 350 349 349 349 350 350 348 351 350 348 350 350 349 347 349 349 347 350 350 350 349 346 349 350 349 349 349 349 346 347 349 347 349 349 344 350 349 347 349 350 347 349 346 344 344 346 349 346 344 344 344 344 348 348 348 348 348 348 348 348 348 348 348 348 348 348 348 348 348 348 348 348 348 348 348 348 348 348 348 348 348 348 348 348 354 350 350 349 350 350 350 349 350 351 350 351 349 350 349 349 349 349 349 349 346 350 349 349 350 350 347 345 349 344 348 349 346 345 347 346 349 344 346 344 346 348 350 346 349 349 349 347 349 350 344 348 0 356 340 340 340 340 340 340 340 340 340 340 340 340 340 340 345 344 343 344 344 344 346 345 344 344 344 344 340 344 344 340 348 349 0 0 348 340 340 340 340 340 340 340 340 340 340 340 340 340 340 340 340 340 340 340 340 340 340 340 340 340 340 340 344 340 344 347 344 340 347 344 344 349 345 347 344 347 344 349 344 344 344 344 344 347 344 349 349 344 347 341 346 349 344 345 344 344 349 349 349 349 347 346 347 347 347 344 349 348 348 348 348 348 348 348 348 348 348 348 348 348 348 348 348 348 348 348 348 348 348 348 348 348 348 348 348 348 348 348 348 348 348 348 348 348 348 348 348 348 348 348 348 348 348 348 348 348 348 348 348 348 348 348 348 348 348 348 348 348 348 348 348 348 348 348 348 348 0 0 0 344 344 344 344 344 344 344 344 344 344 344 344 344 344 344 344 344 344 347 344 347 347 344 347 349 347 350 347 349 347 348 347 347 347 349 344 349 347 
# name: freq
# type: matrix
# rows: 1
# columns: 359
 50.0 50.0 50.0 50.0 50.0 50.0 50.0 50.0 50.0 50.0 50.0 50.0 50.0 50.0 50.0 50.0 50.0 50.0 50.0 50.0 50.0 50.0 50.0 50.0 50.0 50.0 50.0 50.0 50.0 50.0 50.0 50.0 50.0 50.0 50.0 50.0 50.0 50.0 50.0 50.0 50.0 50.0 50.0 50.0 50.0 50.0 50.0 50.0 50.0 50.0 50.0 50.0 50.0 50.0 50.0 50.0 50.0 50.0 50.0 50.0 50.0 50.0 50.0 50.0 50.0 50.0 50.0 50.0 50.0 50.0 50.0 50.0 50.0 50.0 50.0 50.0 50.0 50.0 50.0 50.0 50.0 50.0 50.0 50.0 50.0 50.0 50.0 50.0 50.0 50.0 50.0 50.0 50.0 50.0 50.0 50.0 50.0 50.0 50.0 50.0 50.0 50.0 50.0 50.0 50.0 50.0 50.0 50.0 50.0 50.0 50.0 50.0 50.0 50.0 50.0 50.0 50.0 50.0 50.0 50.0 50.0 50.0 50.0 50.0 50.0 50.0 50.0 50.0 50.0 50.0 50.0 50.0 50.0 50.0 50.0 50.0 50.0 50.0 50.0 50.0 50.0 50.0 50.0 50.0 50.0 50.0 50.0 50.0 50.0 50.0 50.0 50.0 50.0 50.0 50.0 50.0 50.0 50.0 50.0 50.0 50.0 50.0 50.0 50.0 50.0 50.0 50.0 50.0 50.0 50.0 50.0 50.0 50.0 50.0 50.0 50.0 50.0 50.0 50.0 50.0 50.0 50.0 50.0 50.0 50.0 50.0 50.0 50.0 50.0 50.0 50.0 50.0 50.0 50.0 50.0 50.0 50.0 50.0 50.0 50.0 50.0 50.0 50.0 50.0 50.0 50.0 50.0 50.0 50.0 50.0 50.0 50.0 50.0 50.0 50.0 50.0 50.0 50.0 50.0 50.0 50.0 50.0 50.0 50.0 50.0 50.0 50.0 50.0 50.0 50.0 50.0 50.0 50.0 50.0 50.0 50.0 50.0 50.0 50.0 50.0 50.0 50.0 50.0 50.0 50.0 50.0 50.0 50.0 50.0 50.0 50.0 50.0 50.0 50.0 50.0 50.0 50.0 50.0 50.0 50.0 50.0 50.0 50.0 50.0 50.0 50.0 50.0 50.0 50.0 50.0 50.0 50.0 50.0 50.0 50.0 50.0 50.0 50.0 50.0 50.0 50.0 50.0 50.0 50.0 50.0 50.0 50.0 50.0 50.0 50.0 50.0 50.0 50.0 50.0 50.0 50.0 50.0 50.0 50.0 50.0 50.0 50.0 50.0 50.0 50.0 50.0 50.0 50.0 50.0 50.0 50.0 50.0 50.0 50.0 50.0 50.0 50.0 50.0 50.0 50.0 50.0 50.0 50.0 50.0 50.0 50.0 50.0 50.0 50.0 50.0 50.0 50.0 50.0 50.0 50.0 50.0 50.0 50.0 50.0 50.0 50.0 50.0 50.0 50.0 50.0 50.0 50.0 50.0 50.0 50.0 50.0 50.0 50.0 50.0 50.0 50.0 50.0 50.0 50.0 
# name: reacPower
# type: matrix
# rows: 1
# columns: 359
 -9.575 -9.887 -9.679 -9.679 -9.575 -9.679 -9.679 -9.679 -9.887 -9.679 -9.887 -9.575 -9.575 -9.679 -9.783 -9.471 -9.679 -9.679 -9.783 -9.679 -9.783 -9.783 -9.679 -9.679 -9.887 -9.679 -9.783 -9.679 -9.679 -9.783 -9.471 -9.887 -9.783 -9.783 -9.575 -9.887 -9.679 -9.575 -9.887 -9.575 -9.783 -9.783 -9.679 -9.783 -9.783 -9.783 -9.887 -9.991 -9.887 -9.887 -9.887 -9.887 -9.887 -9.887 -10.199 -9.991 -6.765 -6.765 -6.765 -6.765 -6.869 -6.765 -6.765 -6.765 -6.765 -6.765 -6.765 -6.765 -6.765 -6.765 -6.765 -6.765 -6.765 -6.765 -6.765 -6.765 -6.765 -6.765 -6.765 -6.765 -6.765 -6.869 -6.869 -6.765 -6.765 -6.765 -6.765 -6.765 -8.95 -9.575 -9.575 -9.783 -9.575 -9.575 -9.783 -9.783 -9.887 -9.679 -9.575 -9.471 -9.783 -9.575 -9.679 -9.783 -9.887 -9.679 -9.575 -9.679 -9.887 -9.679 -9.679 -9.679 -9.783 -9.367 -9.679 -9.991 -9.783 -9.991 -9.783 -9.679 -9.887 -10.095 -9.991 -9.887 -9.783 -9.991 -9.887 -9.991 -9.991 -9.887 -9.575 -9.991 -9.783 -9.783 -9.679 -9.783 -9.783 -9.887 -9.991 -10.72 1.144 -8.638 -9.991 -9.991 -9.991 -9.991 -10.095 -9.991 -9.991 -9.991 -10.095 -10.095 -10.095 -10.095 -10.199 -10.095 -10.095 -9.991 -10.199 -10.199 -9.991 -9.991 -9.991 -10.199 -9.991 -10.095 -9.991 -9.991 -10.095 -9.887 -9.887 -9.991 -9.679 -9.679 0.416 -2.914 -11.24 -9.991 -10.095 -10.095 -9.991 -9.991 -9.991 -9.991 -10.095 -9.991 -9.991 -9.991 -9.991 -9.991 -9.991 -9.991 -9.991 -9.991 -9.991 -10.095 -9.991 -9.991 -9.991 -10.095 -10.095 -9.991 -9.991 -9.991 -9.887 -9.991 -9.991 -9.887 -9.887 -9.887 -9.783 -9.887 -9.991 -9.783 -9.783 -9.887 -9.991 -9.783 -9.887 -9.783 -9.887 -9.991 -9.991 -9.991 -9.887 -9.887 -9.887 -9.679 -9.783 -9.991 -9.887 -9.887 -9.991 -9.783 -9.991 -9.887 -9.991 -10.095 -9.679 -9.783 -9.783 -9.679 -9.783 -9.783 -9.783 -9.783 -9.783 -9.887 -9.679 -6.765 -6.661 -6.661 -6.661 -6.661 -6.661 -6.452 -6.452 -6.452 -6.452 -6.452 -6.452 -6.557 -6.452 -6.557 -6.557 -6.557 -6.557 -6.557 -6.557 -6.452 -6.452 -6.452 -6.452 -6.452 -6.452 -6.452 -6.452 -6.557 -6.452 -6.452 -6.557 -6.452 -6.452 -6.452 -6.452 -6.452 -6.452 -6.557 -6.452 -6.452 -6.452 -6.452 -6.452 -6.452 -6.557 -6.557 -6.452 -6.452 -6.452 -6.557 -6.557 -6.557 -6.557 -6.557 -6.661 -6.557 -6.557 -6.557 -6.557 -6.557 -6.557 -6.557 -6.557 -6.661 -6.557 -6.557 -6.557 -6.557 -2.601 -3.434 -4.787 -9.679 -9.783 -9.783 -9.783 -9.679 -9.679 -9.679 -9.783 -9.679 -9.679 -9.783 -9.679 -9.679 -9.679 -9.575 -9.679 -9.679 -9.575 -9.575 -9.575 -9.783 -9.679 -9.679 -9.783 -9.783 -9.575 -9.575 -9.471 -9.887 -9.575 -9.471 -9.575 -9.575 -9.679 -9.471 -9.887 -9.471 -9.679 
