# name: phAngle
# type: matrix
# rows: 1
# columns: 359
 349 349 349 338 349 349 349 349 349 349 349 340 337 349 349 349 349 337 349 349 349 339 349 349 339 349 355 354 354 350 341 337 349 349 340 354 352 0 340 337 349 339 337 338 349 344 337 349 337 338 351 341 337 349 337 340 349 346 337 341 349 337 339 349 337 338 349 340 349 349 349 349 349 349 349 349 349 349 349 349 349 349 349 349 345 349 349 337 349 349 349 349 349 349 349 349 349 349 349 338 343 349 349 349 337 349 349 339 349 349 338 349 349 337 349 343 349 349 341 349 337 349 337 349 338 349 338 345 337 345 337 349 342 349 349 338 349 337 349 349 344 349 337 349 349 338 349 346 339 349 340 349 349 338 349 349 339 349 349 340 340 349 349 337 349 349 337 349 349 340 341 349 349 337 349 349 341 339 349 349 340 339 349 349 338 339 349 349 341 337 349 349 346 336 349 349 349 337 340 349 349 340 337 345 349 349 338 339 349 349 344 336 340 349 349 345 337 339 345 349 345 337 338 349 349 349 340 337 342 349 349 345 337 337 349 349 349 344 336 340 349 349 349 342 336 337 349 349 349 340 336 337 349 349 349 341 346 337 349 345 345 349 345 338 336 349 349 349 345 336 337 349 342 349 345 345 336 337 337 349 349 345 339 341 337 337 350 355 346 343 339 351 343 337 356 354 353 353 350 346 345 339 349 349 349 349 349 349 349 349 349 349 349 349 349 341 349 349 349 349 349 349 343 338 345 345 345 336 349 345 337 349 349 339 349 337 345 345 345 345 345 349 345 345 345 340 345 336 349 340 345 349 338 345 341 345 357 353 337 
# name: freq
# type: matrix
# rows: 1
# columns: 359
 50.0 50.0 50.0 50.0 50.0 50.0 50.0 50.0 50.0 50.0 50.0 50.0 50.0 50.0 50.0 50.0 50.0 50.0 50.0 50.0 50.0 50.0 50.0 50.0 50.0 50.0 50.0 50.0 50.0 50.0 50.0 50.0 50.0 50.0 50.0 50.0 50.0 50.0 50.0 50.0 50.0 50.0 50.0 50.0 50.0 50.0 50.0 50.0 50.0 50.0 50.0 50.0 50.0 50.0 50.0 50.0 50.0 50.0 50.0 50.0 50.0 50.0 50.0 50.0 50.0 50.0 50.0 50.0 50.0 50.0 50.0 50.0 50.0 50.0 50.0 50.0 50.0 50.0 50.0 50.0 50.0 50.0 50.0 50.0 50.0 50.0 50.0 50.0 50.0 50.0 50.0 50.0 50.0 50.0 50.0 50.0 50.0 50.0 50.0 50.0 50.0 50.0 50.0 50.0 50.0 50.0 50.0 50.0 50.0 50.0 50.0 50.0 50.0 50.0 50.0 50.0 50.0 50.0 50.0 50.0 50.0 50.0 50.0 50.0 50.0 50.0 50.0 50.0 50.0 50.0 50.0 50.0 50.0 50.0 50.0 50.0 50.0 50.0 50.0 50.0 50.0 50.0 50.0 50.0 50.0 50.0 50.0 50.0 50.0 50.0 50.0 50.0 50.0 50.0 50.0 50.0 50.0 50.0 50.0 50.0 50.0 50.0 50.0 50.0 50.0 50.0 50.0 50.0 50.0 50.0 50.0 50.0 50.0 50.0 50.0 50.0 50.0 50.0 50.0 50.0 50.0 50.0 50.0 50.0 50.0 50.0 50.0 50.0 50.0 50.0 50.0 50.0 50.0 50.0 50.0 50.0 50.0 50.0 50.0 50.0 50.0 50.0 50.0 50.0 50.0 50.0 50.0 50.0 50.0 50.0 50.0 50.0 50.0 50.0 50.0 50.0 50.0 50.0 50.0 50.0 50.0 50.0 50.0 50.0 50.0 50.0 50.0 50.0 50.0 50.0 50.0 50.0 50.0 50.0 50.0 50.0 50.0 50.0 50.0 50.0 50.0 50.0 50.0 50.0 50.0 50.0 50.0 50.0 50.0 50.0 50.0 50.0 50.0 50.0 50.0 50.0 50.0 50.0 50.0 50.0 50.0 50.0 50.0 50.0 50.0 50.0 50.0 50.0 50.0 50.0 50.0 50.0 50.0 50.0 50.0 50.0 50.0 50.0 50.0 50.0 50.0 50.0 50.0 50.0 50.0 50.0 50.0 50.0 50.0 50.0 50.0 50.0 50.0 50.0 50.0 50.0 50.0 50.0 50.0 50.0 50.0 50.0 50.0 50.0 50.0 50.0 50.0 50.0 50.0 50.0 50.0 50.0 50.0 50.0 50.0 50.0 50.0 50.0 50.0 50.0 50.0 50.0 50.0 50.0 50.0 50.0 50.0 50.0 50.0 50.0 50.0 50.0 50.0 50.0 50.0 50.0 50.0 50.0 50.0 50.0 50.0 50.0 50.0 50.0 50.0 50.0 50.0 50.0 50.0 50.0 50.0 50.0 50.0 50.0 50.0 50.0 50.0 50.0 50.0 
# name: reacPower
# type: matrix
# rows: 1
# columns: 359
 -7.971 -8.074 -7.971 -49.379 -8.074 -7.971 -7.867 -7.867 -8.074 -7.971 -7.971 -23.809 -57.039 -7.971 -7.971 -7.971 -7.971 -57.557 -7.971 -7.971 -7.971 -33.644 -7.971 -7.971 -32.919 -8.074 -18.012 -57.35 -65.424 -7.349 -19.979 -56.832 -7.764 -7.764 -9.523 -5.797 -24.016 -1.138 -24.327 -56.418 -7.764 -25.051 -48.24 -37.37 -7.867 -65.424 -41.822 -7.764 -45.963 -42.339 -41.615 -22.36 -56.729 -7.971 -50.414 -26.708 -7.867 -8.592 -56.729 -16.873 -7.867 -56.522 -25.155 -7.971 -47.722 -42.236 -7.867 -28.468 -7.971 -7.867 -7.867 -7.867 -7.971 -7.971 -7.867 -7.971 -8.074 -8.074 -8.074 -8.074 -7.971 -8.074 -8.074 -8.074 -11.594 -8.074 -7.971 -45.445 -7.971 -8.074 -7.971 -7.971 -8.074 -8.074 -8.074 -8.074 -7.971 -8.074 -7.971 -39.958 -15.942 -8.074 -8.074 -7.971 -54.969 -8.074 -8.074 -29.399 -7.971 -7.971 -38.095 -7.971 -8.074 -47.515 -7.971 -12.94 -8.074 -8.074 -24.637 -8.074 -57.557 -8.074 -47.722 -8.178 -31.677 -8.074 -40.269 -8.178 -56.522 -8.178 -50.517 -8.178 -15.01 -8.178 -8.178 -31.573 -8.178 -56.522 -8.074 -8.178 -13.561 -8.178 -52.588 -8.074 -8.074 -39.544 -8.074 -8.488 -26.915 -8.178 -28.571 -8.074 -8.074 -41.925 -8.074 -8.074 -34.782 -8.178 -8.178 -25.673 -23.292 -8.074 -8.074 -56.522 -8.074 -8.178 -56.729 -8.074 -8.178 -28.157 -21.842 -8.178 -8.178 -57.246 -8.074 -8.074 -19.772 -38.923 -8.178 -8.074 -28.882 -28.882 -8.178 -8.074 -33.954 -31.987 -8.074 -8.074 -19.151 -50.207 -8.074 -8.178 -8.281 -57.867 -8.074 -7.867 -8.178 -50.31 -22.981 -7.971 -8.074 -24.327 -57.246 -8.178 -8.178 -8.178 -42.96 -36.646 -8.178 -8.178 -10.869 -57.867 -25.569 -7.971 -8.178 -8.281 -57.66 -30.227 -8.178 -8.178 -8.281 -49.896 -40.683 -8.178 -8.178 -8.178 -25.569 -57.764 -12.318 -8.178 -8.178 -8.281 -50.207 -47.722 -8.178 -8.074 -8.074 -10.869 -57.764 -30.849 -8.178 -8.074 -8.178 -14.803 -57.867 -57.143 -8.074 -8.074 -8.074 -26.501 -58.074 -57.143 -8.074 -8.074 -8.074 -19.047 -9.213 -56.625 -8.178 -8.178 -8.178 -8.178 -8.281 -37.681 -57.867 -8.074 -8.178 -8.178 -8.281 -58.074 -52.588 -8.178 -18.012 -8.178 -8.281 -8.281 -57.867 -51.967 -52.277 -8.178 -8.074 -8.281 -30.331 -18.944 -54.865 -47.929 -7.66 -72.257 -45.963 -16.77 -39.13 -79.71 -17.598 -57.35 -90.476 -57.246 -53.83 -59.006 -7.246 -9.006 -11.801 -24.948 -8.074 -8.178 -8.074 -8.178 -8.178 -8.074 -8.074 -8.178 -8.178 -8.178 -8.074 -8.074 -8.074 -19.254 -8.178 -8.178 -8.178 -8.178 -8.178 -8.178 -15.424 -42.132 -8.281 -8.281 -8.178 -58.074 -8.178 -8.281 -55.176 -8.178 -8.178 -32.815 -8.178 -43.375 -8.281 -8.281 -8.281 -8.178 -8.281 -8.178 -8.178 -8.281 -8.281 -28.778 -8.178 -57.764 -8.074 -23.395 -8.178 -8.178 -44.099 -8.178 -22.567 -8.178 -78.882 -53.002 -50.828 
