# name: phAngle
# type: matrix
# rows: 1
# columns: 359
 294 294 295 293 293 295 295 293 294 295 293 294 295 294 293 295 294 293 294 295 294 293 295 294 293 294 295 293 294 295 293 294 295 294 294 294 295 294 295 294 294 294 294 294 294 295 294 293 294 295 294 294 295 293 294 295 294 293 295 295 293 295 295 293 294 295 294 294 295 294 294 294 295 294 294 294 293 0 0 326 327 328 328 327 0 322 290 294 293 294 295 294 321 293 294 294 294 293 294 293 293 294 294 293 294 294 293 294 294 293 293 294 293 293 294 294 293 294 294 293 294 295 293 293 294 293 293 294 294 293 294 293 294 294 294 293 293 295 293 293 294 293 293 294 293 292 294 294 293 293 294 293 294 294 293 294 294 294 293 294 293 293 294 294 293 293 294 293 294 294 294 294 295 293 293 295 293 293 294 293 292 294 295 293 293 294 294 293 294 294 292 293 294 293 293 294 294 293 294 294 293 293 295 293 293 294 294 293 294 294 293 293 295 293 294 294 294 293 294 294 293 293 294 293 293 294 293 293 294 294 293 294 295 293 293 293 294 294 292 294 294 293 294 294 322 313 293 0 0 327 327 327 327 326 0 0 320 294 294 294 294 294 295 293 295 294 294 295 294 293 293 295 293 293 294 294 294 295 294 293 294 293 293 294 294 293 294 295 294 293 294 295 293 294 294 293 293 295 293 293 295 293 294 295 294 293 294 294 294 294 295 294 293 294 295 294 294 295 293 294 294 294 294 294 293 294 294 293 294 294 294 293 293 294 294 294 295 294 293 294 294 293 295 295 293 293 294 294 293 295 294 293 294 294 293 294 294 294 293 
# name: freq
# type: matrix
# rows: 1
# columns: 359
 50.0 50.0 50.0 50.0 50.0 50.0 50.0 50.0 50.0 50.0 50.0 50.0 50.0 50.0 50.0 50.0 50.0 50.0 50.0 50.0 50.0 50.0 50.0 50.0 50.0 50.0 50.0 50.0 50.0 50.0 50.0 50.0 50.0 50.0 50.0 50.0 50.0 50.0 50.0 50.0 50.0 50.0 50.0 50.0 50.0 50.0 50.0 50.0 50.0 50.0 50.0 50.0 50.0 50.0 50.0 50.0 50.0 50.0 50.0 50.0 50.0 50.0 50.0 50.0 50.0 50.0 50.0 50.0 50.0 50.0 50.0 50.0 50.0 50.0 50.0 50.0 50.0 50.0 50.0 50.0 50.0 50.0 50.0 50.0 50.0 50.0 50.0 50.0 50.0 50.0 50.0 50.0 50.0 50.0 50.0 50.0 50.0 50.0 50.0 50.0 50.0 50.0 50.0 50.0 50.0 50.0 50.0 50.0 50.0 50.0 50.0 50.0 50.0 50.0 50.0 50.0 50.0 50.0 50.0 50.0 50.0 50.0 50.0 50.0 50.0 50.0 50.0 50.0 50.0 50.0 50.0 50.0 50.0 50.0 50.0 50.0 50.0 50.0 50.0 50.0 50.0 50.0 50.0 50.0 50.0 50.0 50.0 50.0 50.0 50.0 50.0 50.0 50.0 50.0 50.0 50.0 50.0 50.0 50.0 50.0 50.0 50.0 50.0 50.0 50.0 50.0 50.0 50.0 50.0 50.0 50.0 50.0 50.0 50.0 50.0 50.0 50.0 50.0 50.0 50.0 50.0 50.0 50.0 50.0 50.0 50.0 50.0 50.0 50.0 50.0 50.0 50.0 50.0 50.0 50.0 50.0 50.0 50.0 50.0 50.0 50.0 50.0 50.0 50.0 50.0 50.0 50.0 50.0 50.0 50.0 50.0 50.0 50.0 50.0 50.0 50.0 50.0 50.0 50.0 50.0 50.0 50.0 50.0 50.0 50.0 50.0 50.0 50.0 50.0 50.0 50.0 50.0 50.0 50.0 50.0 50.0 50.0 50.0 50.0 50.0 50.0 50.0 50.0 50.0 50.0 50.0 50.0 50.0 50.0 50.0 50.0 50.0 50.0 50.0 50.0 50.0 50.0 50.0 50.0 50.0 50.0 50.0 50.0 50.0 50.0 50.0 50.0 50.0 50.0 50.0 50.0 50.0 50.0 50.0 50.0 50.0 50.0 50.0 50.0 50.0 50.0 50.0 50.0 50.0 50.0 50.0 50.0 50.0 50.0 50.0 50.0 50.0 50.0 50.0 50.0 50.0 50.0 50.0 50.0 50.0 50.0 50.0 50.0 50.0 50.0 50.0 50.0 50.0 50.0 50.0 50.0 50.0 50.0 50.0 50.0 50.0 50.0 50.0 50.0 50.0 50.0 50.0 50.0 50.0 50.0 50.0 50.0 50.0 50.0 50.0 50.0 50.0 50.0 50.0 50.0 50.0 50.0 50.0 50.0 50.0 50.0 50.0 50.0 50.0 50.0 50.0 50.0 50.0 50.0 50.0 50.0 50.0 50.0 50.0 50.0 50.0 50.0 50.0 50.0 
# name: reacPower
# type: matrix
# rows: 1
# columns: 359
 -1.248 -1.248 -1.248 -1.248 -1.248 -1.248 -1.248 -1.248 -1.248 -1.248 -1.248 -1.248 -1.248 -1.248 -1.248 -1.248 -1.248 -1.248 -1.248 -1.248 -1.248 -1.248 -1.248 -1.248 -1.248 -1.248 -1.248 -1.248 -1.248 -1.248 -1.248 -1.248 -1.248 -1.248 -1.248 -1.248 -1.248 -1.248 -1.248 -1.248 -1.248 -1.248 -1.248 -1.248 -1.248 -1.248 -1.248 -1.248 -1.248 -1.248 -1.248 -1.248 -1.248 -1.248 -1.248 -1.248 -1.353 -1.248 -1.248 -1.248 -1.248 -1.248 -1.248 -1.248 -1.248 -1.248 -1.248 -1.248 -1.248 -1.248 -1.248 -1.248 -1.248 -1.248 -1.248 -1.248 -1.248 -1.144 -1.248 -1.144 -1.144 -1.144 -1.144 -1.144 -1.144 -1.144 -1.248 -1.248 -1.248 -1.248 -1.248 -1.248 -1.144 -1.248 -1.248 -1.248 -1.248 -1.248 -1.248 -1.248 -1.248 -1.248 -1.248 -1.248 -1.248 -1.248 -1.248 -1.248 -1.248 -1.248 -1.248 -1.248 -1.248 -1.248 -1.248 -1.248 -1.248 -1.248 -1.248 -1.248 -1.248 -1.248 -1.248 -1.248 -1.248 -1.248 -1.248 -1.248 -1.248 -1.248 -1.248 -1.248 -1.248 -1.248 -1.248 -1.248 -1.248 -1.248 -1.248 -1.248 -1.248 -1.248 -1.248 -1.248 -1.248 -1.248 -1.248 -1.248 -1.248 -1.248 -1.248 -1.248 -1.248 -1.248 -1.248 -1.248 -1.248 -1.248 -1.248 -1.248 -1.248 -1.248 -1.248 -1.248 -1.248 -1.248 -1.248 -1.248 -1.248 -1.248 -1.248 -1.248 -1.248 -1.353 -1.248 -1.248 -1.353 -1.248 -1.248 -1.248 -1.248 -1.248 -1.248 -1.248 -1.248 -1.248 -1.248 -1.248 -1.248 -1.248 -1.248 -1.248 -1.353 -1.248 -1.248 -1.248 -1.353 -1.248 -1.248 -1.248 -1.248 -1.248 -1.248 -1.248 -1.248 -1.248 -1.248 -1.248 -1.248 -1.248 -1.248 -1.248 -1.248 -1.248 -1.248 -1.353 -1.248 -1.353 -1.248 -1.248 -1.248 -1.248 -1.248 -1.353 -1.248 -1.248 -1.353 -1.248 -1.353 -1.248 -1.248 -1.248 -1.248 -1.248 -1.248 -1.248 -1.248 -1.248 -1.248 -1.248 -1.248 -1.248 -1.353 -1.248 -1.144 -1.144 -1.248 -1.04 -1.248 -1.144 -1.144 -1.144 -1.144 -1.144 -1.144 -1.144 -1.144 -1.248 -1.248 -1.248 -1.248 -1.248 -1.248 -1.248 -1.248 -1.248 -1.248 -1.248 -1.248 -1.248 -1.353 -1.248 -1.248 -1.248 -1.248 -1.353 -1.248 -1.248 -1.353 -1.353 -1.353 -1.248 -1.248 -1.248 -1.353 -1.353 -1.248 -1.353 -1.353 -1.353 -1.353 -1.353 -1.353 -1.353 -1.353 -1.353 -1.353 -1.353 -1.353 -1.353 -1.353 -1.353 -1.248 -1.353 -1.248 -1.353 -1.248 -1.353 -1.353 -1.353 -1.248 -1.248 -1.353 -1.248 -1.353 -1.248 -1.353 -1.248 -1.353 -1.353 -1.353 -1.353 -1.353 -1.353 -1.353 -1.353 -1.353 -1.353 -1.353 -1.353 -1.353 -1.353 -1.248 -1.248 -1.353 -1.248 -1.353 -1.248 -1.353 -1.353 -1.353 -1.248 -1.248 -1.353 -1.248 -1.248 -1.353 -1.353 -1.353 -1.248 -1.353 -1.248 -1.248 -1.353 -1.353 -1.353 -1.248 -1.248 -1.353 
# name: power
# type: matrix
# rows: 1
# columns: 359
 0.52 0.52 0.52 0.52 0.624 0.52 0.52 0.52 0.52 0.52 0.52 0.52 0.52 0.52 0.52 0.52 0.52 0.52 0.52 0.52 0.52 0.52 0.52 0.52 0.52 0.52 0.52 0.52 0.52 0.624 0.52 0.52 0.624 0.52 0.52 0.52 0.52 0.52 0.52 0.52 0.52 0.52 0.52 0.52 0.52 0.624 0.52 0.52 0.52 0.52 0.52 0.52 0.52 0.52 0.52 0.624 0.52 0.52 0.52 0.52 0.52 0.52 0.52 0.52 0.52 0.52 0.52 0.52 0.52 0.52 0.52 0.52 0.52 0.52 0.52 0.52 0.52 4.475 7.597 1.769 1.769 1.873 1.873 1.769 5.203 1.457 0.416 0.52 0.52 0.52 0.52 0.52 1.457 0.52 0.52 0.52 0.52 0.52 0.52 0.52 0.52 0.52 0.52 0.52 0.52 0.52 0.52 0.52 0.52 0.52 0.52 0.52 0.52 0.52 0.52 0.52 0.52 0.52 0.52 0.52 0.52 0.52 0.52 0.52 0.52 0.52 0.52 0.52 0.52 0.52 0.52 0.52 0.52 0.52 0.52 0.52 0.52 0.52 0.52 0.52 0.52 0.52 0.52 0.52 0.52 0.52 0.52 0.52 0.52 0.52 0.52 0.52 0.52 0.52 0.52 0.52 0.52 0.52 0.52 0.52 0.52 0.52 0.52 0.52 0.52 0.52 0.52 0.52 0.52 0.52 0.52 0.52 0.624 0.52 0.52 0.52 0.52 0.52 0.52 0.52 0.52 0.52 0.52 0.52 0.52 0.52 0.52 0.52 0.52 0.52 0.52 0.52 0.52 0.52 0.52 0.52 0.52 0.52 0.52 0.52 0.52 0.52 0.52 0.52 0.52 0.52 0.52 0.52 0.52 0.52 0.52 0.52 0.52 0.52 0.52 0.52 0.52 0.52 0.52 0.52 0.52 0.52 0.52 0.52 0.52 0.52 0.52 0.52 0.52 0.52 0.52 0.52 0.624 0.52 0.52 0.52 0.52 0.52 0.52 0.52 0.52 0.52 0.52 0.52 1.665 1.457 0.52 5.203 8.534 3.642 1.873 1.873 1.769 1.873 5.62 5.516 1.457 0.52 0.52 0.52 0.52 0.52 0.52 0.52 0.52 0.52 0.52 0.52 0.52 0.52 0.52 0.52 0.52 0.624 0.52 0.52 0.52 0.52 0.52 0.52 0.52 0.52 0.52 0.52 0.52 0.52 0.624 0.52 0.52 0.52 0.52 0.52 0.52 0.52 0.52 0.52 0.52 0.624 0.52 0.52 0.52 0.52 0.52 0.624 0.52 0.52 0.52 0.52 0.52 0.52 0.52 0.52 0.52 0.52 0.52 0.52 0.52 0.52 0.52 0.52 0.52 0.52 0.52 0.52 0.52 0.52 0.52 0.52 0.52 0.52 0.52 0.52 0.52 0.52 0.52 0.52 0.52 0.52 0.52 0.52 0.52 0.52 0.52 0.624 0.52 0.52 0.52 0.52 0.52 0.52 0.52 0.52 0.52 0.52 0.52 0.52 0.52 0.52 0.52 
