# name: phAngle
# type: matrix
# rows: 1
# columns: 359
 0 0 0 0 0 0 0 0 0 0 0 0 0 0 0 0 0 0 0 0 0 0 0 0 0 0 0 0 0 0 0 0 0 0 0 0 0 0 0 0 0 0 0 0 0 0 0 0 0 0 0 0 0 0 0 0 0 0 0 0 0 0 0 0 0 0 0 0 0 0 0 0 0 0 0 0 0 0 0 0 0 0 0 0 0 0 0 0 0 0 0 0 0 0 0 0 0 0 0 0 0 0 0 0 0 0 0 0 0 0 0 0 0 0 0 0 0 0 0 0 0 0 0 0 0 0 0 0 0 0 0 0 0 0 0 0 0 0 0 0 0 0 0 0 0 0 0 0 0 0 0 0 0 0 0 0 0 0 0 0 0 0 0 0 0 0 0 0 0 0 0 0 0 0 0 0 0 0 0 0 0 0 0 0 0 0 0 0 0 0 0 0 0 0 0 0 0 0 0 0 0 0 0 0 0 0 0 0 0 0 0 0 0 0 0 0 0 0 0 0 0 0 0 0 0 0 0 0 0 0 0 0 0 0 0 0 0 0 0 0 0 0 0 0 0 0 0 0 0 0 0 0 0 0 0 0 0 0 0 0 0 0 0 0 0 0 0 0 0 0 0 0 0 0 0 0 0 0 0 0 0 0 0 0 0 0 0 0 0 0 0 0 0 0 0 0 0 0 0 0 0 0 0 0 0 0 0 0 0 0 0 0 0 0 0 0 0 0 0 0 0 0 0 0 0 0 0 0 0 0 0 0 0 0 0 0 0 0 0 0 0 0 0 0 0 0 0 0 0 0 0 0 0 0 0 0 0 0 0 
# name: freq
# type: matrix
# rows: 1
# columns: 359
 50.0 50.0 50.0 50.0 50.0 50.0 50.0 50.0 50.0 50.0 50.0 50.0 50.0 50.0 50.0 50.0 50.0 50.0 50.0 50.0 50.0 50.0 50.0 50.0 50.0 50.0 50.0 50.0 50.0 50.0 50.0 50.0 50.0 50.0 50.0 50.0 50.0 50.0 50.0 50.0 50.0 50.0 50.0 50.0 50.0 50.0 50.0 50.0 50.0 50.0 50.0 50.0 50.0 50.0 50.0 50.0 50.0 50.0 50.0 50.0 50.0 50.0 50.0 50.0 50.0 50.0 50.0 50.0 50.0 50.0 50.0 50.0 50.0 50.0 50.0 50.0 50.0 50.0 50.0 50.0 50.0 50.0 50.0 50.0 50.0 50.0 50.0 50.0 50.0 50.0 50.0 50.0 50.0 50.0 50.0 50.0 50.0 50.0 50.0 50.0 50.0 50.0 50.0 50.0 50.0 50.0 50.0 50.0 50.0 50.0 50.0 50.0 50.0 50.0 50.0 50.0 50.0 50.0 50.0 50.0 50.0 50.0 50.0 50.0 50.0 50.0 50.0 50.0 50.0 50.0 50.0 50.0 50.0 50.0 50.0 50.0 50.0 50.0 50.0 50.0 50.0 50.0 50.0 50.0 50.0 50.0 50.0 50.0 50.0 50.0 50.0 50.0 50.0 50.0 50.0 50.0 50.0 50.0 50.0 50.0 50.0 50.0 50.0 50.0 50.0 50.0 50.0 50.0 50.0 50.0 50.0 50.0 50.0 50.0 50.0 50.0 50.0 50.0 50.0 50.0 50.0 50.0 50.0 50.0 50.0 50.0 50.0 50.0 50.0 50.0 50.0 50.0 50.0 50.0 50.0 50.0 50.0 50.0 50.0 50.0 50.0 50.0 50.0 50.0 50.0 50.0 50.0 50.0 50.0 50.0 50.0 50.0 50.0 50.0 50.0 50.0 50.0 50.0 50.0 50.0 50.0 50.0 50.0 50.0 50.0 50.0 50.0 50.0 50.0 50.0 50.0 50.0 50.0 50.0 50.0 50.0 50.0 50.0 50.0 50.0 50.0 50.0 50.0 50.0 50.0 50.0 50.0 50.0 50.0 50.0 50.0 50.0 50.0 50.0 50.0 50.0 50.0 50.0 50.0 50.0 50.0 50.0 50.0 50.0 50.0 50.0 50.0 50.0 50.0 50.0 50.0 50.0 50.0 50.0 50.0 50.0 50.0 50.0 50.0 50.0 50.0 50.0 50.0 50.0 50.0 50.0 50.0 50.0 50.0 50.0 50.0 50.0 50.0 50.0 50.0 50.0 50.0 50.0 50.0 50.0 50.0 50.0 50.0 50.0 50.0 50.0 50.0 50.0 50.0 50.0 50.0 50.0 50.0 50.0 50.0 50.0 50.0 50.0 50.0 50.0 50.0 50.0 50.0 50.0 50.0 50.0 50.0 50.0 50.0 50.0 50.0 50.0 50.0 50.0 50.0 50.0 50.0 50.0 50.0 50.0 50.0 50.0 50.0 50.0 50.0 50.0 50.0 50.0 50.0 50.0 50.0 50.0 50.0 50.0 50.0 50.0 50.0 50.0 50.0 
# name: reacPower
# type: matrix
# rows: 1
# columns: 359
 -0.936 -0.936 -0.936 -0.936 -0.936 -0.936 -0.936 -0.936 -0.936 -0.936 -0.936 -0.936 -0.936 -0.936 -0.936 -1.561 -1.144 -0.936 -0.936 -0.832 -0.936 -0.936 -0.936 -0.936 -0.936 -0.936 -0.936 -0.936 -0.936 -0.936 -1.04 -1.04 -1.04 -1.04 -1.04 -0.936 -1.04 -1.04 -1.04 -1.04 -1.04 -1.04 -1.04 -1.04 -1.04 -1.04 -1.04 -1.04 -1.04 -1.04 -1.04 -1.04 -1.04 -1.04 -1.04 -1.04 -1.04 -1.04 -1.04 -1.04 -1.04 -1.04 -1.04 -1.04 -1.04 -1.04 -1.04 -1.04 -1.04 -1.04 -1.04 -1.04 -1.04 -1.04 -1.04 -0.936 -0.936 -0.936 -0.936 -0.936 -0.936 -0.936 -0.936 -0.936 -0.936 -0.936 -0.936 -0.936 -0.936 -0.936 -0.936 -0.936 -0.936 -0.936 -0.936 -0.936 -0.936 -0.936 -0.936 -0.936 -0.936 -0.936 -0.936 -0.936 -0.936 -0.936 -0.936 -0.936 -0.936 -0.936 -0.936 -0.936 -0.936 -0.936 -0.936 -0.936 -0.936 -0.936 -0.936 -0.936 -0.936 -0.936 -0.936 -0.936 -0.936 -0.936 -0.936 -0.936 -0.936 -0.936 -0.936 -0.936 -0.936 -0.936 -0.936 -0.936 -0.936 -0.936 -0.936 -0.936 -0.936 -0.936 -0.936 -0.936 -0.936 -0.936 -0.936 -0.936 -0.936 -0.936 -0.936 -0.936 -0.936 -0.936 -0.936 -0.936 -0.936 -0.936 -0.936 -0.936 -0.936 -0.936 -0.936 -0.936 -0.936 -0.936 -0.936 -0.936 -0.936 -0.936 -0.936 -0.936 -0.936 -0.936 -0.936 -0.936 -0.936 -0.936 -0.936 -0.936 -0.936 -0.936 -0.936 -0.936 -0.936 -0.936 -0.936 -0.936 -0.936 -0.936 -0.936 -0.936 -0.936 -0.936 -0.936 -0.936 -0.936 -0.936 -0.936 -0.936 -0.936 -0.936 -0.936 -0.936 -0.936 -0.936 -0.936 -0.936 -0.832 -0.832 -0.832 -0.832 -0.936 -0.936 -0.936 -0.936 -0.936 -0.936 -0.936 -0.936 -0.832 -0.936 -0.936 -0.936 -0.936 -0.936 -0.936 -0.936 -0.936 -0.936 -0.936 -0.936 -0.936 -0.936 -0.936 -0.936 -0.936 -0.936 -0.936 -0.936 -0.936 -0.936 -0.936 -0.936 -0.936 -0.936 -0.936 -0.936 -0.936 -0.936 -0.936 -0.936 -0.936 -0.936 -0.936 -0.936 -0.936 -0.936 -0.936 -0.936 -0.936 -0.936 -0.936 -0.936 -0.936 -0.936 -0.936 -0.936 -0.936 -0.936 -0.936 -0.832 -1.144 -1.144 -0.936 -0.832 -0.936 -0.936 -0.936 -0.936 -0.936 -0.936 -0.936 -0.936 -0.936 -0.936 -0.936 -0.936 -0.936 -0.936 -0.936 -0.936 -0.936 -0.936 -0.936 -0.936 -0.936 -0.936 -0.936 -0.936 -0.936 -0.936 -0.936 -0.936 -0.936 -0.936 -0.936 -0.832 -0.936 -1.353 -1.04 -1.144 -1.04 -0.728 -0.936 -0.936 -0.936 -0.936 -0.936 -0.936 -0.936 -0.936 -0.936 -0.936 -0.936 -0.936 -0.936 -0.936 -0.936 -0.936 -0.936 -0.936 -0.936 -0.936 -0.936 -0.936 -0.936 -0.936 -0.936 -0.936 -0.936 -0.936 -0.936 -0.936 -0.936 -0.936 -0.936 -0.936 -0.936 -0.936 -0.936 -0.936 -0.936 -0.936 -0.936 -0.936 -0.936 -0.936 -0.936 
# name: power
# type: matrix
# rows: 1
# columns: 359
 3.538 3.538 3.538 3.538 3.538 3.538 3.538 3.538 3.538 3.538 3.538 3.538 3.538 3.538 3.538 15.611 12.281 11.032 11.656 5.828 3.538 3.538 3.538 3.538 3.538 3.538 3.538 3.538 3.538 3.538 3.538 3.538 3.538 3.538 3.538 3.538 3.538 3.538 3.538 3.538 3.538 3.538 3.538 3.538 3.538 3.538 3.538 3.538 3.538 3.538 3.538 3.538 3.538 3.538 3.538 3.538 3.538 3.538 3.538 3.538 3.538 3.538 3.538 3.538 3.538 3.538 3.538 3.538 3.85 3.538 3.538 3.538 3.538 3.538 3.538 3.538 3.538 3.538 3.538 3.538 3.538 3.538 3.538 3.538 3.538 3.538 3.538 3.538 3.538 3.538 3.538 3.538 3.538 3.538 3.538 3.538 3.538 3.538 3.538 3.538 3.538 3.538 3.538 3.538 3.538 3.538 3.538 3.538 3.538 3.538 3.538 3.538 3.538 3.538 3.538 3.538 3.538 3.538 3.538 3.538 3.538 3.538 3.538 3.538 3.538 3.538 3.538 3.538 3.538 3.538 3.538 3.538 3.538 3.538 3.538 3.538 3.538 3.538 3.538 3.538 3.538 3.538 3.538 3.538 3.538 3.538 3.538 3.538 3.538 3.538 3.538 3.538 3.538 3.538 3.538 3.538 3.538 3.538 3.538 3.85 3.538 3.538 3.538 3.538 3.538 3.642 3.538 3.538 3.538 3.538 3.538 3.538 3.538 3.538 3.538 3.538 3.538 3.538 3.538 3.538 3.538 3.538 3.538 3.538 3.538 3.538 3.538 3.538 3.538 3.538 3.538 3.538 3.538 3.538 3.538 3.538 3.538 3.538 3.538 3.538 3.538 3.538 3.538 3.538 3.538 3.538 3.538 3.538 3.538 3.538 3.538 3.538 3.538 3.538 3.538 3.538 3.538 3.538 3.538 3.538 3.538 3.538 3.538 3.538 3.538 3.538 3.538 3.538 3.538 3.538 3.538 3.538 3.538 3.538 3.538 3.538 3.538 3.538 3.538 3.538 3.538 3.538 3.538 3.538 3.538 3.538 3.538 3.538 3.538 3.538 3.85 3.538 3.538 3.538 3.538 3.538 3.746 3.538 3.538 3.538 3.538 3.538 3.538 3.538 3.538 3.538 3.538 3.538 3.538 3.538 3.538 9.263 12.177 11.136 30.703 5.932 3.538 3.434 3.538 3.538 3.538 3.538 3.538 3.538 3.538 3.538 3.538 3.538 3.538 3.538 3.538 3.538 3.538 3.538 3.538 3.538 3.538 3.538 3.538 3.538 3.538 3.538 3.538 3.538 3.538 3.538 3.538 3.538 3.538 15.403 12.489 13.009 12.801 5.932 3.538 3.642 3.642 3.642 3.642 3.642 3.642 3.642 3.642 3.642 3.642 3.642 3.642 3.642 3.642 3.642 3.642 3.642 3.642 3.642 3.642 3.642 3.642 3.642 3.642 3.642 3.642 3.642 3.642 3.642 3.642 3.642 3.642 3.642 3.642 3.642 3.642 3.642 3.642 3.642 3.642 3.642 3.642 3.642 3.642 
