# name: phAngle
# type: matrix
# rows: 1
# columns: 357
 354 354 354 354 354 354 354 354 354 354 354 354 354 354 354 354 354 354 354 354 354 354 354 354 354 354 354 354 354 354 354 354 354 354 354 354 354 354 354 354 354 354 354 354 354 354 354 354 354 354 354 354 354 354 354 354 354 354 354 354 354 354 354 354 354 354 354 354 354 354 354 354 354 354 354 354 354 354 0 0 0 0 0 0 0 0 0 0 0 0 0 0 0 0 357 357 349 349 354 354 354 354 354 354 354 354 354 354 354 354 354 354 354 354 354 354 354 354 354 354 354 354 354 354 354 354 354 354 354 354 0 354 354 354 354 354 354 354 354 354 354 354 354 354 354 354 354 354 354 0 0 0 0 0 0 0 0 0 0 0 0 0 0 0 0 0 0 0 0 0 0 0 0 0 0 0 0 0 0 0 0 0 0 0 0 0 349 349 349 354 354 354 354 354 354 354 354 354 354 354 354 354 354 354 354 354 354 354 354 354 354 354 354 354 354 354 354 354 354 354 354 354 354 354 354 354 354 354 354 354 354 354 354 354 354 354 354 354 354 354 354 354 354 354 354 354 354 354 354 354 354 354 354 354 354 354 354 354 354 354 0 354 354 354 354 354 354 354 354 354 354 354 354 354 354 354 354 354 354 354 354 0 0 0 0 0 0 0 0 0 0 0 0 0 0 0 0 349 350 349 354 354 354 354 354 354 354 354 354 354 354 354 354 354 354 354 354 354 354 354 354 354 354 354 354 354 354 354 354 354 354 354 354 0 0 0 0 0 0 0 0 0 0 0 0 0 0 0 0 356 349 349 354 354 354 354 354 
# name: freq
# type: matrix
# rows: 1
# columns: 357
 50.0 50.0 50.0 50.0 50.0 50.0 50.0 50.0 50.0 50.0 50.0 50.0 50.0 50.0 50.0 50.0 50.0 50.0 50.0 50.0 50.0 50.0 50.0 50.0 50.0 50.0 50.0 50.0 50.0 50.0 50.0 50.0 50.0 50.0 50.0 50.0 50.0 50.0 50.0 50.0 50.0 50.0 50.0 50.0 50.0 50.0 50.0 50.0 50.0 50.0 50.0 50.0 50.0 50.0 50.0 50.0 50.0 50.0 50.0 50.0 50.0 50.0 50.0 50.0 50.0 50.0 50.0 50.0 50.0 50.0 50.0 50.0 50.0 50.0 50.0 50.0 50.0 50.0 50.0 50.0 50.0 50.0 50.0 50.0 50.0 50.0 50.0 50.0 50.0 50.0 50.0 50.0 50.0 50.0 50.0 50.0 50.0 50.0 50.0 50.0 50.0 50.0 50.0 50.0 50.0 50.0 50.0 50.0 50.0 50.0 50.0 50.0 50.0 50.0 50.0 50.0 50.0 50.0 50.0 50.0 50.0 50.0 50.0 50.0 50.0 50.0 50.0 50.0 50.0 50.0 50.0 50.0 50.0 50.0 50.0 50.0 50.0 50.0 50.0 50.0 50.0 50.0 50.0 50.0 50.0 50.0 50.0 50.0 50.0 50.0 50.0 50.0 50.0 50.0 50.0 50.0 50.0 50.0 50.0 50.0 50.0 50.0 50.0 50.0 50.0 50.0 50.0 50.0 50.0 50.0 50.0 50.0 50.0 50.0 50.0 50.0 50.0 50.0 50.0 50.0 50.0 50.0 50.0 50.0 50.0 50.0 50.0 50.0 50.0 50.0 50.0 50.0 50.0 50.0 50.0 50.0 50.0 50.0 50.0 50.0 50.0 50.0 50.0 50.0 50.0 50.0 50.0 50.0 50.0 50.0 50.0 50.0 50.0 50.0 50.0 50.0 50.0 50.0 50.0 50.0 50.0 50.0 50.0 50.0 50.0 50.0 50.0 50.0 50.0 50.0 50.0 50.0 50.0 50.0 50.0 50.0 50.0 50.0 50.0 50.0 50.0 50.0 50.0 50.0 50.0 50.0 50.0 50.0 50.0 50.0 50.0 50.0 50.0 50.0 50.0 50.0 50.0 50.0 50.0 50.0 50.0 50.0 50.0 50.0 50.0 50.0 50.0 50.0 50.0 50.0 50.0 50.0 50.0 50.0 50.0 50.0 50.0 50.0 50.0 50.0 50.0 50.0 50.0 50.0 50.0 50.0 50.0 50.0 50.0 50.0 50.0 50.0 50.0 50.0 50.0 50.0 50.0 50.0 50.0 50.0 50.0 50.0 50.0 50.0 50.0 50.0 50.0 50.0 50.0 50.0 50.0 50.0 50.0 50.0 50.0 50.0 50.0 50.0 50.0 50.0 50.0 50.0 50.0 50.0 50.0 50.0 50.0 50.0 50.0 50.0 50.0 50.0 50.0 50.0 50.0 50.0 50.0 50.0 50.0 50.0 50.0 50.0 50.0 50.0 50.0 50.0 50.0 50.0 50.0 50.0 50.0 50.0 50.0 50.0 50.0 50.0 50.0 
# name: reacPower
# type: matrix
# rows: 1
# columns: 357
 -2.484 -2.484 -2.484 -2.484 -2.484 -2.484 -2.484 -2.484 -2.38 -2.484 -2.484 -2.484 -2.484 -2.484 -2.38 -2.484 -2.38 -2.484 -2.484 -2.484 -2.38 -2.38 -2.484 -2.588 -2.484 -2.588 -2.484 -2.588 -2.484 -2.484 -2.588 -2.484 -2.484 -2.484 -2.484 -2.484 -2.484 -2.484 -2.588 -2.588 -2.588 -2.484 -2.484 -2.484 -2.484 -2.588 -2.484 -2.484 -2.484 -2.484 -2.484 -2.484 -2.484 -2.484 -2.484 -2.484 -2.484 -2.484 -2.38 -2.484 -2.484 -2.588 -2.588 -2.588 -2.588 -2.588 -2.691 -2.588 -2.588 -2.588 -2.588 -2.691 -2.795 -2.795 -2.588 -2.691 -2.691 -2.588 0.103 1.449 1.552 1.552 1.656 2.07 1.552 1.242 1.035 1.345 1.242 1.449 0.931 1.242 1.138 0.931 -5.176 -5.693 -5.279 -5.176 -2.277 -2.277 -2.277 -2.38 -2.277 -2.277 -2.277 -2.38 -2.38 -2.38 -2.38 -2.38 -2.38 -2.38 -2.38 -2.38 -2.38 -2.38 -2.38 -2.38 -2.38 -2.38 -2.38 -2.38 -2.38 -2.38 -2.38 -2.38 -2.38 -2.38 -2.484 -2.484 0.0 -2.484 -2.484 -2.588 -2.588 -2.588 -2.588 -2.588 -2.588 -2.588 -2.588 -2.588 -2.588 -2.588 -2.588 -2.588 -2.588 -2.38 -2.588 0.828 0.724 0.621 0.517 0.517 0.621 0.414 0.31 0.103 0.103 0.207 0.207 0.0 0.103 0.0 0.207 0.621 1.552 1.759 1.242 0.828 0.828 0.828 1.966 0.517 0.724 1.449 0.621 1.345 1.345 1.449 0.931 1.345 1.242 1.345 1.035 -0.31 -5.072 -5.176 -5.176 -2.277 -2.277 -2.277 -2.277 -2.277 -2.277 -2.277 -2.38 -2.38 -2.38 -2.38 -2.38 -2.484 -2.38 -2.484 -2.38 -2.38 -2.38 -2.38 -2.38 -2.38 -2.484 -2.38 -2.38 -2.484 -2.484 -2.38 -2.484 -2.484 -2.484 -2.38 -2.484 -2.484 -2.38 -2.38 -2.588 -2.588 -2.588 -2.691 -2.588 -2.588 -2.588 -2.588 -2.484 -2.588 -2.588 -2.588 -2.484 -2.484 -2.484 -2.484 -2.484 -2.484 -2.484 -2.484 -2.484 -2.484 -2.484 -2.484 -2.484 -2.484 -2.588 -2.484 -2.588 -2.484 -2.484 -2.484 -2.588 -2.588 -2.588 -2.588 -0.414 -2.484 -2.588 -2.588 -2.484 -2.588 -2.588 -2.588 -2.588 -2.588 -2.588 -2.588 -2.691 -2.588 -2.588 -2.691 -2.691 -2.691 -2.691 -2.691 -2.691 0.31 0.828 0.724 0.621 0.517 0.828 0.828 1.035 0.931 0.828 0.828 0.517 0.621 -0.414 0.31 0.621 -5.176 -4.968 -5.279 -4.037 -2.277 -2.277 -2.277 -2.277 -2.277 -2.277 -2.38 -2.38 -2.38 -2.38 -2.38 -2.484 -2.484 -2.484 -2.484 -2.484 -2.484 -2.484 -2.484 -2.484 -2.588 -2.484 -2.484 -2.484 -2.484 -2.38 -2.484 -2.484 -2.484 -2.484 -2.484 -2.484 0.103 -0.207 -0.31 -0.517 -0.103 -0.517 -0.414 -0.517 -0.828 -0.517 -0.724 -0.724 -0.414 -0.414 0.0 -4.037 -5.279 -5.383 -5.176 -2.07 -2.173 -2.173 -2.173 -2.173 
