# name: phAngle
# type: matrix
# rows: 1
# columns: 359
 272 272 272 272 272 272 272 272 272 272 272 272 272 272 272 272 272 272 272 272 272 272 272 272 272 272 272 272 272 272 272 289 289 289 315 339 345 343 329 304 304 304 304 304 304 304 304 304 304 304 304 304 304 304 304 304 304 304 304 304 304 339 345 315 315 329 339 304 304 304 304 304 304 304 304 304 304 304 304 304 304 304 304 304 304 304 304 304 304 304 304 304 304 315 304 304 304 304 304 304 304 304 304 304 304 304 304 304 304 304 304 304 337 315 315 315 315 315 315 343 343 304 304 304 304 304 304 304 304 304 304 304 304 304 304 304 304 304 304 304 304 304 304 304 304 304 304 304 304 304 304 304 304 304 304 304 304 304 304 304 304 304 304 304 304 304 304 304 304 304 304 304 304 304 304 304 304 304 304 304 304 304 304 304 304 304 304 304 304 304 304 304 304 304 304 304 304 304 304 304 304 304 304 304 304 304 304 304 304 304 304 304 304 304 304 304 304 304 304 304 304 304 304 304 304 304 304 304 304 304 304 304 304 304 304 304 304 304 304 304 304 304 304 304 304 304 304 304 304 304 304 304 304 304 304 304 304 304 304 304 304 304 304 304 304 304 304 304 304 304 304 304 304 304 304 304 304 304 304 304 304 304 304 304 304 304 304 304 304 304 304 304 304 304 304 304 304 304 304 304 304 304 304 304 304 304 304 304 304 304 304 304 304 304 304 304 304 304 304 304 304 304 304 304 304 304 304 304 304 304 304 304 304 304 304 304 304 304 304 304 304 304 304 304 304 304 304 304 304 304 304 304 304 304 304 304 304 304 304 
# name: freq
# type: matrix
# rows: 1
# columns: 359
 50.0 50.0 50.0 50.0 50.0 50.0 50.0 50.0 50.0 50.0 50.0 50.0 50.0 50.0 50.0 50.0 50.0 50.0 50.0 50.0 50.0 50.0 50.0 50.0 50.0 50.0 50.0 50.0 50.0 50.0 50.0 50.0 50.0 50.0 50.0 50.0 50.0 50.0 50.0 50.0 50.0 50.0 50.0 50.0 50.0 50.0 50.0 50.0 50.0 50.0 50.0 50.0 50.0 50.0 50.0 50.0 50.0 50.0 50.0 50.0 50.0 50.0 50.0 50.0 50.0 50.0 50.0 50.0 50.0 50.0 50.0 50.0 50.0 50.0 50.0 50.0 50.0 50.0 50.0 50.0 50.0 50.0 50.0 50.0 50.0 50.0 50.0 50.0 50.0 50.0 50.0 50.0 50.0 50.0 50.0 50.0 50.0 50.0 50.0 50.0 50.0 50.0 50.0 50.0 50.0 50.0 50.0 50.0 50.0 50.0 50.0 50.0 50.0 50.0 50.0 50.0 50.0 50.0 50.0 50.0 50.0 50.0 50.0 50.0 50.0 50.0 50.0 50.0 50.0 50.0 50.0 50.0 50.0 50.0 50.0 50.0 50.0 50.0 50.0 50.0 50.0 50.0 50.0 50.0 50.0 50.0 50.0 50.0 50.0 50.0 50.0 50.0 50.0 50.0 50.0 50.0 50.0 50.0 50.0 50.0 50.0 50.0 50.0 50.0 50.0 50.0 50.0 50.0 50.0 50.0 50.0 50.0 50.0 50.0 50.0 50.0 50.0 50.0 50.0 50.0 50.0 50.0 50.0 50.0 50.0 50.0 50.0 50.0 50.0 50.0 50.0 50.0 50.0 50.0 50.0 50.0 50.0 50.0 50.0 50.0 50.0 50.0 50.0 50.0 50.0 50.0 50.0 50.0 50.0 50.0 50.0 50.0 50.0 50.0 50.0 50.0 50.0 50.0 50.0 50.0 50.0 50.0 50.0 50.0 50.0 50.0 50.0 50.0 50.0 50.0 50.0 50.0 50.0 50.0 50.0 50.0 50.0 50.0 50.0 50.0 50.0 50.0 50.0 50.0 50.0 50.0 50.0 50.0 50.0 50.0 50.0 50.0 50.0 50.0 50.0 50.0 50.0 50.0 50.0 50.0 50.0 50.0 50.0 50.0 50.0 50.0 50.0 50.0 50.0 50.0 50.0 50.0 50.0 50.0 50.0 50.0 50.0 50.0 50.0 50.0 50.0 50.0 50.0 50.0 50.0 50.0 50.0 50.0 50.0 50.0 50.0 50.0 50.0 50.0 50.0 50.0 50.0 50.0 50.0 50.0 50.0 50.0 50.0 50.0 50.0 50.0 50.0 50.0 50.0 50.0 50.0 50.0 50.0 50.0 50.0 50.0 50.0 50.0 50.0 50.0 50.0 50.0 50.0 50.0 50.0 50.0 50.0 50.0 50.0 50.0 50.0 50.0 50.0 50.0 50.0 50.0 50.0 50.0 50.0 50.0 50.0 50.0 50.0 50.0 50.0 50.0 50.0 50.0 50.0 50.0 50.0 50.0 50.0 50.0 50.0 50.0 50.0 50.0 50.0 
# name: reacPower
# type: matrix
# rows: 1
# columns: 359
 -8.074 -7.971 -8.074 -7.971 -8.074 -7.971 -7.971 -8.074 -8.074 -8.178 -8.074 -8.074 -8.074 -8.074 -7.971 -8.074 -8.074 -8.074 -7.971 -7.971 -8.074 -8.074 -8.074 -8.074 -8.074 -8.074 -8.074 -8.074 -8.074 -8.074 -8.074 -7.66 -7.66 -7.66 -7.349 -7.142 -7.349 -7.246 -7.142 -7.453 -7.349 -7.349 -7.349 -7.453 -7.349 -7.349 -7.349 -7.349 -7.349 -7.453 -7.349 -7.453 -7.453 -7.453 -7.349 -7.453 -7.349 -7.349 -7.453 -7.453 -7.453 -6.935 -7.453 -7.246 -7.246 -6.935 -6.832 -7.349 -7.349 -7.349 -7.453 -7.349 -7.349 -7.453 -7.349 -7.453 -7.453 -7.453 -7.453 -7.453 -7.453 -7.453 -7.453 -7.453 -7.453 -7.453 -7.349 -7.453 -7.453 -7.453 -7.453 -7.349 -7.349 -7.246 -7.453 -7.453 -7.349 -7.349 -7.453 -7.349 -7.349 -7.453 -7.349 -7.349 -7.349 -7.349 -7.349 -7.349 -7.349 -7.349 -7.349 -7.349 -6.832 -7.246 -7.246 -7.142 -7.246 -7.246 -7.246 -6.832 -7.246 -7.246 -7.349 -7.349 -7.349 -7.246 -7.349 -7.246 -7.246 -7.349 -7.246 -7.246 -7.246 -7.246 -7.246 -7.246 -7.246 -7.246 -7.246 -7.246 -7.246 -7.246 -7.246 -7.246 -7.246 -7.246 -7.246 -7.246 -7.246 -7.246 -7.142 -7.246 -7.246 -7.246 -7.246 -7.349 -7.246 -7.246 -7.246 -7.142 -7.246 -7.246 -7.246 -7.142 -7.246 -7.142 -7.142 -7.142 -7.142 -7.142 -7.142 -7.142 -7.142 -7.246 -7.246 -7.246 -7.246 -7.246 -7.246 -7.142 -7.142 -7.142 -7.142 -7.142 -7.142 -7.142 -7.142 -7.142 -7.142 -7.142 -7.142 -7.142 -7.246 -7.246 -7.246 -7.246 -7.246 -7.246 -7.246 -7.349 -7.349 -7.246 -7.246 -7.349 -7.349 -7.349 -7.349 -7.349 -7.349 -7.349 -7.349 -7.349 -7.349 -7.349 -7.349 -7.349 -7.349 -7.349 -7.453 -7.349 -7.453 -7.453 -7.453 -7.349 -7.453 -7.453 -7.453 -7.453 -7.453 -7.453 -7.453 -7.349 -7.453 -7.453 -7.453 -7.349 -7.453 -7.349 -7.453 -7.349 -7.453 -7.453 -7.349 -7.349 -7.349 -7.349 -7.349 -7.349 -7.349 -7.453 -7.349 -7.349 -7.349 -7.349 -7.349 -7.349 -7.349 -7.349 -7.349 -7.349 -7.349 -7.349 -7.349 -7.453 -7.453 -7.349 -7.349 -7.349 -7.349 -7.349 -7.453 -7.453 -7.349 -7.349 -7.453 -7.453 -7.349 -7.349 -7.349 -7.349 -7.453 -7.349 -7.349 -7.453 -7.349 -7.349 -7.453 -7.453 -7.453 -7.349 -7.453 -7.453 -7.453 -7.453 -7.453 -7.453 -7.349 -7.349 -7.453 -7.349 -7.349 -7.349 -7.453 -7.453 -7.349 -7.349 -7.453 -7.349 -7.349 -7.349 -7.453 -7.453 -7.349 -7.453 -7.453 -7.453 -7.453 -7.349 -7.453 -7.453 -7.349 -7.349 -7.453 -7.453 -7.349 -7.349 -7.453 -7.453 -7.453 -7.349 -7.453 -7.453 -7.453 -7.453 -7.453 -7.453 -7.453 -7.453 -7.453 -7.349 -7.453 -7.453 -7.349 -7.349 -7.349 -7.349 -7.349 -7.349 -7.349 -7.349 -7.453 -7.349 -7.349 -7.349 -7.349 -7.349 -7.453 -7.349 -7.349 
