# name: phAngle
# type: matrix
# rows: 1
# columns: 360
 354 354 354 354 354 354 354 354 354 354 354 354 354 354 354 354 354 354 354 354 354 354 354 354 354 354 354 354 354 354 354 354 354 354 354 354 354 354 354 354 354 354 354 354 354 354 354 354 354 354 354 354 354 354 354 354 354 354 354 354 354 354 354 354 354 354 354 354 354 354 354 354 354 354 354 354 354 354 354 354 354 354 354 354 354 354 354 354 354 354 0 354 354 0 0 354 0 0 354 0 0 354 354 354 354 354 354 354 354 354 354 354 354 354 354 354 0 0 354 0 0 0 0 354 354 354 354 354 354 354 354 354 354 354 354 354 354 354 354 354 354 354 354 354 354 354 354 354 354 354 354 354 354 354 354 354 354 354 354 354 354 354 354 354 354 354 354 354 354 354 354 354 354 354 354 354 354 354 354 354 354 354 354 354 354 354 354 354 354 354 354 354 354 354 354 354 354 354 354 354 354 354 354 354 354 354 354 354 354 354 354 0 354 0 354 354 354 354 354 354 354 354 354 354 354 354 354 354 354 354 354 354 354 354 354 354 354 354 354 354 354 354 354 354 354 354 354 354 354 354 354 354 354 354 354 354 354 354 354 354 354 354 354 354 354 354 354 354 354 354 354 354 354 354 0 0 358 0 0 358 359 350 0 0 0 0 349 358 349 349 0 0 0 356 357 349 349 354 354 354 354 354 354 354 354 354 354 0 358 358 349 0 356 357 349 0 0 0 0 0 0 0 0 349 349 349 354 354 354 354 354 354 354 354 354 354 354 354 354 354 354 354 354 354 354 354 354 354 354 354 354 354 354 354 354 354 354 354 354 354 
# name: freq
# type: matrix
# rows: 1
# columns: 360
 50.0 50.0 50.0 50.0 50.0 50.0 50.0 50.0 50.0 50.0 50.0 50.0 50.0 50.0 50.0 50.0 50.0 50.0 50.0 50.0 50.0 50.0 50.0 50.0 50.0 50.0 50.0 50.0 50.0 50.0 50.0 50.0 50.0 50.0 50.0 50.0 50.0 50.0 50.0 50.0 50.0 50.0 50.0 50.0 50.0 50.0 50.0 50.0 50.0 50.0 50.0 50.0 50.0 50.0 50.0 50.0 50.0 50.0 50.0 50.0 50.0 50.0 50.0 50.0 50.0 50.0 50.0 50.0 50.0 50.0 50.0 50.0 50.0 50.0 50.0 50.0 50.0 50.0 50.0 50.0 50.0 50.0 50.0 50.0 50.0 50.0 50.0 50.0 50.0 50.0 50.0 50.0 50.0 50.0 50.0 50.0 50.0 50.0 50.0 50.0 50.0 50.0 50.0 50.0 50.0 50.0 50.0 50.0 50.0 50.0 50.0 50.0 50.0 50.0 50.0 50.0 50.0 50.0 50.0 50.0 50.0 50.0 50.0 50.0 50.0 50.0 50.0 50.0 50.0 50.0 50.0 50.0 50.0 50.0 50.0 50.0 50.0 50.0 50.0 50.0 50.0 50.0 50.0 50.0 50.0 50.0 50.0 50.0 50.0 50.0 50.0 50.0 50.0 50.0 50.0 50.0 50.0 50.0 50.0 50.0 50.0 50.0 50.0 50.0 50.0 50.0 50.0 50.0 50.0 50.0 50.0 50.0 50.0 50.0 50.0 50.0 50.0 50.0 50.0 50.0 50.0 50.0 50.0 50.0 50.0 50.0 50.0 50.0 50.0 50.0 50.0 50.0 50.0 50.0 50.0 50.0 50.0 50.0 50.0 50.0 50.0 50.0 50.0 50.0 50.0 50.0 50.0 50.0 50.0 50.0 50.0 50.0 50.0 50.0 50.0 50.0 50.0 50.0 50.0 50.0 50.0 50.0 50.0 50.0 50.0 50.0 50.0 50.0 50.0 50.0 50.0 50.0 50.0 50.0 50.0 50.0 50.0 50.0 50.0 50.0 50.0 50.0 50.0 50.0 50.0 50.0 50.0 50.0 50.0 50.0 50.0 50.0 50.0 50.0 50.0 50.0 50.0 50.0 50.0 50.0 50.0 50.0 50.0 50.0 50.0 50.0 50.0 50.0 50.0 50.0 50.0 50.0 50.0 50.0 50.0 50.0 50.0 50.0 50.0 50.0 50.0 50.0 50.0 50.0 50.0 50.0 50.0 50.0 50.0 50.0 50.0 50.0 50.0 50.0 50.0 50.0 50.0 50.0 50.0 50.0 50.0 50.0 50.0 50.0 50.0 50.0 50.0 50.0 50.0 50.0 50.0 50.0 50.0 50.0 50.0 50.0 50.0 50.0 50.0 50.0 50.0 50.0 50.0 50.0 50.0 50.0 50.0 50.0 50.0 50.0 50.0 50.0 50.0 50.0 50.0 50.0 50.0 50.0 50.0 50.0 50.0 50.0 50.0 50.0 50.0 50.0 50.0 50.0 50.0 50.0 50.0 50.0 50.0 50.0 50.0 50.0 50.0 50.0 50.0 50.0 
# name: reacPower
# type: matrix
# rows: 1
# columns: 360
 -2.07 -2.07 -2.07 -2.173 -2.277 -2.277 -2.173 -2.173 -2.173 -2.173 -2.173 -2.173 -2.277 -2.173 -2.173 -2.173 -2.173 -2.173 -2.173 -2.173 -2.173 -2.173 -2.173 -2.173 -2.277 -2.277 -2.173 -2.173 -2.277 -2.173 -2.173 -2.277 -2.173 -2.173 -2.173 -2.277 -2.173 -2.277 -2.277 -2.277 -2.173 -2.277 -2.277 -2.173 -2.277 -2.277 -2.173 -2.173 -2.173 -2.173 -2.277 -2.277 -2.277 -2.277 -2.277 -2.277 -2.277 -2.277 -2.277 -2.277 -2.173 -2.277 -2.277 -2.277 -2.277 -2.173 -2.277 -2.173 -2.173 -2.173 -2.07 -2.173 -2.173 -2.173 -2.173 -2.173 -2.173 -2.173 -2.173 -2.07 -2.07 -2.173 -2.173 -2.173 -2.173 -2.173 -2.173 -2.173 -2.173 -2.173 -1.966 -2.07 -1.966 -1.966 -1.966 -2.07 -1.966 -1.966 -2.07 -1.966 -1.966 -2.07 -2.07 -2.07 -2.07 -2.07 -2.07 -2.07 -2.07 -2.07 -2.07 -1.966 -2.07 -2.07 -2.07 -2.07 -1.966 -1.966 -2.07 -1.966 -1.966 -1.966 -1.966 -2.07 -2.07 -2.07 -2.173 -2.277 -2.173 -2.173 -2.173 -2.277 -2.277 -2.277 -2.277 -2.277 -2.38 -2.38 -2.277 -2.38 -2.38 -2.38 -2.38 -2.277 -2.38 -2.38 -2.38 -2.277 -2.38 -2.38 -2.277 -2.277 -2.277 -2.277 -2.277 -2.277 -2.277 -2.277 -2.277 -2.277 -2.277 -2.277 -2.277 -2.277 -2.277 -2.277 -2.277 -2.277 -2.277 -2.277 -2.277 -2.277 -2.38 -2.277 -2.277 -2.277 -2.38 -2.277 -2.277 -2.277 -2.277 -2.277 -2.277 -2.277 -2.277 -2.277 -2.38 -2.277 -2.277 -2.277 -2.277 -2.277 -2.277 -2.38 -2.277 -2.38 -2.277 -2.277 -2.277 -2.277 -2.277 -2.277 -2.277 -2.277 -2.277 -2.277 -2.277 -2.173 -2.173 -2.173 -2.173 -1.863 -2.07 -1.966 -2.07 -2.07 -2.07 -2.07 -2.07 -2.07 -2.07 -2.07 -2.07 -2.07 -2.07 -2.07 -2.07 -2.07 -1.966 -2.07 -2.07 -2.07 -2.07 -2.07 -2.07 -2.07 -2.07 -2.07 -2.07 -2.07 -2.07 -2.07 -2.173 -2.173 -2.173 -2.173 -2.173 -2.07 -2.277 -2.38 -2.38 -2.38 -2.38 -2.38 -2.38 -2.38 -2.38 -2.38 -2.38 -2.38 -2.38 -2.38 -2.38 -2.38 -2.38 -2.38 -2.38 -2.38 -2.277 -2.277 -2.38 -2.38 -2.277 -2.277 -1.966 1.966 -4.347 -3.002 -1.966 -4.14 -4.554 -4.761 -0.931 -0.931 1.656 1.863 -4.865 -5.176 -5.072 -4.968 -0.207 -0.103 1.863 -4.968 -5.279 -5.176 -5.072 -2.173 -2.173 -2.173 -2.173 -2.173 -2.173 -2.277 -2.277 -2.173 -2.173 0.517 -5.279 -5.279 -5.176 1.242 -4.968 -5.176 -5.279 2.07 1.035 1.035 1.138 1.345 1.552 1.759 1.242 -5.072 -5.176 -5.176 -2.277 -2.173 -2.277 -2.277 -2.38 -2.38 -2.38 -2.38 -2.484 -2.484 -2.38 -2.38 -2.38 -2.484 -2.484 -2.38 -2.38 -2.38 -2.38 -2.484 -2.38 -2.484 -2.38 -2.484 -2.484 -2.484 -2.38 -2.38 -2.38 -2.38 -2.484 -2.484 -2.484 -2.484 
