# name: phAngle
# type: matrix
# rows: 1
# columns: 359
 304 304 304 304 341 348 315 337 343 341 304 304 304 304 304 304 304 304 304 304 304 304 304 304 304 304 304 304 304 304 304 304 304 304 304 304 315 304 304 304 304 304 304 304 304 304 304 304 304 304 304 304 304 304 304 304 304 304 304 304 304 304 304 304 304 304 304 304 304 304 304 304 304 304 304 304 304 304 304 304 304 304 304 304 304 304 304 304 304 304 304 304 304 304 304 304 289 289 289 289 289 289 289 289 289 289 289 289 289 289 289 289 289 289 289 289 289 289 289 289 289 289 289 289 289 289 289 289 289 289 289 289 289 289 289 289 289 289 289 289 289 289 289 289 289 289 289 289 289 289 289 289 289 289 289 289 289 289 289 289 289 289 289 289 289 289 289 289 289 289 289 289 289 289 289 289 289 289 289 289 289 289 289 289 289 289 289 289 289 289 289 289 289 289 289 289 289 289 289 289 289 289 289 289 289 289 289 289 289 289 289 289 289 289 289 289 289 289 289 289 289 289 289 289 289 289 289 289 289 289 289 289 289 289 289 289 289 289 289 289 289 289 289 289 289 289 289 289 289 289 289 289 289 289 289 289 289 289 289 289 289 289 289 289 289 289 289 289 289 289 289 289 289 289 289 289 289 289 289 289 289 289 289 289 289 289 289 289 289 289 289 289 289 289 289 289 289 289 289 289 289 289 289 289 289 289 289 289 289 289 289 289 289 289 289 289 289 289 289 289 289 289 289 289 289 289 289 289 289 289 289 289 289 289 289 289 289 289 289 289 289 289 289 289 289 289 289 289 289 289 289 289 289 289 289 289 289 289 289 
# name: freq
# type: matrix
# rows: 1
# columns: 359
 50.0 50.0 50.0 50.0 50.0 50.0 50.0 50.0 50.0 50.0 50.0 50.0 50.0 50.0 50.0 50.0 50.0 50.0 50.0 50.0 50.0 50.0 50.0 50.0 50.0 50.0 50.0 50.0 50.0 50.0 50.0 50.0 50.0 50.0 50.0 50.0 50.0 50.0 50.0 50.0 50.0 50.0 50.0 50.0 50.0 50.0 50.0 50.0 50.0 50.0 50.0 50.0 50.0 50.0 50.0 50.0 50.0 50.0 50.0 50.0 50.0 50.0 50.0 50.0 50.0 50.0 50.0 50.0 50.0 50.0 50.0 50.0 50.0 50.0 50.0 50.0 50.0 50.0 50.0 50.0 50.0 50.0 50.0 50.0 50.0 50.0 50.0 50.0 50.0 50.0 50.0 50.0 50.0 50.0 50.0 50.0 50.0 50.0 50.0 50.0 50.0 50.0 50.0 50.0 50.0 50.0 50.0 50.0 50.0 50.0 50.0 50.0 50.0 50.0 50.0 50.0 50.0 50.0 50.0 50.0 50.0 50.0 50.0 50.0 50.0 50.0 50.0 50.0 50.0 50.0 50.0 50.0 50.0 50.0 50.0 50.0 50.0 50.0 50.0 50.0 50.0 50.0 50.0 50.0 50.0 50.0 50.0 50.0 50.0 50.0 50.0 50.0 50.0 50.0 50.0 50.0 50.0 50.0 50.0 50.0 50.0 50.0 50.0 50.0 50.0 50.0 50.0 50.0 50.0 50.0 50.0 50.0 50.0 50.0 50.0 50.0 50.0 50.0 50.0 50.0 50.0 50.0 50.0 50.0 50.0 50.0 50.0 50.0 50.0 50.0 50.0 50.0 50.0 50.0 50.0 50.0 50.0 50.0 50.0 50.0 50.0 50.0 50.0 50.0 50.0 50.0 50.0 50.0 50.0 50.0 50.0 50.0 50.0 50.0 50.0 50.0 50.0 50.0 50.0 50.0 50.0 50.0 50.0 50.0 50.0 50.0 50.0 50.0 50.0 50.0 50.0 50.0 50.0 50.0 50.0 50.0 50.0 50.0 50.0 50.0 50.0 50.0 50.0 50.0 50.0 50.0 50.0 50.0 50.0 50.0 50.0 50.0 50.0 50.0 50.0 50.0 50.0 50.0 50.0 50.0 50.0 50.0 50.0 50.0 50.0 50.0 50.0 50.0 50.0 50.0 50.0 50.0 50.0 50.0 50.0 50.0 50.0 50.0 50.0 50.0 50.0 50.0 50.0 50.0 50.0 50.0 50.0 50.0 50.0 50.0 50.0 50.0 50.0 50.0 50.0 50.0 50.0 50.0 50.0 50.0 50.0 50.0 50.0 50.0 50.0 50.0 50.0 50.0 50.0 50.0 50.0 50.0 50.0 50.0 50.0 50.0 50.0 50.0 50.0 50.0 50.0 50.0 50.0 50.0 50.0 50.0 50.0 50.0 50.0 50.0 50.0 50.0 50.0 50.0 50.0 50.0 50.0 50.0 50.0 50.0 50.0 50.0 50.0 50.0 50.0 50.0 50.0 50.0 50.0 50.0 50.0 50.0 50.0 50.0 50.0 50.0 50.0 50.0 50.0 
# name: reacPower
# type: matrix
# rows: 1
# columns: 359
 -7.349 -7.349 -7.349 -7.246 -6.832 -7.66 -7.142 -7.039 -6.832 -7.246 -7.349 -7.349 -7.349 -7.349 -7.349 -7.349 -7.349 -7.349 -7.453 -7.453 -7.349 -7.349 -7.453 -7.349 -7.349 -7.349 -7.349 -7.349 -7.349 -7.349 -7.349 -7.453 -7.349 -7.349 -7.349 -7.349 -7.246 -7.349 -7.349 -7.349 -7.349 -7.349 -7.349 -7.349 -7.349 -7.349 -7.349 -7.349 -7.349 -7.349 -7.349 -7.349 -7.349 -7.349 -7.349 -7.349 -7.349 -7.349 -7.453 -7.349 -7.453 -7.453 -7.349 -7.349 -7.349 -7.349 -7.349 -7.349 -7.349 -7.349 -7.453 -7.349 -7.349 -7.349 -7.453 -7.453 -7.453 -7.453 -7.349 -7.453 -7.453 -7.453 -7.453 -7.453 -7.453 -7.453 -7.453 -7.453 -7.453 -7.453 -7.453 -7.453 -7.453 -7.453 -7.453 -7.453 -7.764 -7.764 -7.764 -7.764 -7.764 -7.764 -7.764 -7.764 -7.764 -7.764 -7.764 -7.764 -7.764 -7.764 -7.764 -7.764 -7.764 -7.764 -7.764 -7.764 -7.764 -7.764 -7.764 -7.764 -7.764 -7.764 -7.764 -7.764 -7.764 -7.764 -7.764 -7.764 -7.764 -7.764 -7.764 -7.764 -7.764 -7.764 -7.764 -7.764 -7.764 -7.764 -7.764 -7.764 -7.764 -7.764 -7.764 -7.764 -7.764 -7.764 -7.764 -7.764 -7.764 -7.764 -7.764 -7.764 -7.764 -7.764 -7.764 -7.764 -7.764 -7.764 -7.764 -7.764 -7.764 -7.764 -7.764 -7.764 -7.764 -7.764 -7.764 -7.764 -7.764 -7.764 -7.764 -7.764 -7.764 -7.764 -7.764 -7.764 -7.764 -7.764 -7.764 -7.764 -7.764 -7.66 -7.66 -7.764 -7.764 -7.66 -7.66 -7.66 -7.66 -7.764 -7.764 -7.66 -7.66 -7.764 -7.66 -7.764 -7.66 -7.66 -7.556 -7.66 -7.66 -7.66 -7.66 -7.66 -7.66 -7.764 -7.66 -7.66 -7.66 -7.66 -7.764 -7.66 -7.66 -7.764 -7.764 -7.66 -7.66 -7.66 -7.66 -7.66 -7.66 -7.66 -7.66 -7.66 -7.66 -7.66 -7.66 -7.66 -7.66 -7.66 -7.66 -7.66 -7.66 -7.66 -7.66 -7.66 -7.66 -7.66 -7.66 -7.66 -7.66 -7.66 -7.66 -7.66 -7.66 -7.66 -7.66 -7.66 -7.66 -7.764 -7.66 -7.66 -7.764 -7.66 -7.66 -7.764 -7.66 -7.66 -7.66 -7.66 -7.66 -7.66 -7.66 -7.66 -7.66 -7.66 -7.66 -7.66 -7.66 -7.66 -7.66 -7.66 -7.66 -7.66 -7.66 -7.66 -7.764 -7.66 -7.66 -7.66 -7.66 -7.66 -7.66 -7.66 -7.66 -7.764 -7.66 -7.66 -7.66 -7.66 -7.66 -7.66 -7.66 -7.66 -7.66 -7.556 -7.66 -7.66 -7.66 -7.66 -7.66 -7.66 -7.66 -7.66 -7.66 -7.66 -7.66 -7.66 -7.66 -7.66 -7.66 -7.66 -7.66 -7.66 -7.66 -7.66 -7.66 -7.66 -7.66 -7.66 -7.66 -7.66 -7.66 -7.66 -7.66 -7.66 -7.66 -7.66 -7.66 -7.66 -7.66 -7.66 -7.66 -7.66 -7.66 -7.66 -7.66 -7.66 -7.66 -7.66 -7.66 -7.66 -7.66 -7.66 -7.66 -7.66 -7.66 -7.66 -7.66 -7.66 -7.66 -7.764 -7.764 -7.764 -7.764 -7.764 -7.764 -7.764 -7.764 
# name: power
# type: matrix
# rows: 1
# columns: 359
 4.968 4.968 4.968 6.004 20.289 29.503 7.349 16.045 22.153 19.047 5.59 5.59 5.59 5.59 5.59 5.59 5.59 5.59 5.486 5.486 5.486 5.486 5.383 5.486 5.486 5.383 5.486 5.486 5.486 5.486 5.486 5.486 5.486 5.383 5.486 5.486 6.625 5.486 5.383 5.486 5.383 5.486 5.383 5.486 5.486 5.486 5.486 5.486 5.486 5.486 5.383 5.486 5.486 5.486 5.383 5.383 5.486 5.383 5.383 5.486 5.383 5.383 5.383 5.486 5.486 5.383 5.383 5.383 5.486 5.383 5.383 5.486 5.486 5.383 5.486 5.383 5.486 5.486 5.486 5.383 5.486 5.486 5.383 5.486 5.486 5.486 5.486 5.486 5.486 5.486 5.486 5.486 5.486 5.383 5.383 5.486 3.105 3.002 3.105 3.105 3.002 3.105 3.105 3.105 3.002 3.105 3.002 3.105 3.105 3.002 3.105 3.105 3.002 3.105 3.002 3.105 3.105 3.002 3.105 3.002 3.105 3.002 3.105 3.002 3.002 3.105 3.002 3.002 3.002 3.002 3.002 3.105 3.002 3.002 3.105 3.105 3.105 3.105 3.105 3.105 3.105 3.105 3.105 3.002 3.105 3.105 3.105 3.105 3.002 3.002 3.002 3.105 3.002 3.002 3.105 3.002 3.002 3.105 3.002 3.105 3.105 3.002 3.105 3.105 3.002 3.105 3.105 3.002 3.105 3.002 3.002 3.002 3.105 3.002 3.105 3.105 3.105 3.105 3.105 3.002 3.105 3.105 3.002 3.105 3.002 3.105 3.105 3.002 3.105 3.105 3.002 3.105 3.002 3.002 3.002 3.105 3.002 3.002 3.105 3.002 3.105 3.105 3.105 3.105 3.002 3.002 3.105 3.002 3.105 3.105 3.105 3.105 3.105 3.105 3.002 3.002 3.002 3.002 3.105 3.002 3.105 3.105 3.002 3.105 3.105 3.002 3.105 3.105 3.002 3.105 3.105 3.105 3.002 3.105 3.002 3.002 3.105 3.002 3.105 3.105 3.002 3.105 3.105 3.002 3.105 3.002 3.002 3.105 3.002 3.105 3.105 3.002 3.002 3.105 3.105 3.002 3.105 3.105 3.002 3.002 3.002 3.105 3.002 3.105 3.002 3.002 3.002 3.002 3.002 3.002 3.002 3.002 3.105 3.105 3.105 3.105 3.105 3.002 3.002 3.105 3.002 3.002 3.105 3.002 3.105 3.002 3.002 3.105 3.105 3.002 3.002 3.002 3.002 3.105 3.105 3.002 3.002 3.002 3.105 3.105 3.105 3.002 3.002 3.002 3.002 3.105 3.002 3.002 3.105 3.002 3.105 3.002 3.105 3.002 3.105 3.002 3.105 3.002 3.002 3.002 3.105 3.002 3.002 3.105 3.105 3.105 3.105 3.002 3.002 3.105 3.105 3.105 3.002 3.002 3.105 3.002 3.002 3.105 3.002 3.002 3.105 3.002 3.002 3.105 3.002 3.002 3.105 3.105 3.105 3.002 3.002 3.105 3.002 3.002 3.105 3.002 3.002 3.105 3.002 
