# name: phAngle
# type: matrix
# rows: 1
# columns: 359
 304 304 304 304 304 304 304 304 304 304 304 304 304 304 304 304 304 304 304 304 304 304 304 304 304 304 304 304 304 304 304 304 304 304 304 304 304 304 304 304 304 304 304 304 304 304 304 304 304 304 304 304 304 304 304 304 304 304 304 304 304 304 304 304 304 304 304 304 304 304 304 304 304 304 304 304 304 304 304 304 304 304 304 304 304 304 304 304 304 323 338 341 341 341 341 341 338 341 338 338 341 341 341 341 341 341 341 338 338 341 341 341 341 341 341 338 341 341 338 338 341 338 341 338 341 341 341 338 341 341 338 338 338 338 341 341 341 341 338 338 341 338 341 338 338 341 341 338 341 338 338 341 338 338 338 341 338 338 341 341 341 341 338 338 341 315 315 304 304 304 304 289 304 304 304 304 304 304 304 304 304 304 304 304 304 304 304 304 304 304 304 304 304 304 304 304 304 304 304 304 304 304 304 304 304 304 304 304 304 304 304 304 304 304 304 304 304 304 304 304 304 304 304 304 304 304 304 304 304 304 304 304 304 304 304 304 304 304 304 304 304 304 304 304 304 304 304 304 304 304 304 304 304 304 304 304 304 304 304 304 304 304 304 304 304 304 304 304 304 304 304 304 304 304 304 304 304 304 304 304 304 304 304 304 304 304 304 304 304 304 304 304 304 304 304 304 304 304 304 304 304 304 304 304 304 304 304 304 304 304 304 304 304 304 304 304 304 304 304 304 304 304 304 304 304 304 304 304 304 304 304 304 304 304 304 304 304 304 304 304 304 304 304 304 304 304 304 304 304 304 304 304 304 304 304 304 304 304 304 
# name: freq
# type: matrix
# rows: 1
# columns: 359
 50.0 50.0 50.0 50.0 50.0 50.0 50.0 50.0 50.0 50.0 50.0 50.0 50.0 50.0 50.0 50.0 50.0 50.0 50.0 50.0 50.0 50.0 50.0 50.0 50.0 50.0 50.0 50.0 50.0 50.0 50.0 50.0 50.0 50.0 50.0 50.0 50.0 50.0 50.0 50.0 50.0 50.0 50.0 50.0 50.0 50.0 50.0 50.0 50.0 50.0 50.0 50.0 50.0 50.0 50.0 50.0 50.0 50.0 50.0 50.0 50.0 50.0 50.0 50.0 50.0 50.0 50.0 50.0 50.0 50.0 50.0 50.0 50.0 50.0 50.0 50.0 50.0 50.0 50.0 50.0 50.0 50.0 50.0 50.0 50.0 50.0 50.0 50.0 50.0 50.0 50.0 50.0 50.0 50.0 50.0 50.0 50.0 50.0 50.0 50.0 50.0 50.0 50.0 50.0 50.0 50.0 50.0 50.0 50.0 50.0 50.0 50.0 50.0 50.0 50.0 50.0 50.0 50.0 50.0 50.0 50.0 50.0 50.0 50.0 50.0 50.0 50.0 50.0 50.0 50.0 50.0 50.0 50.0 50.0 50.0 50.0 50.0 50.0 50.0 50.0 50.0 50.0 50.0 50.0 50.0 50.0 50.0 50.0 50.0 50.0 50.0 50.0 50.0 50.0 50.0 50.0 50.0 50.0 50.0 50.0 50.0 50.0 50.0 50.0 50.0 50.0 50.0 50.0 50.0 50.0 50.0 50.0 50.0 50.0 50.0 50.0 50.0 50.0 50.0 50.0 50.0 50.0 50.0 50.0 50.0 50.0 50.0 50.0 50.0 50.0 50.0 50.0 50.0 50.0 50.0 50.0 50.0 50.0 50.0 50.0 50.0 50.0 50.0 50.0 50.0 50.0 50.0 50.0 50.0 50.0 50.0 50.0 50.0 50.0 50.0 50.0 50.0 50.0 50.0 50.0 50.0 50.0 50.0 50.0 50.0 50.0 50.0 50.0 50.0 50.0 50.0 50.0 50.0 50.0 50.0 50.0 50.0 50.0 50.0 50.0 50.0 50.0 50.0 50.0 50.0 50.0 50.0 50.0 50.0 50.0 50.0 50.0 50.0 50.0 50.0 50.0 50.0 50.0 50.0 50.0 50.0 50.0 50.0 50.0 50.0 50.0 50.0 50.0 50.0 50.0 50.0 50.0 50.0 50.0 50.0 50.0 50.0 50.0 50.0 50.0 50.0 50.0 50.0 50.0 50.0 50.0 50.0 50.0 50.0 50.0 50.0 50.0 50.0 50.0 50.0 50.0 50.0 50.0 50.0 50.0 50.0 50.0 50.0 50.0 50.0 50.0 50.0 50.0 50.0 50.0 50.0 50.0 50.0 50.0 50.0 50.0 50.0 50.0 50.0 50.0 50.0 50.0 50.0 50.0 50.0 50.0 50.0 50.0 50.0 50.0 50.0 50.0 50.0 50.0 50.0 50.0 50.0 50.0 50.0 50.0 50.0 50.0 50.0 50.0 50.0 50.0 50.0 50.0 50.0 50.0 50.0 50.0 50.0 50.0 50.0 50.0 50.0 50.0 50.0 
# name: reacPower
# type: matrix
# rows: 1
# columns: 359
 -6.832 -6.728 -6.728 -6.728 -6.728 -6.728 -6.728 -6.728 -6.728 -6.728 -6.625 -6.625 -6.625 -6.625 -6.728 -6.728 -6.625 -6.728 -6.728 -6.625 -6.832 -6.832 -6.832 -6.832 -6.832 -6.728 -6.728 -6.728 -6.728 -6.521 -6.521 -6.521 -6.418 -6.625 -6.521 -6.521 -6.521 -6.625 -6.625 -6.625 -6.625 -6.625 -6.625 -6.625 -6.625 -6.728 -6.625 -6.728 -6.625 -6.625 -6.625 -6.625 -6.418 -6.418 -6.418 -6.418 -6.418 -6.418 -6.418 -6.418 -6.521 -6.625 -6.625 -6.728 -6.625 -6.625 -6.625 -6.625 -6.625 -6.625 -6.625 -6.625 -6.625 -6.625 -6.625 -6.625 -6.625 -6.625 -6.521 -6.521 -6.521 -6.521 -6.521 -6.521 -6.521 -6.521 -6.521 -6.521 -6.521 -6.314 -6.107 -6.004 -6.107 -6.107 -6.004 -6.004 -6.004 -6.004 -6.107 -6.004 -5.9 -5.9 -5.9 -5.797 -5.9 -5.797 -6.004 -5.9 -5.9 -5.797 -5.9 -5.9 -5.9 -5.9 -5.9 -6.004 -5.9 -5.9 -6.004 -6.004 -5.9 -5.9 -5.9 -5.9 -6.004 -6.107 -6.107 -6.107 -6.004 -6.004 -6.107 -6.004 -6.004 -6.004 -6.004 -6.004 -5.9 -5.9 -6.004 -5.9 -5.9 -5.9 -5.9 -6.004 -6.004 -5.9 -6.004 -6.004 -5.9 -5.9 -5.9 -5.9 -6.004 -6.004 -6.004 -6.004 -6.004 -6.004 -6.004 -5.9 -5.9 -5.797 -5.9 -6.004 -5.9 -6.314 -6.211 -6.521 -6.418 -6.521 -6.521 -6.521 -6.314 -6.418 -6.418 -6.418 -6.521 -6.418 -6.521 -6.521 -6.625 -6.521 -6.625 -6.625 -6.521 -6.521 -6.625 -6.521 -6.521 -6.625 -6.521 -6.521 -6.625 -6.521 -6.625 -6.625 -6.625 -6.521 -6.521 -6.521 -6.625 -6.625 -6.625 -6.625 -6.625 -6.625 -6.625 -6.625 -6.625 -6.625 -6.625 -6.625 -6.625 -6.625 -6.625 -6.625 -6.625 -6.625 -6.625 -6.625 -6.521 -6.625 -6.625 -6.625 -6.625 -6.625 -6.625 -6.521 -6.625 -6.625 -6.625 -6.521 -6.625 -6.521 -6.521 -6.521 -6.521 -6.625 -6.625 -6.625 -6.625 -6.521 -6.625 -6.625 -6.625 -6.625 -6.625 -6.625 -6.625 -6.625 -6.625 -6.625 -6.625 -6.625 -6.625 -6.625 -6.625 -6.625 -6.625 -6.625 -6.625 -6.625 -6.625 -6.625 -6.625 -6.625 -6.625 -6.625 -6.625 -6.625 -6.625 -6.625 -6.625 -6.625 -6.625 -6.625 -6.625 -6.625 -6.625 -6.521 -6.625 -6.521 -6.625 -6.521 -6.625 -6.521 -6.521 -6.521 -6.521 -6.521 -6.521 -6.625 -6.521 -6.521 -6.521 -6.521 -6.521 -6.521 -6.521 -6.625 -6.521 -6.521 -6.521 -6.521 -6.521 -6.521 -6.521 -6.521 -6.521 -6.521 -6.521 -6.521 -6.521 -6.521 -6.521 -6.521 -6.521 -6.521 -6.625 -6.521 -6.521 -6.521 -6.521 -6.521 -6.521 -6.521 -6.521 -6.521 -6.521 -6.625 -6.625 -6.625 -6.625 -6.625 -6.625 -6.625 -6.625 -6.625 -6.625 -6.625 -6.625 -6.625 -6.625 -6.625 -6.625 -6.625 -6.625 -6.625 -6.521 -6.625 -6.625 -6.625 -6.625 -6.625 -6.625 -6.625 -6.625 -6.625 -6.625 
