# name: phAngle
# type: matrix
# rows: 1
# columns: 359
 293 293 293 293 293 293 293 293 293 293 293 293 293 293 293 293 293 293 293 293 293 293 293 293 293 293 293 293 293 293 293 293 293 293 293 293 293 293 293 293 293 293 293 293 293 293 293 293 293 293 293 293 293 293 293 293 293 293 293 293 293 293 293 293 293 293 293 293 293 293 293 293 293 293 293 293 293 293 293 293 293 293 293 293 293 293 293 293 293 293 293 293 293 293 293 293 293 293 293 293 293 293 293 293 293 293 293 293 293 293 293 293 293 293 293 293 293 293 293 293 293 293 293 293 293 293 293 293 293 293 293 293 293 293 293 293 293 293 293 293 293 293 293 293 293 293 293 293 293 293 293 293 293 293 293 293 293 293 293 293 293 293 293 293 293 293 293 293 293 293 293 293 293 293 293 293 293 293 293 293 293 293 293 293 293 293 293 293 293 293 293 293 293 293 293 293 293 293 293 293 293 293 293 293 293 293 293 293 293 293 293 293 293 293 293 293 293 293 293 293 8 4 319 319 315 305 305 305 305 305 305 305 305 305 305 305 305 8 319 319 315 305 305 305 305 305 305 305 305 305 305 305 305 305 305 305 305 305 305 305 305 305 305 305 305 305 305 305 305 305 305 305 305 305 305 305 305 305 305 305 305 305 305 305 305 305 305 305 305 305 305 305 305 305 305 305 305 305 305 305 305 305 305 305 305 305 305 305 305 305 305 305 305 305 305 305 305 305 305 305 305 305 305 305 305 305 311 305 305 305 305 305 305 305 305 311 305 305 305 305 305 305 305 305 311 305 305 305 305 305 305 311 305 305 305 305 305 305 305 
# name: freq
# type: matrix
# rows: 1
# columns: 359
 50.0 50.0 50.0 50.0 50.0 50.0 50.0 50.0 50.0 50.0 50.0 50.0 50.0 50.0 50.0 50.0 50.0 50.0 50.0 50.0 50.0 50.0 50.0 50.0 50.0 50.0 50.0 50.0 50.0 50.0 50.0 50.0 50.0 50.0 50.0 50.0 50.0 50.0 50.0 50.0 50.0 50.0 50.0 50.0 50.0 50.0 50.0 50.0 50.0 50.0 50.0 50.0 50.0 50.0 50.0 50.0 50.0 50.0 50.0 50.0 50.0 50.0 50.0 50.0 50.0 50.0 50.0 50.0 50.0 50.0 50.0 50.0 50.0 50.0 50.0 50.0 50.0 50.0 50.0 50.0 50.0 50.0 50.0 50.0 50.0 50.0 50.0 50.0 50.0 50.0 50.0 50.0 50.0 50.0 50.0 50.0 50.0 50.0 50.0 50.0 50.0 50.0 50.0 50.0 50.0 50.0 50.0 50.0 50.0 50.0 50.0 50.0 50.0 50.0 50.0 50.0 50.0 50.0 50.0 50.0 50.0 50.0 50.0 50.0 50.0 50.0 50.0 50.0 50.0 50.0 50.0 50.0 50.0 50.0 50.0 50.0 50.0 50.0 50.0 50.0 50.0 50.0 50.0 50.0 50.0 50.0 50.0 50.0 50.0 50.0 50.0 50.0 50.0 50.0 50.0 50.0 50.0 50.0 50.0 50.0 50.0 50.0 50.0 50.0 50.0 50.0 50.0 50.0 50.0 50.0 50.0 50.0 50.0 50.0 50.0 50.0 50.0 50.0 50.0 50.0 50.0 50.0 50.0 50.0 50.0 50.0 50.0 50.0 50.0 50.0 50.0 50.0 50.0 50.0 50.0 50.0 50.0 50.0 50.0 50.0 50.0 50.0 50.0 50.0 50.0 50.0 50.0 50.0 50.0 50.0 50.0 50.0 50.0 50.0 50.0 50.0 50.0 50.0 50.0 50.0 50.0 50.0 50.0 50.0 50.0 50.0 50.0 50.0 50.0 50.0 50.0 50.0 50.0 50.0 50.0 50.0 50.0 50.0 50.0 50.0 50.0 50.0 50.0 50.0 50.0 50.0 50.0 50.0 50.0 50.0 50.0 50.0 50.0 50.0 50.0 50.0 50.0 50.0 50.0 50.0 50.0 50.0 50.0 50.0 50.0 50.0 50.0 50.0 50.0 50.0 50.0 50.0 50.0 50.0 50.0 50.0 50.0 50.0 50.0 50.0 50.0 50.0 50.0 50.0 50.0 50.0 50.0 50.0 50.0 50.0 50.0 50.0 50.0 50.0 50.0 50.0 50.0 50.0 50.0 50.0 50.0 50.0 50.0 50.0 50.0 50.0 50.0 50.0 50.0 50.0 50.0 50.0 50.0 50.0 50.0 50.0 50.0 50.0 50.0 50.0 50.0 50.0 50.0 50.0 50.0 50.0 50.0 50.0 50.0 50.0 50.0 50.0 50.0 50.0 50.0 50.0 50.0 50.0 50.0 50.0 50.0 50.0 50.0 50.0 50.0 50.0 50.0 50.0 50.0 50.0 50.0 50.0 50.0 50.0 50.0 50.0 50.0 50.0 50.0 
# name: reacPower
# type: matrix
# rows: 1
# columns: 359
 -15.631 -15.631 -15.631 -15.735 -15.631 -15.735 -15.528 -14.803 -15.838 -14.699 -15.631 -15.735 -15.631 -15.631 -15.528 -15.528 -15.113 -15.528 -15.528 -15.321 -15.321 -15.424 -15.424 -15.424 -15.424 -15.424 -15.321 -15.321 -15.321 -15.321 -15.217 -15.321 -15.321 -15.321 -15.321 -15.321 -15.321 -15.321 -15.424 -15.424 -15.424 -15.528 -15.528 -15.528 -15.528 -15.631 -15.631 -15.735 -15.735 -15.735 -15.631 -15.528 -15.631 -15.528 -15.631 -15.528 -15.528 -15.631 -15.217 -15.631 -15.631 -15.528 -15.424 -15.528 -15.113 -15.528 -15.528 -15.528 -15.528 -15.424 -15.113 -15.528 -15.528 -15.631 -15.631 -15.528 -15.528 -15.424 -15.424 -15.528 -15.424 -15.528 -15.424 -15.424 -15.424 -15.424 -15.528 -15.631 -15.528 -15.424 -15.424 -15.01 -15.424 -15.321 -15.424 -15.424 -15.424 -15.321 -15.528 -15.424 -15.528 -15.424 -15.424 -15.321 -15.424 -15.424 -15.528 -15.424 -15.424 -15.424 -15.424 -15.424 -15.321 -15.321 -15.321 -15.424 -15.424 -15.217 -15.113 -15.321 -15.217 -15.217 -15.217 -15.217 -15.217 -15.217 -15.217 -15.217 -15.735 -15.735 -15.735 -15.735 -15.735 -15.735 -15.631 -15.631 -15.631 -15.631 -15.735 -15.631 -15.735 -15.735 -15.424 -15.735 -15.735 -15.838 -15.735 -15.735 -15.631 -15.631 -15.631 -15.631 -15.735 -15.735 -15.735 -15.631 -15.631 -15.528 -15.528 -15.528 -15.631 -15.528 -15.528 -15.321 -15.528 -15.528 -15.528 -15.528 -15.528 -15.631 -15.631 -15.631 -15.631 -15.631 -15.735 -15.735 -15.631 -15.631 -15.631 -15.424 -15.528 -15.528 -15.528 -15.528 -15.217 -15.528 -15.528 -15.528 -15.424 -15.528 -15.424 -15.528 -15.528 -15.528 -15.528 -15.631 -15.735 -15.631 -15.838 -15.735 -15.838 -15.838 -15.735 -15.735 -15.735 -15.631 -15.735 -15.631 -15.631 -15.528 -15.631 -15.631 -15.735 -15.631 -15.631 -15.528 -15.528 -15.631 -15.528 -15.631 58.489 64.389 -16.045 -16.045 -14.699 -14.906 -14.906 -14.906 -14.803 -14.906 -14.906 -15.01 -14.906 -15.01 -14.906 -14.906 -15.01 108.489 -16.356 -16.356 -15.01 -15.113 -15.217 -15.321 -15.217 -15.321 -15.217 -15.113 -15.113 -15.217 -15.217 -15.217 -15.217 -15.113 -15.217 -15.113 -15.113 -15.113 -15.217 -15.217 -15.113 -15.113 -15.113 -15.113 -15.217 -15.113 -15.113 -15.113 -15.113 -15.113 -15.113 -15.113 -14.906 -15.01 -15.113 -15.113 -15.01 -14.906 -14.906 -14.906 -14.906 -15.01 -14.906 -15.01 -14.803 -14.906 -14.699 -14.906 -14.699 -14.803 -14.803 -14.803 -14.803 -14.803 -14.803 -14.906 -14.906 -14.906 -14.906 -14.803 -14.803 -14.803 -14.803 -14.803 -14.803 -14.699 -14.596 -14.699 -14.699 -14.596 -14.803 -14.699 -14.699 -14.803 -15.01 -14.906 -14.803 -14.803 -14.803 -14.699 -14.803 -14.699 -15.01 -15.01 -15.01 -15.01 -15.01 -15.01 -14.906 -15.01 -15.01 -15.01 -14.906 -15.01 -15.01 -15.113 -14.906 -14.906 -15.01 -14.906 -15.01 -15.01 -15.01 -15.01 -15.01 -15.113 -15.113 -15.113 -15.113 -15.01 -15.01 -15.01 -15.01 -15.01 -15.01 -14.906 -14.803 -14.803 -14.906 
