# name: phAngle
# type: matrix
# rows: 1
# columns: 359
 305 305 305 305 305 305 305 305 305 305 305 305 305 305 305 305 305 305 305 305 305 305 305 305 305 305 305 305 305 305 305 305 305 305 305 305 305 305 305 305 305 305 305 305 305 305 305 305 305 305 305 305 311 305 305 305 305 305 305 305 305 305 305 305 305 305 305 305 305 305 305 305 8 319 0 325 319 319 315 311 311 311 311 311 311 311 311 311 311 311 311 311 311 311 311 311 311 311 311 311 311 311 311 311 311 311 311 311 311 311 311 311 311 311 311 311 311 311 311 311 311 311 311 311 311 311 311 311 311 311 311 311 311 311 311 311 311 311 284 315 315 315 311 311 311 311 305 305 305 305 305 305 305 305 305 305 11 6 10 319 319 315 311 311 311 311 311 311 311 311 311 311 311 311 311 311 311 311 311 311 311 311 311 311 311 271 315 315 315 311 311 311 311 305 311 5 10 315 315 315 305 305 305 305 305 305 305 305 305 305 305 305 305 305 305 305 305 305 305 305 305 305 305 305 305 305 305 305 305 305 305 305 305 305 305 305 305 305 305 305 305 305 311 305 305 305 305 305 305 305 305 305 305 305 305 305 305 305 305 305 305 305 305 305 305 305 305 305 305 305 305 311 305 305 305 305 305 305 311 305 305 305 305 305 305 305 311 305 305 305 305 305 305 305 305 305 305 305 305 305 305 305 305 305 305 305 305 305 305 311 311 305 305 311 311 305 311 305 305 305 305 305 311 311 305 305 305 305 311 305 305 305 311 305 305 305 305 305 305 311 311 305 305 305 305 305 305 305 305 305 305 305 305 311 305 305 305 305 305 
# name: freq
# type: matrix
# rows: 1
# columns: 359
 50.0 50.0 50.0 50.0 50.0 50.0 50.0 50.0 50.0 50.0 50.0 50.0 50.0 50.0 50.0 50.0 50.0 50.0 50.0 50.0 50.0 50.0 50.0 50.0 50.0 50.0 50.0 50.0 50.0 50.0 50.0 50.0 50.0 50.0 50.0 50.0 50.0 50.0 50.0 50.0 50.0 50.0 50.0 50.0 50.0 50.0 50.0 50.0 50.0 50.0 50.0 50.0 50.0 50.0 50.0 50.0 50.0 50.0 50.0 50.0 50.0 50.0 50.0 50.0 50.0 50.0 50.0 50.0 50.0 50.0 50.0 50.0 50.0 50.0 50.0 50.0 50.0 50.0 50.0 50.0 50.0 50.0 50.0 50.0 50.0 50.0 50.0 50.0 50.0 50.0 50.0 50.0 50.0 50.0 50.0 50.0 50.0 50.0 50.0 50.0 50.0 50.0 50.0 50.0 50.0 50.0 50.0 50.0 50.0 50.0 50.0 50.0 50.0 50.0 50.0 50.0 50.0 50.0 50.0 50.0 50.0 50.0 50.0 50.0 50.0 50.0 50.0 50.0 50.0 50.0 50.0 50.0 50.0 50.0 50.0 50.0 50.0 50.0 50.0 50.0 50.0 50.0 50.0 50.0 50.0 50.0 50.0 50.0 50.0 50.0 50.0 50.0 50.0 50.0 50.0 50.0 50.0 50.0 50.0 50.0 50.0 50.0 50.0 50.0 50.0 50.0 50.0 50.0 50.0 50.0 50.0 50.0 50.0 50.0 50.0 50.0 50.0 50.0 50.0 50.0 50.0 50.0 50.0 50.0 50.0 50.0 50.0 50.0 50.0 50.0 50.0 50.0 50.0 50.0 50.0 50.0 50.0 50.0 50.0 50.0 50.0 50.0 50.0 50.0 50.0 50.0 50.0 50.0 50.0 50.0 50.0 50.0 50.0 50.0 50.0 50.0 50.0 50.0 50.0 50.0 50.0 50.0 50.0 50.0 50.0 50.0 50.0 50.0 50.0 50.0 50.0 50.0 50.0 50.0 50.0 50.0 50.0 50.0 50.0 50.0 50.0 50.0 50.0 50.0 50.0 50.0 50.0 50.0 50.0 50.0 50.0 50.0 50.0 50.0 50.0 50.0 50.0 50.0 50.0 50.0 50.0 50.0 50.0 50.0 50.0 50.0 50.0 50.0 50.0 50.0 50.0 50.0 50.0 50.0 50.0 50.0 50.0 50.0 50.0 50.0 50.0 50.0 50.0 50.0 50.0 50.0 50.0 50.0 50.0 50.0 50.0 50.0 50.0 50.0 50.0 50.0 50.0 50.0 50.0 50.0 50.0 50.0 50.0 50.0 50.0 50.0 50.0 50.0 50.0 50.0 50.0 50.0 50.0 50.0 50.0 50.0 50.0 50.0 50.0 50.0 50.0 50.0 50.0 50.0 50.0 50.0 50.0 50.0 50.0 50.0 50.0 50.0 50.0 50.0 50.0 50.0 50.0 50.0 50.0 50.0 50.0 50.0 50.0 50.0 50.0 50.0 50.0 50.0 50.0 50.0 50.0 50.0 50.0 49.9 50.0 50.0 50.0 50.0 50.0 
# name: reacPower
# type: matrix
# rows: 1
# columns: 359
 -15.01 -14.596 -14.906 -14.906 -14.906 -14.906 -14.803 -14.803 -15.01 -14.906 -15.01 -15.01 -14.906 -15.01 -14.906 -14.906 -14.906 -15.01 -15.01 -15.01 -15.01 -14.906 -14.906 -15.01 -14.906 -15.01 -15.01 -15.01 -15.01 -14.906 -14.906 -14.803 -14.906 -14.906 -14.906 -14.906 -14.906 -14.492 -14.906 -14.906 -15.01 -15.01 -14.906 -15.01 -15.01 -15.01 -15.01 -14.906 -15.01 -15.01 -15.01 -14.906 -14.906 -14.803 -15.01 -14.906 -14.906 -14.906 -15.01 -15.01 -15.01 -15.01 -15.01 -15.01 -15.01 -15.01 -15.01 -15.01 -15.01 -15.01 -15.01 -15.01 19.047 -16.252 -5.072 -16.149 -16.252 -16.045 -14.803 -14.906 -14.906 -15.01 -15.01 -15.01 -14.906 -15.01 -14.906 -14.906 -14.803 -14.906 -15.01 -14.803 -14.803 -14.906 -14.803 -14.906 -14.803 -14.803 -14.803 -14.803 -14.803 -14.803 -14.803 -14.803 -14.803 -14.803 -14.803 -14.906 -14.906 -14.596 -14.803 -14.803 -14.803 -14.803 -14.803 -14.803 -14.803 -14.803 -14.803 -14.803 -14.803 -14.803 -14.803 -14.803 -14.803 -14.699 -14.803 -14.699 -14.699 -14.699 -14.699 -14.803 -14.803 -14.803 -14.803 -14.803 -14.803 -14.803 -16.459 -15.942 -16.045 -16.045 -16.252 -16.252 -16.356 -15.735 -14.906 -14.906 -14.906 -14.803 -14.906 -14.803 -14.906 -14.906 -14.906 -14.906 25.569 51.346 131.988 -16.045 -16.045 -14.699 -15.01 -14.906 -14.906 -14.906 -14.906 -14.906 -14.906 -14.906 -14.906 -14.906 -14.906 -14.906 -14.906 -14.906 -14.906 -14.906 -14.906 -14.906 -14.906 -14.906 -14.803 -14.906 -15.01 -17.184 -16.045 -16.045 -16.045 -16.149 -16.149 -16.149 -15.631 -14.803 -14.803 76.398 133.127 -15.838 -15.838 -14.492 -14.699 -14.803 -14.803 -14.803 -14.803 -14.906 -14.803 -14.906 -14.906 -14.906 -14.906 -14.906 -14.906 -14.906 -14.906 -14.906 -14.803 -14.803 -14.803 -14.803 -14.803 -14.803 -14.699 -14.699 -14.803 -14.803 -14.803 -14.803 -14.803 -14.803 -14.699 -14.803 -14.803 -14.803 -14.699 -14.699 -14.699 -14.699 -14.803 -14.803 -14.803 -14.699 -14.803 -14.906 -14.906 -14.803 -14.906 -14.803 -14.803 -14.906 -14.906 -14.906 -14.906 -14.906 -14.906 -14.906 -14.906 -15.01 -15.01 -15.01 -15.01 -15.01 -15.01 -15.01 -15.113 -15.113 -15.01 -15.01 -15.113 -15.113 -15.01 -15.113 -15.113 -15.113 -15.113 -15.113 -15.113 -15.113 -15.113 -15.113 -15.113 -15.113 -15.113 -15.113 -15.113 -15.01 -15.113 -15.113 -15.113 -15.113 -15.113 -15.01 -15.113 -15.01 -14.906 -14.906 -14.906 -14.906 -14.906 -14.906 -14.906 -15.01 -15.01 -14.906 -15.113 -15.01 -15.01 -15.113 -15.01 -15.113 -15.217 -15.01 -15.01 -15.113 -15.113 -15.113 -15.113 -15.217 -15.217 -15.217 -15.217 -15.113 -15.113 -15.113 -15.113 -15.113 -15.113 -15.01 -15.01 -15.113 -15.113 -15.113 -15.113 -15.01 -15.113 -15.217 -15.217 -15.113 -15.217 -15.113 -15.217 -15.217 -14.906 -14.906 -15.01 -15.01 -15.113 -15.113 -15.113 -15.217 -15.217 -15.113 -15.01 -15.01 -15.01 -14.803 -14.906 -14.803 -14.803 
