# name: phAngle
# type: matrix
# rows: 1
# columns: 359
 304 304 304 304 304 304 304 304 304 304 304 304 304 304 304 304 304 304 304 304 304 304 304 304 304 304 304 304 304 304 304 304 304 304 304 304 304 304 304 304 304 304 304 304 304 304 304 304 304 304 304 304 304 304 304 338 338 338 341 338 341 338 341 341 341 341 341 338 304 304 304 304 304 304 304 304 304 304 304 304 304 304 304 304 304 304 304 304 304 304 304 304 304 304 304 304 304 304 304 304 304 304 304 304 304 304 304 304 304 304 304 304 304 304 304 304 304 304 304 304 304 304 304 304 304 304 304 304 304 304 304 304 304 304 304 304 304 304 304 304 304 304 304 304 304 304 304 304 304 304 304 304 304 304 304 304 304 304 304 304 304 304 304 304 304 304 304 304 304 304 304 304 304 304 304 304 304 304 304 304 304 304 304 304 304 304 304 304 304 304 304 304 304 304 304 304 304 304 304 304 304 304 304 304 304 304 304 304 304 304 304 304 304 304 304 304 304 304 304 304 304 304 304 304 304 304 304 304 304 304 304 304 304 304 304 304 304 304 304 304 304 304 304 304 304 304 304 304 304 304 304 304 304 304 304 304 304 304 304 304 304 304 304 304 304 304 304 304 304 346 338 333 333 304 304 304 304 304 304 304 304 304 304 304 304 304 304 304 304 304 304 304 304 304 304 304 304 304 304 304 304 304 304 304 304 304 304 304 304 304 304 304 304 304 304 304 304 304 304 304 304 304 304 304 304 304 304 304 304 304 304 304 304 304 304 304 304 304 304 304 304 304 304 304 304 304 304 304 304 304 304 304 304 304 304 304 304 304 304 
# name: freq
# type: matrix
# rows: 1
# columns: 359
 50.0 50.0 50.0 50.0 50.0 50.0 50.0 50.0 50.0 50.0 50.0 50.0 50.0 50.0 50.0 50.0 50.0 50.0 50.0 50.0 50.0 50.0 50.0 50.0 50.0 50.0 50.0 50.0 50.0 50.0 50.0 50.0 50.0 50.0 50.0 50.0 50.0 50.0 50.0 50.0 50.0 50.0 50.0 50.0 50.0 50.0 50.0 50.0 50.0 50.0 50.0 50.0 50.0 50.0 50.0 50.0 50.0 50.0 50.0 50.0 50.0 50.0 50.0 50.0 50.0 50.0 50.0 50.0 50.0 50.0 50.0 50.0 50.0 50.0 50.0 50.0 50.0 50.0 50.0 50.0 50.0 50.0 50.0 50.0 50.0 50.0 50.0 50.0 50.0 50.0 50.0 50.0 50.0 50.0 50.0 50.0 50.0 50.0 50.0 50.0 50.0 50.0 50.0 50.0 50.0 50.0 50.0 50.0 50.0 50.0 50.0 50.0 50.0 50.0 50.0 50.0 50.0 50.0 50.0 50.0 50.0 50.0 50.0 50.0 50.0 50.0 50.0 50.0 50.0 50.0 50.0 50.0 50.0 50.0 50.0 50.0 50.0 50.0 50.0 50.0 50.0 50.0 50.0 50.0 50.0 50.0 50.0 50.0 50.0 50.0 50.0 50.0 50.0 50.0 50.0 50.0 50.0 50.0 50.0 50.0 50.0 50.0 50.0 50.0 50.0 50.0 50.0 50.0 50.0 50.0 50.0 50.0 50.0 50.0 50.0 50.0 50.0 50.0 50.0 50.0 50.0 50.0 50.0 50.0 50.0 50.0 50.0 50.0 50.0 50.0 50.0 50.0 50.0 50.0 50.0 50.0 50.0 50.0 50.0 50.0 50.0 50.0 50.0 50.0 50.0 49.9 49.9 50.0 49.9 49.9 49.9 49.9 49.9 49.9 49.9 49.9 50.0 50.0 49.9 49.9 49.9 49.9 49.9 49.9 49.9 49.9 50.0 49.9 49.9 49.9 49.9 49.9 50.0 49.9 49.9 49.9 49.9 49.9 50.0 49.9 50.0 50.0 50.0 49.9 49.9 50.0 50.0 49.9 49.9 49.9 50.0 50.0 50.0 50.0 49.9 49.9 50.0 50.0 50.0 50.0 50.0 50.0 50.0 50.0 50.0 50.0 50.0 50.0 50.0 50.0 50.0 50.0 50.0 50.0 50.0 50.0 50.0 50.0 50.0 50.0 50.0 50.0 50.0 50.0 50.0 50.0 50.0 50.0 50.0 50.0 50.0 50.0 50.0 50.0 50.0 50.0 50.0 50.0 50.0 50.0 50.0 50.0 50.0 50.0 50.0 50.0 50.0 50.0 50.0 50.0 50.0 50.0 50.0 50.0 50.0 50.0 50.0 50.0 50.0 50.0 50.0 50.0 50.0 50.0 50.0 50.0 50.0 50.0 50.0 50.0 50.0 50.0 50.0 50.0 50.0 50.0 50.0 50.0 50.0 50.0 50.0 50.0 50.0 50.0 50.0 50.0 50.0 50.0 50.0 50.0 50.0 50.0 50.0 50.0 50.0 50.0 50.0 50.0 50.0 
# name: reacPower
# type: matrix
# rows: 1
# columns: 359
 -6.314 -6.314 -6.418 -6.418 -6.418 -6.418 -6.418 -6.418 -6.418 -6.418 -6.314 -6.314 -6.418 -6.418 -6.418 -6.418 -6.418 -6.418 -6.418 -6.418 -6.418 -6.418 -6.418 -6.418 -6.418 -6.521 -6.521 -6.521 -6.521 -6.521 -6.521 -6.521 -6.521 -6.521 -6.521 -6.418 -6.521 -6.521 -6.521 -6.521 -6.521 -6.521 -6.418 -6.521 -6.521 -6.521 -6.521 -6.521 -6.521 -6.521 -6.418 -6.418 -6.314 -6.314 -6.314 -5.797 -5.693 -5.693 -5.797 -5.797 -5.797 -5.693 -5.693 -5.797 -5.797 -5.797 -5.693 -5.9 -6.418 -6.418 -6.418 -6.314 -6.314 -6.418 -6.418 -6.418 -6.314 -6.314 -6.418 -6.418 -6.418 -6.314 -6.314 -6.418 -6.418 -6.418 -6.418 -6.314 -6.418 -6.418 -6.418 -6.418 -6.314 -6.418 -6.418 -6.418 -6.314 -6.314 -6.418 -6.314 -6.314 -6.314 -6.314 -6.314 -6.314 -6.314 -6.314 -6.418 -6.314 -6.314 -6.418 -6.418 -6.418 -6.418 -6.418 -6.314 -6.314 -6.314 -6.314 -6.418 -6.418 -6.418 -6.521 -6.521 -6.521 -6.521 -6.521 -6.521 -6.521 -6.521 -6.521 -6.521 -6.521 -6.521 -6.521 -6.521 -6.521 -6.521 -6.521 -6.521 -6.521 -6.521 -6.521 -6.521 -6.521 -6.521 -6.625 -6.625 -6.625 -6.625 -6.625 -6.625 -6.625 -6.625 -6.625 -6.625 -6.625 -6.625 -6.625 -6.625 -6.625 -6.625 -6.625 -6.625 -6.625 -6.625 -6.625 -6.625 -6.625 -6.625 -6.625 -6.625 -6.625 -6.625 -6.625 -6.625 -6.625 -6.625 -6.625 -6.625 -6.625 -6.625 -6.625 -6.625 -6.521 -6.625 -6.625 -6.625 -6.625 -6.521 -6.521 -6.521 -6.521 -6.521 -6.521 -6.521 -6.521 -6.521 -6.521 -6.521 -6.521 -6.521 -6.521 -6.521 -6.521 -6.521 -6.521 -6.521 -6.521 -6.521 -6.521 -6.521 -6.521 -6.521 -6.418 -6.521 -6.521 -6.418 -6.521 -6.418 -6.521 -6.521 -6.418 -6.521 -6.521 -6.418 -6.418 -6.521 -6.521 -6.418 -6.418 -6.521 -6.521 -6.418 -6.418 -6.418 -6.521 -6.521 -6.521 -6.418 -6.418 -6.521 -6.418 -6.521 -6.418 -6.521 -6.418 -6.418 -6.418 -6.521 -6.418 -6.418 -6.521 -6.521 -6.418 -6.418 -6.521 -6.521 -6.521 -6.521 -6.418 -6.521 -6.521 -6.521 -6.418 -6.418 -6.314 -6.418 -6.418 -5.693 -5.9 -6.107 -6.004 -6.521 -6.521 -6.521 -6.521 -6.625 -6.625 -6.625 -6.625 -6.728 -6.625 -6.625 -6.625 -6.625 -6.625 -6.625 -6.625 -6.625 -6.625 -6.625 -6.625 -6.625 -6.625 -6.625 -6.625 -6.625 -6.625 -6.625 -6.625 -6.521 -6.521 -6.521 -6.521 -6.521 -6.521 -6.521 -6.521 -6.521 -6.625 -6.625 -6.625 -6.521 -6.625 -6.625 -6.625 -6.625 -6.521 -6.521 -6.521 -6.625 -6.625 -6.625 -6.625 -6.625 -6.625 -6.625 -6.521 -6.521 -6.521 -6.521 -6.521 -6.625 -6.521 -6.521 -6.521 -6.625 -6.625 -6.625 -6.625 -6.625 -6.625 -6.625 -6.625 -6.625 -6.625 -6.625 -6.625 -6.625 -6.625 -6.625 -6.625 -6.625 -6.625 -6.625 -6.625 -6.625 -6.625 
