# name: phAngle
# type: matrix
# rows: 1
# columns: 359
 274 274 274 274 274 274 274 274 274 274 274 274 274 274 274 274 274 274 274 274 274 274 274 274 274 274 274 274 274 333 315 333 326 333 326 326 326 326 326 326 326 326 326 326 326 326 351 338 350 350 349 344 350 346 326 326 326 326 326 326 326 326 326 326 326 326 326 338 326 344 338 333 350 351 338 344 326 326 326 346 346 349 338 346 344 344 344 346 341 350 346 341 346 338 350 350 333 341 349 326 326 326 326 326 338 350 333 341 349 326 326 326 326 341 350 349 333 341 349 326 326 326 326 326 326 326 333 326 326 315 315 315 315 315 315 315 315 326 326 326 333 326 326 326 315 315 315 315 315 315 315 315 315 315 315 315 315 315 315 315 315 315 315 315 315 315 315 315 315 315 315 315 315 315 315 315 315 315 315 315 315 315 315 315 315 315 315 315 315 315 315 315 315 315 315 315 315 315 315 315 315 315 315 315 315 315 315 315 315 315 315 315 315 315 315 315 315 315 315 315 315 315 315 315 315 315 315 315 315 315 315 315 315 315 315 315 315 315 315 315 315 315 315 315 315 315 315 315 315 315 315 315 315 315 315 315 315 315 315 315 315 315 315 315 315 315 315 326 326 333 326 326 326 326 326 326 326 326 326 326 326 326 326 326 326 326 326 326 326 326 326 326 326 326 326 326 326 326 326 326 326 326 326 326 326 326 326 326 326 326 326 326 326 326 326 326 326 326 326 326 326 326 326 326 326 326 326 326 326 326 326 326 326 326 326 326 326 326 326 326 326 326 326 326 326 326 326 326 326 326 326 326 326 326 326 326 326 326 326 
# name: freq
# type: matrix
# rows: 1
# columns: 359
 50.0 50.0 50.0 50.0 50.0 50.0 50.0 50.0 50.0 50.0 50.0 50.0 50.0 50.0 50.0 50.0 50.0 50.0 50.0 50.0 50.0 50.0 50.0 50.0 50.0 50.0 50.0 50.0 50.0 50.0 50.0 50.0 50.0 50.0 50.0 50.0 50.0 50.0 50.0 50.0 50.0 50.0 50.0 50.0 50.0 50.0 50.0 50.0 50.0 50.0 50.0 50.0 50.0 50.0 50.0 50.0 50.0 50.0 50.0 50.0 50.0 50.0 50.0 50.0 50.0 50.0 50.0 50.0 50.0 50.0 50.0 50.0 50.0 50.0 50.0 50.0 50.0 50.0 50.0 50.0 50.0 50.0 50.0 50.0 50.0 50.0 50.0 50.0 50.0 50.0 50.0 50.0 50.1 50.0 50.0 50.0 50.0 50.0 50.0 50.0 50.0 50.0 50.0 50.0 50.0 50.0 50.0 50.0 50.0 50.0 50.0 50.0 50.0 50.0 50.0 50.0 50.0 50.0 50.0 50.0 50.0 50.0 50.0 50.0 50.0 50.0 50.0 50.0 50.0 50.0 50.0 50.0 50.0 50.0 50.0 50.0 50.0 50.0 50.0 50.0 50.0 50.0 50.0 50.0 50.0 50.0 50.0 50.0 50.0 50.0 50.0 50.0 50.0 50.0 50.0 50.0 50.0 50.0 50.0 50.0 50.0 50.0 50.0 50.0 50.0 50.0 50.0 50.0 50.0 50.0 50.0 50.0 50.0 50.0 50.0 50.0 50.0 50.0 50.0 50.0 50.0 50.0 50.0 50.0 50.0 50.0 50.0 50.0 50.1 50.0 50.0 50.0 50.0 50.0 50.0 50.0 50.0 50.0 50.0 50.0 50.0 50.0 50.0 50.0 50.0 50.0 50.0 50.0 50.0 50.0 50.0 50.0 50.0 50.0 50.0 50.0 50.0 50.0 50.0 50.0 50.0 50.0 50.0 50.0 50.0 50.0 50.0 50.0 50.0 50.0 50.0 50.0 50.0 50.0 50.0 50.0 50.0 50.0 50.0 50.0 50.0 50.0 50.0 50.0 50.0 50.0 50.0 50.0 50.0 50.0 50.0 50.0 50.0 50.0 50.0 50.0 50.0 50.0 50.0 50.0 50.0 50.0 50.0 50.0 50.0 50.0 50.0 50.0 50.0 50.0 50.0 50.0 50.0 50.0 50.0 50.0 50.0 50.0 50.0 50.0 50.0 50.0 50.0 50.0 50.0 50.0 50.0 50.0 50.0 50.0 50.0 50.0 50.0 50.0 50.0 50.0 50.0 50.0 50.0 50.0 50.0 50.0 50.0 50.0 50.0 50.0 50.0 50.0 49.9 49.9 49.9 49.9 50.0 50.0 49.9 49.9 49.9 49.9 49.9 49.9 49.9 49.9 50.0 50.0 49.9 50.0 50.0 50.0 49.9 50.0 50.0 50.0 50.0 50.0 50.0 50.0 50.0 50.0 50.0 50.0 50.0 50.0 50.0 50.0 50.0 50.0 50.0 50.0 50.0 50.0 50.0 50.0 50.0 50.0 50.0 50.0 50.0 50.0 50.0 
# name: reacPower
# type: matrix
# rows: 1
# columns: 359
 -5.797 -5.797 -5.797 -5.797 -5.797 -5.797 -5.797 -5.797 -5.797 -5.797 -5.797 -5.797 -5.797 -5.797 -5.797 -5.797 -5.797 -5.797 -5.797 -5.797 -5.797 -5.797 -5.797 -5.797 -5.797 -5.797 -5.797 -5.797 -5.797 -4.658 -4.865 -4.658 -4.761 -4.658 -4.761 -4.761 -4.761 -4.761 -4.761 -4.761 -4.761 -4.761 -4.761 -4.761 -4.865 -4.658 -5.486 -4.554 -5.279 -5.279 -4.968 -4.554 -5.279 -4.761 -4.761 -4.761 -4.761 -4.761 -4.865 -4.865 -4.761 -4.865 -4.761 -4.761 -4.761 -4.865 -4.761 -4.451 -4.761 -4.451 -4.865 -4.658 -5.072 -5.383 -4.554 -4.761 -4.658 -4.658 -4.658 -5.279 -4.761 -4.865 -4.554 -4.554 -4.451 -4.451 -4.451 -4.761 -4.554 -4.968 -4.658 -4.554 -4.658 -4.658 -4.968 -4.968 -4.554 -4.554 -4.968 -4.761 -4.658 -4.761 -4.761 -4.761 -4.658 -4.968 -4.554 -4.451 -4.968 -4.761 -4.658 -4.658 -4.658 -4.554 -4.968 -4.968 -4.554 -4.554 -5.072 -4.761 -4.761 -4.761 -4.761 -4.761 -4.761 -4.865 -4.554 -4.761 -4.761 -4.968 -4.968 -4.968 -4.968 -4.968 -4.968 -4.968 -4.865 -4.658 -4.761 -4.761 -4.658 -4.761 -4.761 -4.658 -4.968 -4.968 -4.968 -4.968 -4.968 -4.968 -4.968 -4.968 -4.968 -4.865 -4.968 -4.968 -4.968 -4.968 -4.968 -4.865 -4.968 -4.968 -4.968 -4.968 -4.968 -4.968 -4.968 -4.968 -4.968 -4.968 -4.968 -4.865 -4.968 -4.968 -4.968 -4.968 -4.968 -4.968 -4.968 -4.865 -4.968 -4.968 -4.968 -4.968 -4.968 -4.968 -4.968 -4.968 -4.968 -4.968 -4.968 -4.968 -4.968 -4.968 -4.968 -4.968 -4.865 -4.968 -4.968 -4.865 -4.968 -4.968 -4.968 -4.865 -4.968 -4.865 -4.968 -4.968 -4.968 -4.968 -4.968 -4.968 -4.968 -4.968 -4.968 -4.968 -4.968 -4.968 -4.968 -4.968 -4.968 -4.968 -4.968 -4.968 -4.968 -4.865 -4.968 -4.968 -4.968 -4.968 -4.968 -4.968 -4.968 -4.968 -4.968 -4.968 -4.968 -4.968 -4.968 -4.865 -4.865 -4.968 -4.968 -4.968 -4.968 -4.968 -4.968 -4.968 -4.968 -4.968 -4.968 -4.968 -4.968 -4.968 -4.968 -4.968 -4.968 -4.968 -4.968 -4.968 -4.968 -4.968 -4.968 -4.968 -4.968 -4.968 -4.968 -4.658 -4.761 -4.658 -4.761 -4.761 -4.761 -4.761 -4.761 -4.761 -4.761 -4.761 -4.761 -4.658 -4.761 -4.761 -4.865 -4.761 -4.761 -4.761 -4.761 -4.761 -4.761 -4.658 -4.658 -4.658 -4.761 -4.658 -4.658 -4.761 -4.761 -4.658 -4.761 -4.658 -4.761 -4.658 -4.761 -4.761 -4.761 -4.761 -4.658 -4.658 -4.658 -4.658 -4.658 -4.658 -4.658 -4.658 -4.761 -4.658 -4.658 -4.761 -4.761 -4.658 -4.658 -4.658 -4.658 -4.658 -4.658 -4.761 -4.761 -4.761 -4.761 -4.761 -4.761 -4.761 -4.761 -4.761 -4.761 -4.761 -4.761 -4.761 -4.761 -4.761 -4.761 -4.761 -4.761 -4.761 -4.761 -4.761 -4.761 -4.761 -4.761 -4.761 -4.865 -4.865 -4.658 -4.658 -4.658 -4.658 -4.761 -4.761 -4.761 
