# name: phAngle
# type: matrix
# rows: 1
# columns: 358
 315 315 315 315 315 346 350 341 338 344 346 338 349 344 350 346 326 326 326 326 326 326 326 326 338 347 350 350 338 350 344 349 347 333 338 333 326 326 326 326 326 326 326 326 326 326 326 326 326 326 326 326 326 326 326 326 326 326 326 326 326 326 326 326 326 326 326 326 326 326 326 326 326 326 326 326 333 326 341 350 350 349 346 344 326 326 326 326 326 326 326 326 326 346 350 350 338 346 344 344 344 346 341 326 326 326 326 326 326 326 326 326 326 326 326 326 326 326 326 326 326 326 326 326 326 326 326 326 326 326 326 326 326 326 326 326 326 326 326 326 326 326 326 326 326 326 326 326 326 326 326 326 326 326 326 326 326 326 326 326 326 326 326 326 326 326 326 326 326 326 326 326 326 326 326 326 326 326 326 326 326 326 326 326 326 326 326 326 326 326 326 326 326 326 326 326 326 326 326 326 326 326 326 326 326 326 326 326 326 326 326 326 326 326 326 326 326 326 326 326 326 326 326 326 326 326 326 326 326 326 326 326 326 326 326 326 326 326 326 326 326 326 326 326 326 326 326 326 326 326 326 326 326 326 326 326 326 326 326 326 326 326 333 326 326 349 350 350 338 341 349 326 326 326 326 326 326 326 326 326 326 326 326 326 326 326 326 326 326 326 326 326 326 326 326 326 326 326 326 326 326 326 326 326 326 326 326 326 326 326 326 326 326 326 326 326 326 326 326 326 326 326 326 326 326 326 326 326 326 326 326 326 326 326 326 326 326 326 326 326 326 326 326 326 326 326 326 326 326 326 326 326 326 326 326 326 326 326 
# name: freq
# type: matrix
# rows: 1
# columns: 358
 50.0 50.0 50.0 50.0 50.0 50.0 50.0 50.0 50.0 50.0 49.9 50.0 50.0 50.0 50.0 50.0 50.0 50.0 49.9 49.9 50.0 50.0 50.0 50.0 50.0 49.9 50.0 50.0 50.0 49.9 50.0 50.0 50.0 50.0 50.0 50.0 50.0 49.9 50.0 50.0 50.0 50.0 50.0 50.0 49.9 50.0 49.9 50.0 49.9 50.0 49.9 49.9 50.0 49.9 49.9 49.9 49.9 49.9 49.9 49.9 49.9 49.9 49.9 49.9 49.9 50.0 49.9 50.0 50.0 50.0 50.0 49.9 50.0 49.9 50.0 49.9 49.9 49.9 49.9 49.9 49.9 50.0 50.0 50.0 50.0 50.0 50.0 50.0 50.0 50.0 50.0 50.0 50.0 50.0 50.0 50.0 50.0 50.0 50.0 50.0 50.0 50.0 50.0 50.0 50.0 50.0 50.0 50.0 50.0 50.0 50.0 50.0 50.1 50.0 50.0 50.0 50.0 50.0 50.0 50.0 50.0 50.0 50.0 50.0 50.0 50.0 50.0 50.0 50.0 50.0 50.0 50.0 50.0 50.0 50.0 50.0 50.0 50.0 50.0 50.0 50.0 50.0 50.0 50.0 50.0 50.0 50.0 50.0 50.0 50.0 50.0 50.0 50.0 50.0 50.0 50.0 50.0 50.0 50.0 50.0 50.0 50.0 50.0 50.0 50.0 50.0 50.0 50.0 50.0 50.0 50.0 50.0 50.0 50.0 50.0 50.0 50.0 50.0 50.0 50.0 50.0 50.0 50.0 50.0 50.0 50.0 50.0 50.0 50.0 50.0 50.0 50.0 50.0 50.0 50.0 50.0 50.0 50.0 50.0 50.0 50.0 50.0 50.0 50.0 50.0 50.0 50.0 50.0 50.0 50.0 50.0 50.0 50.0 50.0 50.0 50.0 50.0 50.0 50.0 50.0 50.0 50.0 50.0 50.0 50.0 50.0 50.0 50.0 50.0 50.0 50.0 50.0 50.0 50.0 50.0 50.0 50.0 50.0 50.0 50.0 50.0 50.0 50.0 50.0 50.0 50.0 50.0 50.0 50.0 50.0 50.0 50.0 50.0 50.0 50.0 50.0 50.0 50.0 50.0 50.0 50.0 50.0 50.0 50.0 50.0 50.0 50.0 50.0 50.0 50.0 50.0 50.0 50.0 50.0 50.0 50.0 50.0 50.0 50.0 50.0 50.0 50.0 50.0 50.0 50.0 50.0 50.0 50.0 50.0 50.0 50.0 50.0 50.0 50.0 50.0 50.0 50.0 50.0 50.0 50.0 50.0 50.0 50.0 50.0 50.0 50.0 50.0 50.0 50.0 50.0 50.0 50.0 50.0 50.0 50.0 50.0 50.0 50.0 50.0 50.0 50.0 50.0 50.0 50.0 50.0 50.0 50.0 50.0 50.0 50.0 50.0 50.0 50.0 50.0 50.0 50.0 50.0 50.0 50.0 50.0 50.0 50.0 50.0 50.0 50.0 50.0 50.0 50.0 50.0 50.0 50.0 50.0 50.0 50.0 50.0 50.0 50.0 50.0 
# name: reacPower
# type: matrix
# rows: 1
# columns: 358
 -4.865 -5.072 -5.072 -4.968 -4.968 -4.968 -5.176 -4.658 -4.554 -4.865 -4.658 -4.658 -6.211 -4.658 -5.279 -4.761 -4.865 -4.865 -4.865 -4.865 -4.865 -4.865 -4.865 -4.968 -4.658 -4.865 -5.486 -5.59 -4.761 -5.59 -5.072 -5.383 -5.279 -4.865 -4.865 -4.968 -4.968 -4.968 -4.968 -4.968 -4.968 -4.968 -4.968 -4.968 -4.968 -4.968 -4.968 -4.968 -4.968 -4.968 -4.968 -4.968 -4.865 -4.968 -4.865 -4.865 -4.865 -4.865 -4.865 -4.865 -4.865 -4.865 -4.865 -4.865 -4.865 -4.865 -4.865 -4.865 -4.865 -4.865 -4.865 -4.865 -4.865 -4.865 -4.865 -4.865 -4.761 -4.865 -4.865 -5.383 -5.279 -5.072 -4.761 -4.761 -4.865 -4.865 -4.865 -4.865 -4.865 -4.968 -4.968 -4.968 -4.968 -5.072 -5.486 -5.59 -4.761 -4.968 -4.865 -4.865 -4.865 -5.072 -4.865 -4.968 -4.865 -4.968 -4.968 -4.968 -4.968 -4.968 -4.968 -4.968 -5.072 -5.072 -4.968 -4.968 -4.968 -4.968 -4.968 -4.968 -4.968 -4.865 -4.968 -4.968 -4.968 -4.968 -4.968 -4.968 -4.968 -4.968 -4.968 -4.968 -4.968 -4.968 -4.968 -4.968 -4.968 -4.968 -4.968 -4.968 -4.968 -4.968 -4.968 -4.968 -4.968 -4.865 -4.865 -4.865 -4.865 -4.968 -4.968 -4.968 -4.968 -4.968 -4.968 -4.968 -4.865 -4.865 -4.968 -4.968 -4.865 -4.865 -4.865 -4.865 -4.865 -4.865 -4.865 -4.865 -4.865 -4.865 -4.865 -4.865 -4.865 -4.865 -4.865 -4.865 -4.865 -4.865 -4.865 -4.865 -4.865 -4.865 -4.865 -4.865 -4.865 -4.865 -4.865 -4.865 -4.865 -4.865 -4.865 -4.865 -4.865 -4.865 -4.865 -4.865 -4.865 -4.865 -4.865 -4.865 -4.865 -4.968 -4.865 -4.865 -4.865 -4.865 -4.865 -4.865 -4.761 -4.865 -4.865 -4.761 -4.761 -4.865 -4.865 -4.865 -4.865 -4.865 -4.865 -4.865 -4.865 -4.865 -4.865 -4.865 -4.865 -4.865 -4.865 -4.865 -4.865 -4.865 -4.865 -4.865 -4.865 -4.865 -4.865 -4.865 -4.865 -4.865 -4.865 -4.865 -4.865 -4.865 -4.865 -4.865 -4.865 -4.865 -4.865 -4.968 -4.968 -4.968 -4.968 -4.865 -4.865 -4.865 -4.865 -4.865 -4.865 -4.968 -4.865 -4.865 -4.865 -4.865 -4.761 -4.865 -4.865 -5.072 -5.59 -5.383 -4.761 -4.658 -5.279 -4.865 -4.865 -4.865 -4.865 -4.865 -4.761 -4.865 -4.865 -4.865 -4.865 -4.865 -4.865 -4.865 -4.865 -4.865 -4.865 -4.865 -4.865 -4.865 -4.865 -4.865 -4.865 -4.865 -4.865 -4.865 -4.865 -4.865 -4.865 -4.865 -4.865 -4.865 -4.865 -4.865 -4.865 -4.865 -4.865 -4.865 -4.865 -4.865 -4.865 -4.865 -4.865 -4.865 -4.761 -4.865 -4.761 -4.761 -4.761 -4.761 -4.761 -4.761 -4.761 -4.761 -4.761 -4.761 -4.761 -4.761 -4.761 -4.761 -4.761 -4.761 -4.761 -4.761 -4.761 -4.761 -4.761 -4.761 -4.761 -4.761 -4.761 -4.658 -4.761 -4.761 -4.761 -4.761 -4.761 -4.761 -4.761 -4.761 -4.761 -4.761 -4.761 -4.761 -4.761 -4.761 -4.761 -4.761 
