# name: phAngle
# type: matrix
# rows: 1
# columns: 356
 63 63 63 63 63 63 63 63 63 63 63 63 63 63 63 63 63 63 63 63 63 63 63 63 63 63 63 63 63 63 63 63 63 63 63 63 63 63 63 63 63 63 63 63 63 63 63 63 63 63 63 63 63 63 63 63 63 63 63 63 63 63 63 63 63 63 63 63 63 63 63 63 63 63 63 63 63 63 63 63 63 63 63 63 63 0 0 0 0 0 0 0 0 0 0 0 0 0 0 0 0 0 0 0 0 0 0 0 0 0 0 0 0 0 0 0 0 0 0 0 0 0 0 0 0 0 0 0 0 0 0 0 0 0 0 0 0 0 0 0 0 0 0 0 0 0 0 0 0 0 0 0 0 0 0 0 0 0 0 0 0 0 0 0 0 0 0 63 63 63 63 63 63 63 63 63 63 63 63 63 63 63 63 63 63 63 63 63 63 63 63 63 63 63 63 63 63 63 63 63 63 63 63 63 63 63 63 63 63 63 63 63 63 63 63 63 63 63 63 63 63 63 63 63 63 63 63 63 63 63 63 63 63 63 63 63 63 63 63 63 63 63 63 0 0 0 0 0 0 0 0 0 0 0 0 0 0 0 0 0 0 0 0 0 0 0 0 0 0 0 0 0 0 0 0 0 0 0 0 0 0 0 0 0 0 0 0 0 0 0 0 0 0 0 0 0 0 0 0 63 63 63 63 63 63 63 63 63 63 63 63 63 63 63 63 63 63 63 63 63 63 63 63 63 63 63 63 63 63 63 63 63 63 63 63 63 63 63 63 63 63 63 63 63 63 63 63 63 63 63 63 63 63 63 63 63 
# name: freq
# type: matrix
# rows: 1
# columns: 356
 50.0 50.0 49.9 50.0 50.0 50.0 50.0 50.0 50.0 50.0 49.9 50.0 50.0 50.0 50.0 50.0 50.0 50.0 50.0 50.0 50.0 50.0 50.0 50.0 50.0 50.0 49.9 49.9 50.0 50.0 50.0 50.0 50.0 50.0 50.0 50.0 50.0 50.0 50.0 50.0 50.0 50.0 50.0 50.0 50.0 50.0 50.0 50.0 50.0 50.0 50.0 50.0 50.0 50.0 50.0 50.0 50.0 50.0 50.0 50.0 50.0 50.0 50.0 50.0 50.0 50.0 50.0 50.0 50.0 50.0 50.0 50.0 50.0 50.0 50.0 50.0 50.0 50.0 50.0 50.0 50.0 50.0 50.0 50.0 50.0 50.0 50.0 50.0 50.0 50.0 50.0 50.0 50.0 50.0 50.0 50.0 50.0 50.0 50.0 50.0 50.0 50.0 50.0 50.0 50.0 50.0 50.0 50.0 50.0 50.0 50.0 50.0 50.0 50.0 50.0 50.0 50.0 50.0 50.0 50.0 50.0 50.0 50.0 50.0 50.0 50.0 50.0 50.0 50.0 50.0 50.1 50.0 50.0 50.0 50.0 50.1 50.0 50.0 50.0 50.0 50.0 50.0 50.0 50.0 50.0 50.1 50.0 50.0 50.0 50.0 50.0 50.0 50.0 50.0 50.0 50.0 50.0 50.0 50.0 50.0 50.0 50.0 50.0 50.0 50.0 50.0 50.0 50.0 50.0 50.0 50.0 50.0 50.0 50.0 50.0 50.0 50.0 50.0 50.0 50.0 50.0 50.0 50.0 50.0 50.0 50.0 50.0 50.0 50.0 50.0 50.0 50.0 50.0 50.0 50.0 50.0 50.0 50.0 50.0 50.0 50.0 50.0 50.0 50.0 50.0 50.0 50.0 50.0 50.0 50.0 50.0 50.0 50.0 50.0 50.0 50.0 50.0 50.0 50.0 50.0 50.0 50.0 50.0 50.0 50.0 50.0 50.0 50.0 50.0 50.0 50.0 50.0 50.0 50.0 50.0 50.0 50.0 50.0 50.0 50.0 50.0 49.9 50.0 50.0 50.0 50.0 50.0 50.0 50.0 50.0 50.0 50.0 50.0 50.0 50.0 50.0 50.0 50.0 50.0 50.0 50.0 50.0 50.0 50.0 50.0 50.0 50.0 50.0 50.0 50.0 50.0 50.0 50.0 50.0 50.0 50.0 50.0 50.0 50.0 50.0 50.0 50.0 50.0 50.0 50.0 50.0 50.0 50.0 50.0 50.0 50.0 50.0 50.0 50.0 50.0 50.0 50.0 50.0 50.0 50.0 50.0 50.0 50.0 50.0 50.0 50.0 50.0 50.0 50.0 50.0 50.0 50.0 50.0 50.0 50.0 50.0 50.0 50.0 50.0 50.0 50.0 50.0 50.0 50.0 50.0 50.0 50.0 50.0 50.0 50.0 50.0 50.0 50.0 50.0 50.0 50.0 50.0 50.0 50.0 50.0 50.0 50.0 50.0 50.0 50.0 50.0 50.0 50.0 50.0 50.0 50.0 50.0 50.0 50.0 50.0 50.0 
# name: reacPower
# type: matrix
# rows: 1
# columns: 356
 29.917 29.917 29.917 29.813 29.813 29.71 30.02 30.124 30.227 30.434 30.642 30.745 30.745 30.849 30.849 30.849 30.745 30.952 30.849 30.849 30.849 30.849 30.849 30.745 30.745 30.538 30.331 30.02 29.917 29.813 29.813 29.71 29.813 29.813 29.813 29.71 29.813 30.124 30.124 30.124 30.124 30.02 30.02 30.124 30.227 30.02 30.227 30.124 29.813 29.813 30.02 30.227 30.124 30.124 30.227 30.02 30.02 30.02 30.02 30.02 30.02 30.02 30.02 30.02 30.227 30.227 30.227 30.331 30.331 30.331 30.331 30.331 30.331 30.331 30.227 30.331 30.331 30.331 30.331 30.434 30.331 30.434 30.434 30.538 30.331 0.0 0.0 0.0 0.0 0.0 0.0 0.0 0.0 0.0 0.0 0.0 0.0 0.0 0.0 0.0 0.0 0.0 0.0 0.0 0.0 0.0 0.0 0.0 0.0 0.0 0.0 0.0 0.0 0.0 0.0 0.0 0.0 0.0 0.0 0.0 0.0 0.0 0.0 0.0 0.0 0.0 0.0 0.0 0.0 0.0 0.0 0.0 0.0 0.0 0.0 0.0 0.0 0.0 0.0 0.0 0.0 0.0 0.0 0.0 0.0 0.0 0.0 0.0 0.0 0.0 0.0 0.0 0.0 0.0 0.0 0.0 0.0 0.0 0.0 0.0 0.0 0.0 0.0 0.0 0.0 0.0 0.0 30.02 30.02 29.192 29.71 29.813 29.813 29.71 29.399 29.399 29.192 29.192 28.985 29.192 29.399 29.296 29.192 29.399 29.192 29.089 29.296 29.089 29.089 29.296 29.192 29.192 29.503 29.192 29.296 29.503 29.606 29.606 29.813 29.813 29.606 29.813 30.02 29.917 29.813 29.917 29.917 30.227 29.917 29.917 30.02 30.124 30.331 30.331 30.331 30.124 30.434 30.434 30.434 30.331 30.331 30.434 30.124 30.331 30.434 30.434 30.434 30.538 30.538 30.642 30.538 30.538 30.331 30.538 30.642 30.745 30.745 30.849 30.745 30.642 30.538 30.434 30.538 0.0 0.0 0.0 0.0 0.0 0.0 0.0 0.0 0.0 0.0 0.0 0.0 0.0 0.0 0.0 0.0 0.0 0.0 0.0 0.0 0.0 0.0 0.0 0.0 0.0 0.0 0.0 0.0 0.0 0.0 0.0 0.0 0.0 0.0 0.0 0.0 0.0 0.0 0.0 0.0 0.0 0.0 0.0 0.0 0.0 0.0 0.0 0.0 0.0 0.0 0.0 0.0 0.0 0.0 0.0 0.0 29.606 29.71 29.71 29.71 29.503 29.399 29.503 29.399 29.503 29.399 29.089 29.089 29.399 29.399 28.985 28.985 28.985 29.089 29.296 28.985 28.985 28.985 29.192 29.399 29.399 28.985 29.089 29.192 29.606 29.399 29.192 29.296 29.296 29.399 29.503 29.606 29.813 29.71 29.813 29.503 29.606 29.503 29.71 30.02 29.71 29.71 29.813 30.02 30.02 30.02 30.227 30.124 30.02 30.124 30.02 30.227 29.917 
# name: power
# type: matrix
# rows: 1
# columns: 356
 15.217 15.217 15.217 15.113 15.01 15.01 15.01 15.01 15.01 15.01 15.01 15.01 15.01 15.01 15.01 15.01 14.906 15.01 15.01 14.906 14.906 14.906 14.906 14.906 14.906 15.01 15.113 15.01 15.01 15.01 15.01 15.01 15.01 15.01 15.01 15.01 15.01 15.113 15.113 15.113 15.113 15.113 15.113 15.113 15.113 15.113 15.113 15.113 15.01 15.01 15.113 15.113 15.113 15.113 15.113 15.01 15.01 15.01 15.01 15.01 15.01 15.01 15.01 15.01 15.113 15.113 15.113 15.113 15.113 15.113 15.113 15.113 15.113 15.113 15.01 15.113 15.113 15.113 15.113 15.113 15.113 15.113 15.113 15.113 15.113 0.0 0.0 0.0 0.0 0.0 0.0 0.0 0.0 0.0 0.0 0.0 0.0 0.0 0.0 0.0 0.0 0.0 0.0 0.0 0.0 0.0 0.0 0.0 0.0 0.0 0.0 0.0 0.0 0.0 0.0 0.0 0.0 0.0 0.0 0.0 0.0 0.0 0.0 0.0 0.0 0.0 0.0 0.0 0.0 0.0 0.0 0.0 0.0 0.0 0.0 0.0 0.0 0.0 0.0 0.0 0.0 0.0 0.0 0.0 0.0 0.0 0.0 0.0 0.0 0.0 0.0 0.0 0.0 0.0 0.0 0.0 0.0 0.0 0.0 0.0 0.0 0.0 0.0 0.0 0.0 0.0 0.0 15.424 15.424 15.321 15.631 15.631 15.631 15.631 15.735 15.735 15.735 15.838 15.735 15.838 15.942 15.838 15.838 15.838 15.735 15.631 15.735 15.631 15.528 15.631 15.528 15.528 15.631 15.528 15.424 15.528 15.528 15.528 15.528 15.528 15.424 15.528 15.528 15.528 15.424 15.528 15.424 15.528 15.424 15.424 15.424 15.528 15.528 15.528 15.528 15.424 15.528 15.528 15.528 15.424 15.528 15.528 15.424 15.424 15.424 15.424 15.424 15.528 15.424 15.528 15.424 15.424 15.424 15.424 15.424 15.528 15.528 15.528 15.528 15.424 15.424 15.424 15.424 0.0 0.0 0.0 0.0 0.0 0.0 0.0 0.0 0.0 0.0 0.0 0.0 0.0 0.0 0.0 0.0 0.0 0.0 0.0 0.0 0.0 0.0 0.0 0.0 0.0 0.0 0.0 0.0 0.0 0.0 0.0 0.0 0.0 0.0 0.0 0.0 0.0 0.0 0.0 0.0 0.0 0.0 0.0 0.0 0.0 0.0 0.0 0.0 0.0 0.0 0.0 0.0 0.0 0.0 0.0 0.0 15.631 15.735 15.735 15.838 15.735 15.735 15.838 15.942 16.045 15.942 15.838 15.838 15.942 15.942 15.735 15.735 15.631 15.631 15.735 15.528 15.528 15.424 15.528 15.528 15.528 15.321 15.424 15.424 15.528 15.424 15.321 15.321 15.321 15.321 15.321 15.424 15.424 15.424 15.424 15.321 15.321 15.321 15.321 15.424 15.321 15.321 15.321 15.321 15.424 15.424 15.424 15.424 15.321 15.424 15.321 15.424 15.321 
