# name: phAngle
# type: matrix
# rows: 1
# columns: 358
 0 0 0 341 341 341 341 333 333 337 337 337 337 337 337 333 333 333 333 333 341 341 341 341 341 341 341 341 341 341 341 341 341 341 341 341 341 341 341 341 341 341 341 341 341 341 341 341 341 341 341 341 341 341 341 341 0 0 0 0 0 0 0 0 0 0 0 0 0 0 0 0 0 0 0 0 0 0 0 0 0 0 0 0 0 0 0 0 0 0 0 0 0 0 0 0 0 0 0 0 0 0 0 0 0 0 0 0 0 0 0 0 0 0 0 0 0 0 0 0 0 0 0 0 0 0 0 341 341 341 341 333 333 337 337 337 337 333 333 333 333 333 341 341 341 341 341 341 341 341 341 341 341 341 341 341 341 341 341 341 341 341 341 341 341 341 341 341 341 341 341 341 341 341 341 341 341 341 341 341 341 341 341 341 341 341 341 341 341 341 341 341 341 341 341 341 341 341 341 341 0 0 0 0 0 0 0 0 0 0 0 0 0 0 0 0 0 0 0 0 0 0 0 0 0 0 0 0 0 341 341 341 341 341 333 333 333 341 341 341 341 341 341 341 341 341 341 341 341 341 341 341 341 341 341 341 341 341 341 341 341 341 341 341 341 341 341 341 341 341 341 341 341 341 341 341 341 341 341 341 341 341 341 341 341 341 341 341 341 341 341 341 341 341 341 341 341 341 341 341 341 341 341 341 341 341 341 341 341 341 341 341 341 341 341 341 341 341 341 341 341 341 341 0 0 0 0 0 0 0 0 0 0 0 0 0 0 0 0 0 0 0 0 0 0 0 0 0 0 0 0 0 0 0 0 0 0 0 
# name: freq
# type: matrix
# rows: 1
# columns: 358
 50.0 50.0 50.0 50.0 50.0 50.0 50.0 50.0 50.0 50.0 50.0 50.0 50.0 50.0 50.0 50.0 50.0 50.0 50.0 50.0 50.0 50.0 50.0 50.0 50.0 50.0 50.0 50.0 50.0 50.0 50.0 50.0 50.0 50.0 50.0 50.0 50.0 50.0 50.0 50.0 50.0 50.0 50.0 50.0 50.0 50.0 50.0 50.0 50.0 50.0 50.0 50.0 50.0 50.0 50.0 50.0 50.0 50.0 50.0 50.0 50.0 50.0 50.0 50.0 50.0 50.0 50.0 50.0 50.0 50.0 50.0 50.0 50.0 50.0 50.0 50.0 50.0 50.0 50.0 50.0 50.0 50.0 50.0 50.0 50.0 50.0 50.0 50.0 50.0 50.0 50.0 50.0 50.0 50.0 50.0 50.0 50.0 50.0 50.0 50.0 50.0 50.0 50.0 50.0 50.0 50.0 50.0 50.0 50.0 50.0 50.0 50.0 50.0 50.0 50.0 50.0 50.0 50.0 50.0 50.0 49.9 50.0 50.0 50.0 49.9 50.0 50.0 50.0 50.0 50.0 50.0 50.0 50.0 50.0 50.0 50.0 50.0 50.0 50.0 50.0 50.0 50.0 50.0 50.0 50.0 50.0 50.0 50.0 50.0 50.0 50.0 50.0 50.0 50.0 50.0 50.0 50.0 50.0 50.0 50.0 50.0 50.0 50.0 50.0 50.0 50.0 50.0 50.0 50.0 50.0 50.0 50.0 50.0 50.0 50.0 50.0 50.0 50.0 50.0 50.0 50.0 50.0 50.0 50.0 50.0 50.0 50.0 50.0 50.0 50.0 50.0 50.0 50.0 50.0 50.0 50.0 50.0 50.0 50.0 50.0 50.0 50.0 50.0 50.0 50.0 50.0 50.0 50.0 50.0 50.0 50.0 50.0 50.0 50.0 50.0 50.0 50.0 50.0 50.0 50.0 50.0 50.0 50.0 50.0 50.0 50.0 50.0 50.0 50.0 50.0 50.0 50.0 50.0 50.0 50.0 50.0 50.0 50.0 50.0 50.0 50.0 50.0 50.0 50.0 50.0 50.0 50.0 50.0 50.0 50.0 50.0 50.0 50.0 50.0 50.0 50.0 50.0 50.0 50.0 50.0 50.0 50.0 50.0 50.0 50.0 50.0 50.0 50.0 50.0 50.0 50.0 50.0 50.0 50.0 50.0 50.0 50.0 50.0 50.0 50.0 50.0 50.0 50.0 50.0 50.0 50.0 50.0 50.0 50.0 50.0 50.0 50.0 50.0 50.0 50.0 50.0 50.0 50.0 50.0 50.0 50.0 50.0 50.0 50.0 50.0 50.0 50.0 50.0 50.0 50.0 50.0 50.0 50.0 50.0 50.0 50.0 50.0 50.0 50.0 50.0 50.0 50.0 50.0 50.0 50.0 50.0 50.0 50.0 50.0 50.0 50.0 50.0 50.0 50.0 50.0 50.0 50.0 50.0 50.0 50.0 50.0 50.0 50.0 50.0 50.0 50.0 50.0 50.0 50.0 50.0 50.0 50.0 50.0 50.0 50.0 50.0 50.0 50.0 
# name: reacPower
# type: matrix
# rows: 1
# columns: 358
 0.0 0.0 0.0 -5.203 -5.412 -5.62 -5.828 -5.932 -6.036 -6.036 -6.036 -6.036 -6.036 -6.036 -6.036 -6.036 -5.932 -5.932 -5.932 -5.932 -5.828 -5.828 -5.828 -5.724 -5.724 -5.724 -5.724 -5.62 -5.62 -5.62 -5.62 -5.516 -5.516 -5.516 -5.516 -5.516 -5.516 -5.516 -5.516 -5.516 -5.516 -5.62 -5.62 -5.62 -5.62 -5.62 -5.62 -5.62 -5.62 -5.62 -5.62 -5.62 -5.62 -5.62 -5.62 -5.62 0.0 0.0 0.0 0.0 0.0 0.0 0.0 0.0 0.0 0.0 0.0 0.0 0.0 0.0 0.0 0.0 0.0 0.0 0.0 0.0 0.0 0.0 0.0 0.0 0.0 0.0 0.0 0.0 0.0 0.0 0.0 0.0 0.0 0.0 0.0 0.0 0.0 0.0 0.0 0.0 0.0 0.0 0.0 0.0 0.0 0.0 0.0 0.0 0.0 0.0 0.0 0.0 0.0 0.0 0.0 0.0 0.0 0.0 0.0 0.0 0.0 0.0 0.0 0.0 0.0 0.0 0.0 0.0 0.0 0.0 0.0 -5.099 -5.308 -5.516 -5.724 -5.932 -6.036 -6.14 -6.14 -6.14 -6.036 -6.036 -6.036 -5.932 -5.932 -5.932 -5.932 -5.828 -5.828 -5.724 -5.724 -5.724 -5.724 -5.62 -5.62 -5.62 -5.62 -5.62 -5.62 -5.62 -5.62 -5.724 -5.62 -5.62 -5.62 -5.724 -5.62 -5.62 -5.724 -5.724 -5.62 -5.62 -5.62 -5.62 -5.62 -5.62 -5.62 -5.62 -5.62 -5.62 -5.62 -5.62 -5.62 -5.516 -5.62 -5.516 -5.516 -5.516 -5.516 -5.516 -5.62 -5.516 -5.516 -5.516 -5.516 -5.516 -5.516 -5.516 -5.516 -5.516 -5.516 -5.516 -5.516 -5.516 0.0 0.0 0.0 0.0 0.0 0.0 0.0 0.0 0.0 0.0 0.0 0.0 0.0 0.0 0.0 0.0 0.0 0.0 0.0 0.0 0.0 0.0 0.0 0.0 0.0 0.0 0.0 0.0 -1.769 -5.203 -5.308 -5.516 -5.724 -5.828 -5.932 -5.932 -5.932 -5.932 -5.828 -5.828 -5.828 -5.724 -5.724 -5.724 -5.724 -5.724 -5.62 -5.62 -5.62 -5.62 -5.62 -5.62 -5.62 -5.62 -5.516 -5.516 -5.516 -5.62 -5.62 -5.62 -5.516 -5.516 -5.516 -5.516 -5.516 -5.516 -5.516 -5.516 -5.516 -5.516 -5.516 -5.516 -5.516 -5.516 -5.516 -5.516 -5.516 -5.516 -5.516 -5.516 -5.516 -5.516 -5.516 -5.516 -5.516 -5.516 -5.516 -5.516 -5.516 -5.516 -5.516 -5.516 -5.516 -5.516 -5.516 -5.516 -5.516 -5.516 -5.516 -5.516 -5.516 -5.516 -5.516 -5.516 -5.516 -5.516 -5.516 -5.516 -5.516 -5.516 -5.516 -5.516 -5.516 -5.516 -5.516 -5.516 -5.516 -5.516 -5.516 -5.516 -5.516 -5.516 -5.516 0.0 0.0 0.0 0.0 0.0 0.0 0.0 0.0 0.0 0.0 0.0 0.0 0.0 0.0 0.0 0.0 0.0 0.0 0.0 0.0 0.0 0.0 0.0 0.0 0.0 0.0 0.0 0.0 0.0 0.0 0.0 0.0 0.0 0.0 0.0 
# name: power
# type: matrix
# rows: 1
# columns: 358
 0.0 0.0 0.0 12.489 12.801 13.218 13.426 13.634 13.842 13.842 13.946 13.946 13.946 13.842 13.842 13.842 13.738 13.738 13.738 13.634 13.634 13.634 13.53 13.53 13.53 13.426 13.426 13.426 13.322 13.322 13.322 13.218 13.218 13.218 13.114 13.114 13.114 13.114 13.114 13.218 13.218 13.322 13.322 13.322 13.322 13.322 13.322 13.322 13.426 13.322 13.322 13.322 13.322 13.322 13.322 13.322 0.0 0.0 0.0 0.0 0.0 0.0 0.0 0.0 0.0 0.0 0.0 0.0 0.0 0.0 0.0 0.0 0.0 0.0 0.0 0.0 0.0 0.0 0.0 0.0 0.0 0.0 0.0 0.0 0.0 0.0 0.0 0.0 0.0 0.0 0.0 0.0 0.0 0.0 0.0 0.0 0.0 0.0 0.0 0.0 0.0 0.0 0.0 0.0 0.0 0.0 0.0 0.0 0.0 0.0 0.0 0.0 0.0 0.0 0.0 0.0 0.0 0.0 0.0 0.0 0.0 0.0 0.0 0.0 0.0 0.0 0.0 12.281 12.593 13.009 13.322 13.53 13.738 13.842 13.946 13.842 13.842 13.842 13.738 13.738 13.634 13.634 13.53 13.53 13.426 13.426 13.426 13.322 13.322 13.322 13.218 13.218 13.218 13.218 13.218 13.218 13.218 13.218 13.218 13.218 13.218 13.218 13.218 13.218 13.218 13.218 13.218 13.218 13.322 13.218 13.218 13.218 13.218 13.218 13.218 13.218 13.218 13.218 13.218 13.218 13.218 13.218 13.114 13.218 13.218 13.218 13.218 13.114 13.218 13.114 13.114 13.114 13.114 13.218 13.218 13.114 13.114 13.114 13.114 13.114 0.0 0.0 0.0 0.0 0.0 0.0 0.0 0.0 0.0 0.0 0.0 0.0 0.0 0.0 0.0 0.0 0.0 0.0 0.0 0.0 0.0 0.0 0.0 0.0 0.0 0.0 0.0 0.0 0.0 12.593 12.801 13.009 13.322 13.634 13.738 13.842 13.842 13.738 13.738 13.634 13.53 13.53 13.53 13.426 13.426 13.426 13.426 13.322 13.322 13.322 13.322 13.218 13.322 13.218 13.218 13.218 13.218 13.114 13.218 13.218 13.218 13.218 13.218 13.218 13.218 13.218 13.218 13.218 13.218 13.218 13.218 13.218 13.218 13.218 13.218 13.218 13.218 13.218 13.218 13.218 13.218 13.218 13.218 13.218 13.218 13.218 13.218 13.218 13.114 13.114 13.114 13.218 13.218 13.218 13.218 13.218 13.218 13.218 13.218 13.218 13.218 13.218 13.218 13.218 13.218 13.218 13.218 13.218 13.114 13.114 13.114 13.218 13.218 13.218 13.114 13.114 13.009 13.114 13.114 13.218 13.218 13.218 13.218 0.0 0.0 0.0 0.0 0.0 0.0 0.0 0.0 0.0 0.0 0.0 0.0 0.0 0.0 0.0 0.0 0.0 0.0 0.0 0.0 0.0 0.0 0.0 0.0 0.0 0.0 0.0 0.0 0.0 0.0 0.0 0.0 0.0 0.0 0.0 
