# name: phAngle
# type: matrix
# rows: 1
# columns: 359
 336 336 336 336 336 336 336 336 336 336 336 336 336 336 336 336 336 336 336 336 336 336 336 336 336 336 336 336 336 336 336 336 336 336 336 336 336 336 336 336 336 336 336 336 336 336 336 336 336 336 336 336 336 336 336 336 336 336 336 336 336 336 336 336 336 336 336 336 336 336 336 336 336 336 336 336 336 336 336 336 336 336 336 336 336 336 336 336 336 336 336 336 336 336 336 336 336 336 336 336 336 336 336 336 336 336 336 336 336 336 336 336 336 336 336 336 336 336 336 336 336 336 336 336 336 336 336 336 336 336 336 0 0 0 0 0 0 0 0 0 0 0 0 0 0 0 0 0 0 0 0 0 0 0 0 0 0 0 0 0 338 338 338 338 338 336 336 336 336 336 336 336 336 336 336 336 336 336 336 336 336 336 336 336 336 336 336 336 336 336 336 336 336 336 336 336 336 336 336 336 336 336 336 336 336 336 336 336 336 336 336 336 336 336 336 336 336 336 336 336 336 336 336 336 336 336 336 336 336 336 336 336 336 336 336 336 336 336 336 336 336 336 336 336 336 336 336 336 336 336 0 0 0 0 0 0 0 0 0 0 0 0 0 0 0 0 0 0 0 0 0 0 0 0 0 0 0 0 0 0 0 0 0 0 0 0 0 0 0 0 0 0 0 0 0 0 0 0 0 0 0 0 0 0 0 0 0 0 0 0 0 0 0 0 0 0 0 0 0 0 0 0 0 0 0 0 0 0 0 0 0 0 0 0 0 0 0 0 0 0 0 0 0 0 0 0 0 0 0 0 0 0 0 0 0 0 0 0 0 
# name: freq
# type: matrix
# rows: 1
# columns: 359
 50.1 50.0 50.0 50.0 50.0 50.0 50.0 50.0 50.0 50.0 50.0 50.0 50.0 50.0 50.0 50.0 50.0 50.0 50.0 50.0 50.0 50.0 50.0 50.1 50.0 50.0 50.0 50.0 50.0 50.0 50.0 50.0 50.0 50.0 50.0 50.0 50.0 50.0 50.0 50.0 50.0 50.0 50.0 50.0 50.0 50.0 50.0 50.0 50.0 50.0 50.1 50.0 50.0 50.0 50.0 50.0 50.0 50.0 50.0 50.0 50.0 50.0 50.0 50.0 50.0 50.0 50.0 50.0 50.0 50.1 50.0 50.1 50.0 50.1 50.1 50.1 50.1 50.0 50.1 50.1 50.0 50.1 50.1 50.0 50.1 50.0 50.1 50.1 50.0 50.1 50.0 50.0 50.1 50.0 50.0 50.0 50.0 50.1 50.0 50.1 50.0 50.1 50.0 50.0 50.0 50.0 50.0 50.0 50.0 50.0 50.0 50.0 50.0 50.0 50.0 50.0 50.0 50.0 50.0 50.0 50.0 50.0 50.0 50.0 50.0 50.0 50.0 50.0 50.0 50.0 50.0 50.0 50.0 49.9 49.9 50.0 50.0 50.0 49.9 50.0 50.0 50.0 49.9 49.9 50.0 50.0 50.0 49.9 50.0 50.0 50.0 50.0 50.0 50.0 50.0 50.0 50.0 50.0 50.0 50.0 50.0 50.0 50.0 50.0 50.0 50.0 50.0 50.0 50.0 50.0 50.0 50.0 50.0 50.0 50.0 50.0 50.0 50.0 50.0 50.0 50.0 50.0 50.0 50.0 50.0 50.0 50.0 50.0 50.0 50.0 50.0 50.0 50.0 50.0 50.0 50.0 50.0 50.0 50.0 50.0 50.0 50.0 50.0 50.0 50.0 50.0 50.0 50.0 50.0 50.0 50.0 50.0 50.0 50.0 50.0 50.0 50.0 50.0 50.0 50.0 50.0 50.0 50.0 50.0 50.0 50.0 50.0 50.0 50.0 50.0 50.0 50.0 50.0 50.0 50.0 50.0 50.0 50.0 50.0 50.0 50.0 50.0 50.0 50.0 50.0 50.0 50.0 50.0 50.0 50.0 50.0 50.0 50.0 50.0 50.0 50.0 50.0 50.0 50.0 50.0 50.0 50.0 50.0 50.0 50.0 50.0 50.0 50.0 50.0 50.0 50.0 50.0 50.0 50.0 50.0 50.0 50.0 50.0 50.0 50.0 50.0 50.0 50.0 50.0 50.0 50.0 50.0 50.0 50.0 50.0 50.0 50.0 50.0 50.0 50.0 50.0 50.0 50.0 50.0 50.0 50.0 50.0 50.0 50.0 50.0 50.0 50.0 50.0 50.0 50.0 50.0 50.0 50.0 50.0 50.0 50.0 50.0 50.0 50.0 50.0 50.0 50.0 50.0 50.0 50.0 50.0 50.0 50.0 50.0 50.0 50.0 50.0 50.0 50.0 50.0 50.0 50.0 50.0 50.0 50.0 50.0 50.0 50.0 50.0 50.0 50.0 50.0 50.0 50.0 50.0 50.0 50.0 50.0 50.0 50.0 50.0 50.0 50.0 50.0 
# name: reacPower
# type: matrix
# rows: 1
# columns: 359
 -8.799 -8.799 -8.799 -8.799 -8.695 -8.695 -8.695 -8.695 -8.695 -8.695 -8.695 -8.695 -8.695 -8.695 -8.695 -8.592 -8.592 -8.592 -8.592 -8.592 -8.592 -8.592 -8.592 -8.592 -8.592 -8.592 -8.592 -8.592 -8.592 -8.592 -8.592 -8.592 -8.385 -8.385 -8.385 -8.385 -8.488 -8.385 -8.385 -8.385 -8.385 -8.385 -8.385 -8.385 -8.385 -8.385 -8.385 -8.385 -8.385 -8.385 -8.385 -8.385 -8.385 -8.385 -8.385 -8.385 -8.385 -8.385 -8.385 -8.385 -8.385 -8.385 -8.385 -8.385 -8.385 -8.385 -8.385 -8.385 -8.385 -8.385 -8.385 -8.385 -8.385 -8.385 -8.385 -8.385 -8.385 -8.385 -8.385 -8.385 -8.385 -8.385 -8.385 -8.488 -8.488 -8.488 -8.385 -8.385 -8.385 -8.385 -8.488 -8.488 -8.488 -8.385 -8.385 -8.488 -8.488 -8.488 -8.488 -8.385 -8.488 -8.385 -8.488 -8.488 -8.488 -8.385 -8.385 -8.385 -8.385 -8.385 -8.385 -8.488 -8.385 -8.488 -8.488 -8.488 -8.488 -8.488 -8.488 -8.488 -8.488 -8.385 -8.385 -8.385 -8.385 -8.385 -8.385 -8.385 -8.385 -8.385 -8.488 0.0 0.0 0.0 0.0 0.0 0.0 0.0 0.0 0.0 0.0 0.0 0.0 0.0 0.0 0.0 0.0 0.0 0.0 0.0 0.0 0.0 0.0 0.0 0.0 0.0 0.0 0.0 0.0 0.0 -10.041 -10.144 -10.144 -10.041 -9.937 -9.627 -9.523 -9.42 -9.316 -9.42 -9.316 -9.316 -9.316 -9.213 -9.213 -9.316 -9.316 -9.316 -9.316 -9.316 -9.213 -9.316 -9.213 -9.213 -9.213 -9.213 -9.213 -9.213 -9.109 -9.109 -9.109 -9.006 -9.006 -9.006 -9.006 -9.006 -8.902 -8.902 -8.902 -8.902 -8.799 -8.902 -8.902 -8.902 -8.902 -8.799 -8.799 -8.902 -8.902 -8.799 -8.902 -8.799 -8.799 -8.902 -8.799 -8.799 -8.799 -8.799 -8.799 -8.799 -8.799 -8.799 -8.799 -8.799 -8.799 -8.799 -8.799 -8.695 -8.695 -8.695 -8.695 -8.695 -8.695 -8.695 -8.695 -8.592 -8.592 -8.592 -8.695 -8.592 -8.695 -8.695 -8.695 -8.695 -8.695 -8.592 -8.592 -8.592 -8.592 -8.592 0.0 0.0 0.0 0.0 0.0 0.0 0.0 0.0 0.0 0.0 0.0 0.0 0.0 0.0 0.0 0.0 0.0 0.0 0.0 0.0 0.0 0.0 0.0 0.0 0.0 0.0 0.0 0.0 0.0 0.0 0.0 0.0 0.0 0.0 0.0 0.0 0.0 0.0 0.0 0.0 0.0 0.0 0.0 0.0 0.0 0.0 0.0 0.0 0.0 0.0 0.0 0.0 0.0 0.0 0.0 0.0 0.0 0.0 0.0 0.0 0.0 0.0 0.0 0.0 0.0 0.0 0.0 0.0 0.0 0.0 0.0 0.0 0.0 0.0 0.0 0.0 0.0 0.0 0.0 0.0 0.0 0.0 0.0 0.0 0.0 0.0 0.0 0.0 0.0 0.0 0.0 0.0 0.0 0.0 0.0 0.0 0.0 0.0 0.0 0.0 0.0 0.0 0.0 0.0 0.0 0.0 0.0 0.0 0.0 
# name: power
# type: matrix
# rows: 1
# columns: 359
 19.565 19.461 19.461 19.461 19.461 19.461 19.358 19.358 19.358 19.254 19.358 19.358 19.358 19.358 19.358 19.358 19.358 19.358 19.254 19.358 19.254 19.254 19.254 19.254 19.254 19.254 19.254 19.254 19.254 19.254 19.254 19.254 18.84 18.84 18.84 18.944 18.944 18.84 18.84 18.84 18.84 18.84 18.84 18.944 18.944 18.84 18.84 18.84 18.84 18.84 18.84 18.84 18.84 18.84 18.84 18.84 18.84 18.84 18.944 18.944 18.944 18.944 18.944 18.944 18.944 18.944 18.944 18.944 18.944 18.944 18.944 19.047 19.047 18.944 18.944 19.047 18.944 18.944 18.944 19.047 18.944 19.047 18.944 18.944 19.047 19.047 18.944 18.944 18.944 18.944 18.944 19.047 19.047 18.944 19.047 18.944 18.944 19.047 19.047 19.047 19.047 19.047 19.047 19.047 19.047 18.944 19.047 18.944 18.944 18.944 19.047 18.944 18.84 18.944 18.944 19.047 19.047 18.944 18.944 18.944 18.944 18.944 18.944 18.944 18.84 18.944 18.944 18.84 18.84 18.944 18.944 0.0 0.0 0.0 0.0 0.0 0.0 0.0 0.0 0.0 0.0 0.0 0.0 0.0 0.0 0.0 0.0 0.0 0.0 0.0 0.0 0.0 0.0 0.0 0.0 0.0 0.0 0.0 0.0 0.0 20.911 21.118 21.118 20.911 20.704 20.393 20.186 20.082 19.979 20.082 20.082 19.979 19.979 19.979 19.979 19.979 19.979 20.082 19.979 19.979 19.979 19.979 19.875 19.979 19.979 19.979 19.875 19.875 19.772 19.772 19.772 19.772 19.668 19.772 19.668 19.668 19.565 19.565 19.461 19.565 19.461 19.461 19.461 19.461 19.461 19.461 19.358 19.358 19.358 19.358 19.461 19.461 19.461 19.461 19.358 19.358 19.358 19.358 19.358 19.358 19.358 19.358 19.358 19.254 19.358 19.254 19.358 19.254 19.254 19.254 19.254 19.254 19.254 19.151 19.151 19.151 19.151 19.151 19.151 19.151 19.151 19.151 19.151 19.151 19.151 19.151 19.151 19.151 19.047 19.151 0.0 0.0 0.0 0.0 0.0 0.0 0.0 0.0 0.0 0.0 0.0 0.0 0.0 0.0 0.0 0.0 0.0 0.0 0.0 0.0 0.0 0.0 0.0 0.0 0.0 0.0 0.0 0.0 0.0 0.0 0.0 0.0 0.0 0.0 0.0 0.0 0.0 0.0 0.0 0.0 0.0 0.0 0.0 0.0 0.0 0.0 0.0 0.0 0.0 0.0 0.0 0.0 0.0 0.0 0.0 0.0 0.0 0.0 0.0 0.0 0.0 0.0 0.0 0.0 0.0 0.0 0.0 0.0 0.0 0.0 0.0 0.0 0.0 0.0 0.0 0.0 0.0 0.0 0.0 0.0 0.0 0.0 0.0 0.0 0.0 0.0 0.0 0.0 0.0 0.0 0.0 0.0 0.0 0.0 0.0 0.0 0.0 0.0 0.0 0.0 0.0 0.0 0.0 0.0 0.0 0.0 0.0 0.0 0.0 
