# name: phAngle
# type: matrix
# rows: 1
# columns: 359
 0 0 0 0 341 341 341 341 341 341 341 341 341 341 341 341 341 341 341 341 341 341 341 341 341 341 341 341 341 341 341 341 341 341 341 341 341 0 0 0 0 0 0 0 0 0 0 0 0 0 0 0 0 0 0 0 0 0 0 0 0 0 341 341 341 341 341 341 341 341 341 341 341 341 341 341 341 341 341 341 341 341 341 341 341 341 341 341 341 341 341 341 341 341 341 341 341 341 341 341 341 341 341 341 341 341 341 341 341 341 341 341 341 341 341 341 341 341 341 341 341 341 341 341 341 341 341 341 341 341 341 341 341 341 341 341 341 341 341 341 341 341 341 341 341 341 333 0 0 0 0 0 0 0 0 0 0 0 0 0 0 0 0 0 0 0 0 0 0 0 0 0 0 341 341 341 341 341 341 341 341 341 341 341 341 341 341 341 341 341 341 341 341 341 341 341 341 341 341 341 341 341 341 341 341 341 341 341 341 341 341 341 341 341 341 341 341 341 341 341 341 341 341 341 341 341 341 341 341 341 341 341 341 341 341 341 341 341 341 341 341 341 341 341 341 341 341 341 341 341 341 341 341 341 341 341 341 341 341 341 341 341 341 341 341 341 341 341 341 341 341 341 341 341 341 341 341 341 341 341 341 341 341 341 341 341 341 341 341 341 341 341 341 341 341 341 341 341 341 341 341 341 341 341 341 341 341 341 341 341 341 341 341 341 341 341 341 341 341 341 341 341 341 341 341 341 341 341 341 341 341 341 341 341 341 341 341 341 341 341 341 341 341 341 341 341 341 0 0 0 0 0 0 0 0 0 0 0 0 
# name: freq
# type: matrix
# rows: 1
# columns: 359
 50.0 50.0 50.0 50.0 50.0 50.0 50.0 50.0 50.0 50.0 50.0 50.0 50.0 50.0 50.0 50.0 50.0 50.0 50.0 50.0 50.0 50.0 50.0 50.0 50.0 50.0 50.0 50.0 50.0 50.0 50.0 50.0 50.0 50.0 50.0 50.0 50.0 50.0 50.0 50.0 50.0 50.0 50.0 50.0 50.0 50.0 50.0 50.0 50.0 50.0 50.0 50.0 50.0 50.0 50.0 50.0 50.0 50.0 50.0 50.0 50.0 50.0 50.0 50.0 50.0 50.0 50.0 50.0 50.0 50.0 50.0 50.0 50.0 50.0 50.0 50.0 50.0 50.0 50.0 50.0 50.0 50.0 50.0 50.0 50.0 50.0 50.0 50.0 50.0 50.0 50.0 50.0 50.0 50.0 50.0 50.0 50.0 50.0 50.0 50.0 50.0 50.0 50.0 50.0 50.0 50.0 50.0 50.0 50.0 50.0 50.0 50.0 50.0 50.0 50.0 50.0 50.0 50.0 50.0 50.0 50.0 50.0 50.0 50.0 50.0 50.0 50.0 50.0 50.0 50.0 50.0 50.0 50.0 50.0 50.0 50.0 50.0 50.0 50.0 50.0 50.0 50.0 50.0 50.0 50.0 50.0 50.0 50.0 50.0 50.0 50.0 50.0 50.0 50.0 50.0 50.0 50.0 50.0 50.0 50.0 50.0 50.0 50.0 50.0 50.0 50.0 50.0 50.0 50.0 50.0 50.0 50.0 50.0 50.0 50.0 50.0 50.0 50.0 50.0 50.0 50.0 50.0 50.0 50.0 50.0 50.0 50.0 50.0 50.0 50.0 50.0 50.0 50.0 50.0 50.0 50.0 50.0 50.0 50.0 50.0 50.0 50.0 50.0 50.0 50.0 50.0 50.0 50.0 50.0 50.0 50.0 50.0 50.0 50.0 50.0 50.0 50.0 50.0 50.0 50.0 50.0 50.0 50.0 50.0 50.0 50.0 50.0 50.0 50.0 50.0 50.0 50.0 50.0 50.0 50.0 50.0 50.0 50.0 50.0 50.0 50.0 50.0 50.0 50.0 50.0 50.0 50.0 50.0 50.0 50.0 50.0 50.0 50.0 50.0 50.0 50.0 50.0 50.0 50.0 50.0 50.0 50.0 50.0 50.0 50.0 50.0 50.0 50.0 50.0 50.0 50.0 50.0 50.0 50.0 50.0 50.0 50.0 50.0 50.0 50.0 50.0 50.0 50.0 50.0 50.0 50.0 50.0 50.0 50.0 50.0 50.0 50.0 50.0 50.0 50.0 50.0 50.0 50.0 50.0 50.0 50.0 50.0 50.0 50.0 50.0 50.0 50.0 50.0 50.0 50.0 50.0 50.0 50.0 50.0 50.0 50.0 50.0 50.0 50.0 50.0 50.0 50.0 50.0 50.0 49.9 49.9 49.9 49.9 49.9 49.9 49.9 49.9 49.9 49.9 49.9 49.9 49.9 49.9 49.9 49.9 49.9 49.9 49.9 49.9 49.9 49.9 49.9 49.9 49.9 49.9 49.9 49.9 49.9 49.9 49.9 49.9 50.0 49.9 50.0 
# name: reacPower
# type: matrix
# rows: 1
# columns: 359
 0.0 0.0 0.0 0.0 -2.706 -2.81 -3.122 -3.33 -3.33 -3.434 -3.434 -3.434 -3.434 -3.434 -3.434 -3.434 -3.434 -3.434 -3.434 -3.434 -3.434 -3.434 -3.434 -3.434 -3.434 -3.434 -3.33 -3.33 -3.33 -3.33 -3.226 -3.226 -3.226 -3.226 -3.122 -3.122 -3.122 0.0 0.0 0.0 0.0 0.0 0.0 0.0 0.0 0.0 0.0 0.0 0.0 0.0 0.0 0.0 0.0 0.0 0.0 0.0 0.0 0.0 0.0 0.0 0.0 0.0 -3.434 -3.226 -3.226 -3.226 -3.226 -3.226 -3.226 -3.226 -3.226 -3.226 -3.226 -3.122 -3.122 -3.122 -3.122 -3.122 -3.122 -3.018 -3.018 -3.018 -3.018 -3.018 -3.018 -3.018 -3.018 -3.018 -3.018 -3.018 -3.122 -3.122 -3.122 -3.122 -3.018 -3.018 -3.018 -3.018 -3.018 -3.018 -3.018 -3.018 -2.914 -3.018 -3.018 -2.914 -2.914 -2.914 -2.914 -2.914 -2.914 -2.914 -2.914 -2.914 -2.914 -2.914 -2.914 -2.914 -2.914 -2.914 -2.914 -2.914 -2.81 -2.81 -2.81 -2.81 -2.914 -2.81 -2.81 -2.81 -2.81 -2.81 -2.81 -2.81 -2.81 -2.81 -2.81 -2.81 -2.81 -2.81 -2.81 -2.81 -2.81 -2.81 -2.81 -2.81 -2.081 0.0 0.0 0.0 0.0 0.0 0.0 0.0 0.0 0.0 0.0 0.0 0.0 0.0 0.0 0.0 0.0 0.0 0.0 0.0 0.0 0.0 0.0 0.0 0.0 0.0 0.0 -3.018 -2.914 -2.914 -2.914 -2.914 -2.914 -2.914 -2.914 -2.914 -2.914 -3.018 -3.018 -2.914 -2.914 -2.914 -3.018 -3.018 -3.018 -3.018 -3.018 -3.018 -3.018 -3.018 -3.018 -3.018 -3.018 -3.018 -2.914 -2.914 -2.914 -2.914 -2.914 -2.914 -2.914 -2.914 -2.914 -2.914 -2.914 -2.914 -2.914 -2.914 -2.914 -2.914 -2.914 -2.914 -2.914 -2.914 -2.81 -2.81 -2.914 -2.81 -2.81 -2.81 -2.914 -2.81 -2.81 -2.81 -2.81 -2.81 -2.81 -2.81 -2.81 -2.81 -2.81 -2.81 -2.914 -2.914 -3.018 -3.018 -3.018 -3.122 -3.122 -3.122 -3.122 -3.226 -3.226 -3.226 -3.226 -3.226 -3.226 -3.226 -3.226 -3.33 -3.33 -3.33 -3.33 -3.33 -3.33 -3.33 -3.33 -3.33 -3.33 -3.33 -3.33 -3.33 -3.33 -3.33 -3.33 -3.33 -3.434 -3.33 -3.434 -3.434 -3.33 -3.434 -3.434 -3.434 -3.434 -3.434 -3.434 -3.434 -3.434 -3.434 -3.434 -3.434 -3.434 -3.434 -3.434 -3.434 -3.434 -3.434 -3.434 -3.434 -3.434 -3.434 -3.434 -3.434 -3.434 -3.434 -3.434 -3.434 -3.434 -3.434 -3.434 -3.434 -3.434 -3.434 -3.434 -3.434 -3.434 -3.434 -3.434 -3.434 -3.434 -3.434 -3.434 -3.434 -3.434 -3.434 -3.434 -3.538 -3.538 -3.434 -3.434 -3.434 -3.434 -3.434 -3.434 -3.434 -3.434 -3.434 -3.434 -3.538 -3.538 -3.434 -3.434 -3.434 -3.434 -3.434 -3.538 -3.538 -3.434 -3.434 -3.434 0.0 0.0 0.0 0.0 0.0 0.0 0.0 0.0 0.0 0.0 0.0 0.0 
# name: power
# type: matrix
# rows: 1
# columns: 359
 0.0 0.0 0.0 0.0 6.557 6.869 7.285 7.597 7.701 7.597 7.701 7.701 7.701 7.701 7.701 7.701 7.701 7.701 7.701 7.701 7.701 7.701 7.701 7.701 7.701 7.597 7.597 7.597 7.597 7.493 7.493 7.493 7.389 7.389 7.285 7.285 7.285 0.0 0.0 0.0 0.0 0.0 0.0 0.0 0.0 0.0 0.0 0.0 0.0 0.0 0.0 0.0 0.0 0.0 0.0 0.0 0.0 0.0 0.0 0.0 0.0 0.0 7.805 7.493 7.389 7.389 7.493 7.493 7.493 7.493 7.493 7.389 7.389 7.389 7.285 7.285 7.285 7.285 7.181 7.181 7.181 7.181 7.077 7.077 7.077 7.181 7.181 7.181 7.181 7.181 7.181 7.181 7.181 7.181 7.181 7.181 7.181 7.181 7.181 7.077 7.077 7.077 7.077 7.077 7.077 7.077 6.973 6.973 6.973 6.973 6.973 6.973 6.973 6.973 6.973 6.973 6.973 6.973 6.973 6.973 6.869 6.869 6.869 6.869 6.869 6.869 6.869 6.869 6.869 6.869 6.869 6.869 6.869 6.869 6.869 6.869 6.869 6.869 6.869 6.869 6.765 6.869 6.869 6.869 6.869 6.765 6.765 0.0 0.0 0.0 0.0 0.0 0.0 0.0 0.0 0.0 0.0 0.0 0.0 0.0 0.0 0.0 0.0 0.0 0.0 0.0 0.0 0.0 0.0 0.0 0.0 0.0 0.0 7.077 6.869 6.869 6.869 6.869 6.973 6.973 6.973 6.973 6.973 6.973 6.973 6.973 6.973 6.973 6.973 7.077 7.077 7.077 7.077 7.077 7.077 7.077 7.077 6.973 7.077 6.973 6.973 6.973 6.973 6.973 6.973 6.973 6.973 6.973 6.973 6.973 6.869 6.869 6.869 6.869 6.869 6.869 6.869 6.869 6.869 6.869 6.869 6.869 6.869 6.765 6.765 6.765 6.869 6.765 6.869 6.765 6.765 6.765 6.765 6.765 6.765 6.869 6.765 6.869 6.869 6.869 6.973 7.077 7.181 7.181 7.285 7.285 7.285 7.389 7.389 7.389 7.389 7.493 7.493 7.493 7.493 7.493 7.493 7.597 7.597 7.597 7.597 7.597 7.597 7.597 7.597 7.597 7.597 7.701 7.597 7.701 7.701 7.701 7.701 7.701 7.701 7.701 7.701 7.701 7.701 7.701 7.701 7.701 7.701 7.701 7.701 7.701 7.701 7.805 7.701 7.701 7.805 7.701 7.805 7.805 7.805 7.805 7.805 7.805 7.701 7.805 7.805 7.805 7.805 7.805 7.805 7.805 7.805 7.805 7.805 7.805 7.805 7.805 7.805 7.805 7.805 7.805 7.805 7.805 7.805 7.805 7.805 7.805 7.805 7.805 7.805 7.805 7.805 7.805 7.805 7.805 7.805 7.805 7.805 7.805 7.701 7.805 7.805 7.805 7.805 7.805 7.805 7.805 7.805 7.805 7.805 7.805 7.805 0.0 0.0 0.0 0.0 0.0 0.0 0.0 0.0 0.0 0.0 0.0 0.0 
