# name: phAngle
# type: matrix
# rows: 1
# columns: 358
 0 0 0 0 0 0 0 333 333 336 336 336 331 333 333 333 333 331 336 336 336 336 336 336 336 336 336 336 336 336 336 336 336 336 336 336 336 336 336 336 336 336 336 336 336 336 336 336 336 336 336 336 336 336 336 336 336 336 336 336 336 336 336 336 336 336 336 336 336 336 336 336 333 336 336 336 336 336 336 333 333 336 333 333 333 333 333 333 333 333 333 333 333 333 333 333 333 333 333 333 333 333 333 333 333 333 333 333 333 333 333 333 333 333 333 333 333 333 333 333 333 333 333 333 333 333 333 333 333 333 333 333 333 333 333 333 333 333 333 333 333 333 333 333 333 333 333 333 333 333 333 333 333 333 333 333 333 333 333 333 333 333 333 333 333 333 333 333 333 0 0 0 0 0 0 0 0 0 0 0 0 0 0 0 0 0 0 0 0 0 0 0 0 0 0 0 0 0 0 0 0 0 0 0 0 0 0 0 0 0 0 0 0 0 0 0 0 0 0 0 0 0 0 0 0 0 0 0 0 0 0 0 0 0 0 0 0 0 0 0 0 0 0 0 0 0 0 0 0 0 0 0 0 0 0 0 0 0 0 0 0 0 0 0 0 0 0 0 0 0 0 0 0 0 0 0 0 0 0 0 0 0 0 0 0 0 0 0 0 0 0 0 0 0 0 0 0 0 0 0 0 336 336 336 333 333 333 333 333 331 336 336 336 336 336 336 336 336 336 333 333 333 333 336 336 336 336 336 336 336 336 336 336 336 336 336 336 336 336 336 336 336 336 336 336 336 336 336 336 336 336 336 336 336 336 336 336 336 
# name: freq
# type: matrix
# rows: 1
# columns: 358
 50.0 50.0 50.0 50.0 50.0 50.0 50.0 50.0 50.0 50.0 50.0 50.0 50.0 50.0 50.0 50.0 50.0 50.0 50.0 50.0 50.0 50.0 50.0 50.0 50.0 50.0 50.0 50.0 50.0 50.0 50.0 50.0 50.0 50.0 50.0 50.0 50.0 50.0 50.0 50.0 50.0 50.0 50.0 50.0 50.0 50.0 50.0 50.0 50.0 50.0 50.0 50.0 50.0 50.0 50.0 50.0 50.0 50.0 50.0 50.0 50.0 50.0 50.0 50.0 50.0 50.0 50.0 50.0 50.0 50.0 50.0 50.0 50.0 50.0 50.0 50.0 50.0 50.0 50.0 50.0 50.0 50.0 50.0 50.0 50.0 50.0 50.0 50.0 50.0 50.0 50.0 50.0 50.0 50.0 50.0 50.0 50.0 50.0 50.0 50.0 50.0 50.0 50.0 50.0 50.0 50.0 50.0 50.0 50.0 50.0 50.0 50.0 50.0 50.0 50.0 50.0 50.0 50.0 50.0 50.0 50.0 50.0 50.0 50.0 50.0 50.0 50.0 50.0 50.0 50.0 50.0 50.0 50.0 50.0 50.0 50.0 50.0 50.0 50.0 50.0 50.0 50.0 50.0 50.0 50.0 50.0 50.0 50.0 50.0 50.0 50.0 50.0 50.0 50.0 50.0 50.0 50.0 50.0 50.0 50.1 50.0 50.0 50.0 50.0 50.0 50.0 50.1 50.0 50.1 50.1 50.0 50.0 50.1 50.1 50.1 50.0 50.0 50.0 50.0 50.1 50.0 50.1 50.0 50.0 50.0 50.0 50.0 50.0 50.1 50.0 50.0 50.0 50.1 50.0 50.1 50.0 50.0 50.1 50.1 50.0 50.0 50.0 50.0 50.0 50.0 50.0 50.0 50.0 50.0 50.0 50.0 50.0 50.0 50.0 50.0 50.0 50.0 50.0 50.0 50.0 50.0 50.0 50.0 50.0 50.0 50.0 50.0 50.0 50.0 50.0 50.0 50.0 50.0 50.0 50.0 50.0 50.0 50.0 50.0 50.0 50.0 50.0 50.0 50.0 50.0 50.0 50.0 50.0 50.0 50.0 50.0 50.0 50.0 50.0 50.0 50.0 50.0 50.0 50.0 50.0 50.0 50.0 50.0 50.0 50.0 50.0 50.0 50.0 50.0 50.0 50.0 50.0 50.0 50.0 50.0 50.0 50.0 50.0 50.0 50.0 50.0 50.0 50.0 50.0 50.0 50.0 50.0 50.0 50.0 50.0 50.0 50.0 50.0 50.0 50.0 50.0 50.0 50.0 50.0 50.0 50.0 50.0 50.0 50.0 50.0 50.0 50.0 50.0 50.0 50.0 50.0 50.0 50.0 50.0 50.0 50.0 50.0 50.0 50.0 50.0 50.0 50.0 50.0 50.0 49.9 50.0 50.0 50.0 50.0 50.0 50.0 50.0 50.0 50.0 50.0 50.0 50.0 50.0 50.0 50.0 50.0 50.0 50.0 50.0 50.0 50.0 50.0 50.0 50.0 50.0 50.0 50.0 50.0 50.0 50.0 50.0 50.0 50.0 
# name: reacPower
# type: matrix
# rows: 1
# columns: 358
 0.0 0.0 0.0 0.0 0.0 0.0 0.0 -11.076 -11.18 -11.49 -11.904 -12.318 -12.629 -12.836 -13.043 -12.94 -12.733 -12.422 -12.111 -12.215 -12.111 -12.008 -11.904 -11.904 -11.904 -11.801 -11.801 -11.801 -11.697 -11.697 -11.594 -11.594 -11.594 -11.594 -11.697 -11.697 -11.697 -11.594 -11.594 -11.594 -11.594 -11.594 -11.594 -11.594 -11.697 -11.49 -11.49 -11.49 -11.49 -11.49 -11.49 -11.49 -11.49 -11.49 -11.387 -11.49 -11.387 -11.387 -11.387 -11.387 -11.387 -11.387 -11.387 -11.387 -11.387 -11.387 -11.283 -11.283 -11.283 -11.283 -11.283 -11.283 -11.283 -11.283 -11.49 -11.387 -11.387 -11.387 -11.387 -11.283 -11.283 -11.283 -11.283 -11.283 -11.283 -11.18 -11.283 -11.18 -11.18 -11.18 -11.076 -11.18 -11.18 -11.18 -11.076 -11.076 -11.18 -11.076 -11.18 -11.18 -11.18 -11.18 -11.18 -11.18 -11.18 -11.18 -11.076 -11.18 -11.076 -11.076 -11.18 -11.076 -11.076 -11.076 -11.076 -11.076 -11.076 -11.076 -11.18 -11.076 -11.18 -11.18 -11.18 -11.076 -11.076 -10.973 -11.076 -11.076 -11.076 -11.076 -11.076 -11.076 -11.076 -11.076 -11.076 -11.076 -10.973 -10.973 -10.973 -10.973 -10.973 -10.973 -10.973 -10.973 -10.973 -10.973 -11.076 -11.076 -10.973 -11.076 -11.076 -11.076 -11.076 -11.076 -10.973 -10.973 -11.076 -11.076 -10.973 -11.076 -10.973 -10.973 -10.973 -11.076 -10.973 -10.973 -10.869 -10.973 -10.973 0.0 0.0 0.0 0.0 0.0 0.0 0.0 0.0 0.0 0.0 0.0 0.0 0.0 0.0 0.0 0.0 0.0 0.0 0.0 0.0 0.0 0.0 0.0 0.0 0.0 0.0 0.0 0.0 0.0 0.0 0.0 0.0 0.0 0.0 0.0 0.0 0.0 0.0 0.0 0.0 0.0 0.0 0.0 0.0 0.0 0.0 0.0 0.0 0.0 0.0 0.0 0.0 0.0 0.0 0.0 0.0 0.0 0.0 0.0 0.0 0.0 0.0 0.0 0.0 0.0 0.0 0.0 0.0 0.0 0.0 0.0 0.0 0.0 0.0 0.0 0.0 0.0 0.0 0.0 0.0 0.0 0.0 0.0 0.0 0.0 0.0 0.0 0.0 0.0 0.0 0.0 0.0 0.0 0.0 0.0 0.0 0.0 0.0 0.0 0.0 0.0 0.0 0.0 0.0 0.0 0.0 0.0 0.0 0.0 0.0 0.0 0.0 0.0 0.0 0.0 0.0 0.0 0.0 0.0 0.0 0.0 0.0 0.0 0.0 0.0 0.0 0.0 0.0 0.0 0.0 0.0 0.0 -11.387 -11.801 -12.318 -12.733 -13.043 -13.25 -13.147 -12.836 -12.525 -12.215 -11.904 -11.801 -11.49 -11.697 -11.283 -11.283 -11.283 -11.283 -11.18 -11.18 -11.18 -11.18 -11.283 -11.283 -11.387 -11.387 -11.387 -11.387 -11.387 -11.387 -11.387 -11.387 -11.387 -11.387 -11.387 -11.387 -11.387 -11.283 -11.283 -11.283 -11.283 -11.283 -11.283 -11.283 -11.283 -11.283 -11.283 -11.283 -11.283 -11.283 -11.283 -11.283 -11.18 -11.283 -11.283 -11.18 -11.283 
# name: power
# type: matrix
# rows: 1
# columns: 358
 0.0 0.0 0.0 0.0 0.0 0.0 0.0 22.153 22.36 22.878 23.395 24.016 24.534 24.844 25.258 25.258 24.844 24.43 24.016 23.913 23.706 23.602 23.499 23.395 23.499 23.395 23.395 23.395 23.292 23.292 23.292 23.188 23.188 23.188 23.188 23.188 23.188 23.085 23.085 23.085 23.085 23.085 23.085 23.085 23.085 23.085 23.085 22.981 23.085 22.981 22.981 22.981 22.981 22.878 22.981 22.878 22.878 22.878 22.878 22.878 22.878 22.878 22.774 22.774 22.774 22.774 22.774 22.774 22.774 22.774 22.774 22.67 22.67 22.67 22.67 22.67 22.67 22.67 22.67 22.567 22.67 22.67 22.567 22.567 22.567 22.463 22.567 22.567 22.567 22.567 22.463 22.463 22.567 22.463 22.463 22.463 22.567 22.463 22.567 22.463 22.463 22.463 22.567 22.463 22.567 22.463 22.567 22.463 22.463 22.463 22.463 22.463 22.36 22.463 22.463 22.463 22.463 22.463 22.463 22.463 22.463 22.463 22.463 22.463 22.463 22.463 22.463 22.463 22.463 22.463 22.463 22.463 22.463 22.463 22.463 22.463 22.36 22.36 22.36 22.36 22.36 22.36 22.36 22.36 22.36 22.36 22.36 22.256 22.256 22.36 22.36 22.36 22.36 22.463 22.36 22.463 22.463 22.567 22.36 22.463 22.463 22.463 22.463 22.36 22.463 22.36 22.463 22.463 22.463 0.0 0.0 0.0 0.0 0.0 0.0 0.0 0.0 0.0 0.0 0.0 0.0 0.0 0.0 0.0 0.0 0.0 0.0 0.0 0.0 0.0 0.0 0.0 0.0 0.0 0.0 0.0 0.0 0.0 0.0 0.0 0.0 0.0 0.0 0.0 0.0 0.0 0.0 0.0 0.0 0.0 0.0 0.0 0.0 0.0 0.0 0.0 0.0 0.0 0.0 0.0 0.0 0.0 0.0 0.0 0.0 0.0 0.0 0.0 0.0 0.0 0.0 0.0 0.0 0.0 0.0 0.0 0.0 0.0 0.0 0.0 0.0 0.0 0.0 0.0 0.0 0.0 0.0 0.0 0.0 0.0 0.0 0.0 0.0 0.0 0.0 0.0 0.0 0.0 0.0 0.0 0.0 0.0 0.0 0.0 0.0 0.0 0.0 0.0 0.0 0.0 0.0 0.0 0.0 0.0 0.0 0.0 0.0 0.0 0.0 0.0 0.0 0.0 0.0 0.0 0.0 0.0 0.0 0.0 0.0 0.0 0.0 0.0 0.0 0.0 0.0 0.0 0.0 0.0 0.0 0.0 0.0 22.878 23.499 24.327 24.844 25.362 25.673 25.466 24.741 24.43 24.12 23.706 23.499 23.085 23.085 22.774 22.878 22.774 22.774 22.67 22.567 22.567 22.67 22.774 22.878 22.981 22.981 22.981 22.981 22.981 22.981 22.878 22.878 22.981 22.878 22.878 22.981 22.981 22.878 22.878 22.878 22.878 22.878 22.774 22.878 22.878 22.774 22.774 22.774 22.774 22.878 22.878 22.878 22.878 22.774 22.774 22.774 22.774 
