# name: phAngle
# type: matrix
# rows: 1
# columns: 360
 0 0 346 333 333 338 338 338 338 338 333 333 333 333 333 346 346 346 333 333 333 333 333 333 338 338 333 333 338 338 338 338 333 333 333 333 333 333 333 333 338 338 333 333 333 333 333 333 333 333 333 333 333 333 333 333 333 333 333 333 333 333 333 333 333 333 333 333 333 333 333 333 333 333 333 333 333 333 333 333 333 333 333 333 333 346 333 346 346 346 346 346 346 333 346 346 346 346 346 346 346 346 346 346 346 346 346 346 346 346 346 346 346 346 346 346 346 346 346 346 346 346 346 346 346 346 346 346 346 346 346 346 346 346 346 346 346 346 346 346 346 346 346 346 346 346 346 346 346 346 346 346 346 346 346 346 346 346 346 346 346 346 346 346 346 346 346 346 346 346 346 346 346 346 346 346 346 346 346 346 346 346 0 0 0 0 0 0 0 0 0 0 0 0 0 0 0 0 0 0 0 0 0 0 0 0 0 0 0 0 0 0 0 0 0 0 0 0 0 0 0 0 0 0 0 0 0 0 0 0 0 0 0 0 0 0 0 0 0 0 0 0 0 0 0 0 0 0 0 0 0 0 0 0 0 0 0 0 0 0 0 0 0 0 0 0 0 0 0 0 0 0 0 0 0 0 0 0 0 0 0 0 0 0 0 0 0 0 0 0 0 0 0 0 0 0 0 0 0 0 0 0 0 0 0 0 0 0 0 0 0 0 0 0 0 0 0 0 0 0 0 0 0 0 0 0 0 0 346 346 333 333 338 338 338 338 338 333 333 333 333 333 333 333 333 333 333 333 333 333 333 338 338 338 338 338 338 333 333 338 
# name: freq
# type: matrix
# rows: 1
# columns: 360
 50.0 50.0 50.0 50.0 50.0 50.0 50.0 50.0 50.0 50.0 50.0 50.0 50.0 50.0 50.0 50.0 50.0 50.0 50.0 50.0 50.0 50.0 50.0 50.0 50.0 50.0 50.0 50.0 50.0 50.0 50.0 50.0 50.0 50.0 50.0 50.0 50.0 50.0 50.0 50.0 50.0 50.0 50.0 50.0 50.0 50.0 50.0 50.0 50.0 50.0 50.0 50.0 50.0 50.0 50.0 50.0 50.0 50.0 50.0 50.0 50.0 50.0 50.0 50.0 50.0 50.0 50.0 50.0 50.0 50.0 50.0 50.0 50.0 50.0 50.0 50.0 50.0 50.0 50.0 50.0 50.0 50.0 50.0 50.0 50.0 50.0 50.0 50.0 50.0 50.0 50.0 49.9 50.0 50.0 50.0 50.0 50.0 50.0 50.0 50.0 50.0 50.0 50.0 50.0 50.0 50.0 50.0 50.0 50.0 50.0 50.0 50.0 50.0 50.0 50.0 50.0 50.0 50.0 50.0 50.0 50.0 50.0 50.0 50.0 50.0 50.0 50.0 50.0 50.0 50.0 50.0 50.0 50.0 50.0 50.0 50.0 50.0 50.0 50.0 50.0 50.0 50.0 50.0 50.0 50.0 50.0 50.0 50.0 50.0 50.0 50.0 50.0 50.0 50.0 50.0 50.0 50.0 50.0 50.0 50.0 50.0 50.0 50.0 50.0 50.0 50.0 50.0 50.0 50.0 50.0 50.0 50.0 50.0 50.0 50.0 50.0 50.0 50.0 50.0 50.0 50.0 50.0 50.0 50.0 50.0 50.0 50.0 50.0 50.0 50.0 50.0 50.0 50.0 50.0 50.0 50.0 50.0 50.0 50.0 50.0 50.0 50.0 50.0 50.0 50.0 50.0 50.0 50.0 50.0 50.0 50.0 50.0 50.0 50.0 50.0 50.0 50.0 50.0 50.0 50.0 50.0 50.0 50.0 50.0 50.0 50.0 50.0 50.0 50.0 50.0 50.0 50.0 50.0 50.0 50.0 50.0 50.0 50.0 50.0 50.0 50.0 50.0 50.0 50.0 50.0 50.0 50.0 50.0 50.0 50.0 50.0 50.0 50.0 50.0 50.0 50.0 50.0 50.0 50.0 50.0 50.0 50.0 50.0 50.0 50.0 50.0 50.0 49.9 50.0 49.9 49.9 49.9 49.9 49.9 49.9 49.9 50.0 49.9 49.9 49.9 49.9 49.9 49.9 49.9 49.9 50.0 49.9 49.9 49.9 49.9 50.0 50.0 49.9 49.9 50.0 49.9 49.9 49.9 50.0 50.0 50.0 50.0 49.9 50.0 50.0 50.0 50.0 50.0 50.0 50.0 50.0 50.0 50.0 50.0 50.0 50.0 50.0 50.0 50.0 50.0 50.0 50.0 50.0 50.0 50.0 50.0 50.0 50.0 50.0 50.0 50.0 50.0 50.0 50.0 50.0 50.0 50.0 49.9 50.0 50.0 50.0 50.0 50.0 50.0 50.0 50.0 50.0 50.0 50.0 50.0 50.0 50.0 50.0 50.0 50.0 50.0 50.0 50.0 50.0 50.0 
# name: reacPower
# type: matrix
# rows: 1
# columns: 360
 0.0 0.0 -3.933 -4.14 -4.244 -4.347 -4.347 -4.347 -4.347 -4.244 -4.244 -4.244 -4.14 -4.14 -4.14 -4.037 -4.037 -4.037 -4.037 -4.14 -4.14 -4.14 -4.244 -4.244 -4.244 -4.244 -4.244 -4.244 -4.244 -4.244 -4.244 -4.244 -4.244 -4.244 -4.244 -4.244 -4.244 -4.244 -4.244 -4.244 -4.244 -4.244 -4.244 -4.244 -4.244 -4.244 -4.244 -4.244 -4.244 -4.244 -4.244 -4.244 -4.244 -4.14 -4.244 -4.244 -4.14 -4.14 -4.244 -4.14 -4.14 -4.14 -4.14 -4.14 -4.037 -4.037 -4.14 -4.14 -4.14 -4.14 -4.14 -4.14 -4.14 -4.14 -4.14 -4.14 -4.14 -4.14 -4.14 -4.14 -4.14 -4.14 -4.14 -4.14 -4.037 -4.037 -4.037 -4.037 -4.037 -4.037 -4.037 -4.037 -4.037 -4.037 -4.037 -4.037 -4.037 -4.037 -4.037 -4.037 -4.037 -4.037 -4.037 -4.037 -4.037 -4.037 -4.037 -4.037 -4.037 -4.037 -4.037 -4.037 -4.037 -4.037 -4.037 -4.037 -4.037 -4.037 -4.037 -4.037 -4.037 -4.037 -4.037 -4.037 -4.037 -4.037 -4.037 -4.037 -4.037 -4.037 -4.037 -4.037 -4.037 -4.037 -4.037 -4.037 -4.037 -4.037 -4.037 -4.037 -4.037 -4.037 -4.037 -3.933 -4.037 -4.037 -4.037 -4.037 -4.037 -4.037 -4.037 -4.037 -4.037 -3.933 -3.933 -3.933 -3.933 -3.933 -4.037 -4.037 -4.037 -4.037 -4.037 -4.037 -4.037 -3.933 -4.037 -4.037 -4.037 -4.037 -4.037 -4.037 -4.037 -4.037 -4.037 -4.037 -4.037 -4.037 -4.037 -4.037 -4.037 -4.037 0.0 0.0 0.0 0.0 0.0 0.0 0.0 0.0 0.0 0.0 0.0 0.0 0.0 0.0 0.0 0.0 0.0 0.0 0.0 0.0 0.0 0.0 0.0 0.0 0.0 0.0 0.0 0.0 0.0 0.0 0.0 0.0 0.0 0.0 0.0 0.0 0.0 0.0 0.0 0.0 0.0 0.0 0.0 0.0 0.0 0.0 0.0 0.0 0.0 0.0 0.0 0.0 0.0 0.0 0.0 0.0 0.0 0.0 0.0 0.0 0.0 0.0 0.0 0.0 0.0 0.0 0.0 0.0 0.0 0.0 0.0 0.0 0.0 0.0 0.0 0.0 0.0 0.0 0.0 0.0 0.0 0.0 0.0 0.0 0.0 0.0 0.0 0.0 0.0 0.0 0.0 0.0 0.0 0.0 0.0 0.0 0.0 0.0 0.0 0.0 0.0 0.0 0.0 0.0 0.0 0.0 0.0 0.0 0.0 0.0 0.0 0.0 0.0 0.0 0.0 0.0 0.0 0.0 0.0 0.0 0.0 0.0 0.0 0.0 0.0 0.0 0.0 0.0 0.0 0.0 0.0 0.0 0.0 0.0 0.0 0.0 0.0 0.0 0.0 0.0 0.0 0.0 0.0 0.0 0.0 0.0 -3.83 -4.037 -4.14 -4.244 -4.347 -4.347 -4.347 -4.347 -4.244 -4.244 -4.244 -4.244 -4.244 -4.14 -4.14 -4.14 -4.14 -4.244 -4.244 -4.244 -4.244 -4.347 -4.347 -4.244 -4.347 -4.244 -4.347 -4.347 -4.347 -4.347 -4.347 -4.244 
# name: power
# type: matrix
# rows: 1
# columns: 360
 0.0 0.0 9.834 10.041 10.248 10.352 10.455 10.455 10.352 10.352 10.248 10.248 10.144 10.041 10.041 10.041 10.041 10.041 10.041 10.041 10.144 10.144 10.144 10.248 10.248 10.248 10.248 10.248 10.248 10.248 10.248 10.248 10.248 10.144 10.248 10.248 10.248 10.248 10.248 10.248 10.352 10.352 10.248 10.248 10.248 10.248 10.248 10.248 10.248 10.248 10.248 10.248 10.248 10.144 10.144 10.144 10.144 10.144 10.144 10.144 10.144 10.144 10.144 10.144 10.144 10.144 10.041 10.041 10.041 10.041 10.041 10.041 10.041 10.041 10.041 10.041 10.041 10.041 10.041 10.041 10.041 10.041 10.041 10.041 10.041 10.041 10.041 10.041 10.041 9.937 9.937 9.937 9.937 9.937 9.937 9.937 9.937 9.937 9.937 9.937 9.937 9.937 9.834 9.937 9.937 9.937 9.937 9.937 9.937 9.937 9.937 9.937 9.937 9.937 9.937 9.937 9.937 9.937 9.937 9.937 9.834 9.937 9.937 9.937 9.834 9.834 9.834 9.834 9.834 9.834 9.834 9.834 9.834 9.834 9.834 9.834 9.834 9.834 9.834 9.834 9.834 9.834 9.834 9.834 9.834 9.834 9.834 9.834 9.834 9.834 9.834 9.834 9.834 9.834 9.834 9.834 9.834 9.834 9.834 9.834 9.834 9.834 9.834 9.834 9.834 9.834 9.834 9.834 9.834 9.834 9.834 9.834 9.834 9.834 9.834 9.834 9.834 9.834 9.834 9.834 9.834 9.834 0.0 0.0 0.0 0.0 0.0 0.0 0.0 0.0 0.0 0.0 0.0 0.0 0.0 0.0 0.0 0.0 0.0 0.0 0.0 0.0 0.0 0.0 0.0 0.0 0.0 0.0 0.0 0.0 0.0 0.0 0.0 0.0 0.0 0.0 0.0 0.0 0.0 0.0 0.0 0.0 0.0 0.0 0.0 0.0 0.0 0.0 0.0 0.0 0.0 0.0 0.0 0.0 0.0 0.0 0.0 0.0 0.0 0.0 0.0 0.0 0.0 0.0 0.0 0.0 0.0 0.0 0.0 0.0 0.0 0.0 0.0 0.0 0.0 0.0 0.0 0.0 0.0 0.0 0.0 0.0 0.0 0.0 0.0 0.0 0.0 0.0 0.0 0.0 0.0 0.0 0.0 0.0 0.0 0.0 0.0 0.0 0.0 0.0 0.0 0.0 0.0 0.0 0.0 0.0 0.0 0.0 0.0 0.0 0.0 0.0 0.0 0.0 0.0 0.0 0.0 0.0 0.0 0.0 0.0 0.0 0.0 0.0 0.0 0.0 0.0 0.0 0.0 0.0 0.0 0.0 0.0 0.0 0.0 0.0 0.0 0.0 0.0 0.0 0.0 0.0 0.0 0.0 0.0 0.0 0.0 0.0 9.523 9.834 10.041 10.248 10.352 10.352 10.352 10.352 10.352 10.248 10.144 10.144 10.144 10.041 10.041 10.041 10.144 10.144 10.144 10.144 10.144 10.248 10.248 10.248 10.352 10.248 10.248 10.248 10.248 10.248 10.248 10.248 
