# name: phAngle
# type: matrix
# rows: 1
# columns: 358
 0 0 0 0 0 0 0 0 0 0 0 0 0 0 0 0 0 0 0 0 341 333 337 337 337 337 337 337 337 337 337 337 337 337 337 337 337 333 333 333 333 333 333 333 333 333 341 341 341 341 341 341 341 333 341 341 341 341 341 341 341 341 341 333 341 341 333 341 341 333 333 341 333 341 341 341 333 341 333 333 341 341 333 341 341 341 0 0 0 0 0 0 0 0 0 0 0 0 0 0 0 0 0 0 0 0 0 0 0 0 0 0 0 0 0 0 0 0 0 0 0 0 0 0 0 0 0 0 0 0 0 0 0 0 0 0 0 0 0 0 0 0 0 0 0 0 0 0 0 0 0 0 0 0 0 0 0 0 0 0 0 0 0 0 0 0 0 0 0 0 0 0 0 0 0 0 0 0 0 0 0 0 341 337 337 337 337 337 337 337 337 337 337 337 337 337 337 333 333 333 333 333 333 333 333 333 333 333 333 333 333 333 341 341 341 341 341 341 341 333 333 341 341 341 341 341 341 341 341 341 341 341 341 341 341 341 333 341 333 341 341 341 341 341 333 333 333 333 333 333 333 333 333 333 333 333 333 333 333 333 333 333 333 333 333 333 333 333 333 333 333 333 333 333 333 333 333 333 333 333 333 337 337 337 337 0 0 0 0 0 0 0 0 0 0 0 0 0 0 0 0 0 0 0 0 0 0 0 0 0 0 0 0 0 0 0 0 0 0 0 0 0 0 0 0 0 0 0 0 0 0 0 0 0 0 0 0 0 0 0 0 0 0 0 0 0 0 0 0 0 0 0 0 0 0 0 0 0 
# name: freq
# type: matrix
# rows: 1
# columns: 358
 50.0 50.0 50.0 50.0 50.0 50.0 50.0 50.0 50.0 50.0 50.0 50.0 50.0 50.0 50.0 50.0 50.0 50.0 50.0 50.0 50.0 50.0 50.0 50.0 50.0 50.0 50.0 50.0 50.0 50.0 50.0 50.0 50.0 50.0 50.0 50.0 50.0 50.0 50.0 50.0 50.0 50.0 50.0 50.0 50.0 50.0 50.0 50.0 50.0 50.0 50.0 50.0 50.0 50.0 50.0 50.0 50.0 50.0 50.0 50.0 50.0 50.0 50.0 50.0 50.0 50.0 50.0 50.0 50.0 50.0 50.0 50.0 50.0 50.0 50.0 50.0 50.0 50.0 50.0 50.0 50.0 50.0 50.0 50.0 50.0 50.0 50.0 50.0 50.0 50.0 50.0 50.0 50.0 50.0 50.0 50.0 50.0 50.0 50.0 50.0 50.0 50.0 50.0 50.0 50.0 50.0 50.0 50.0 50.0 50.0 50.0 50.0 50.0 50.0 50.0 50.0 50.0 50.0 50.0 50.0 50.0 50.0 50.0 50.0 50.0 50.0 50.0 50.0 50.0 50.0 50.0 50.0 50.0 50.0 50.0 50.0 50.0 50.0 50.0 50.0 50.0 50.0 50.0 50.0 50.0 50.0 50.0 50.0 50.0 50.0 50.0 50.0 50.0 50.0 50.0 50.0 50.0 50.0 50.0 50.0 49.9 50.0 50.0 50.0 50.0 50.0 50.0 50.0 50.0 50.0 50.0 50.0 50.0 50.0 50.0 50.0 50.0 50.0 50.0 50.0 50.0 50.0 50.0 50.0 50.0 50.0 50.0 50.0 50.0 50.0 50.0 50.0 50.0 50.0 50.0 50.0 50.0 50.0 50.0 50.0 50.0 50.0 50.0 50.0 50.0 50.0 50.0 50.0 50.0 50.0 50.0 50.0 50.0 50.0 50.0 50.0 50.0 50.0 50.0 50.0 50.0 50.0 50.0 50.0 50.0 50.0 50.0 50.0 50.0 50.0 50.0 50.0 50.0 50.0 50.0 50.0 50.0 50.0 50.0 50.0 50.0 50.0 50.0 50.0 50.0 50.0 50.0 50.0 50.0 50.0 50.0 50.0 50.0 50.0 50.0 50.0 50.0 50.0 50.0 50.0 50.0 50.0 50.0 50.0 50.0 50.0 50.0 50.0 50.0 50.0 50.0 50.0 50.0 50.0 50.0 50.0 50.0 50.0 50.0 50.0 50.0 50.0 50.0 50.0 50.0 50.0 50.0 50.0 50.0 50.0 50.0 50.0 50.0 50.0 50.0 50.0 50.0 50.0 50.0 50.0 50.0 50.0 50.0 50.0 50.0 50.0 50.0 50.0 50.0 50.0 50.0 50.0 50.0 50.0 50.0 50.0 50.0 50.0 50.0 50.0 50.0 50.0 50.0 50.0 50.0 50.0 50.0 50.0 50.0 50.0 50.0 50.0 50.0 50.0 50.0 50.0 50.0 50.0 50.0 50.0 50.0 50.0 50.0 50.0 50.0 50.0 50.0 50.0 50.0 50.0 50.0 50.0 50.0 50.0 50.0 50.0 50.0 50.0 
# name: reacPower
# type: matrix
# rows: 1
# columns: 358
 0.0 0.0 0.0 0.0 0.0 0.0 0.0 0.0 0.0 0.0 0.0 0.0 0.0 0.0 0.0 0.0 0.0 0.0 0.0 0.0 -5.724 -6.14 -6.661 -6.973 -7.077 -7.181 -6.973 -6.973 -6.765 -6.557 -6.557 -6.452 -6.452 -6.348 -6.244 -6.244 -6.244 -6.14 -6.14 -6.14 -6.036 -6.036 -6.14 -6.036 -6.036 -5.932 -5.932 -5.828 -5.932 -5.828 -5.828 -5.828 -5.828 -5.932 -5.932 -5.932 -5.828 -5.828 -5.932 -5.828 -5.828 -5.828 -5.828 -5.932 -5.828 -5.828 -5.932 -5.828 -5.932 -5.932 -5.932 -5.828 -5.932 -5.828 -5.828 -5.932 -5.932 -5.828 -5.932 -5.932 -5.932 -5.828 -5.932 -5.828 -5.828 -5.828 0.0 0.0 0.0 0.0 0.0 0.0 0.0 0.0 0.0 0.0 0.0 0.0 0.0 0.0 0.0 0.0 0.0 0.0 0.0 0.0 0.0 0.0 0.0 0.0 0.0 0.0 0.0 0.0 0.0 0.0 0.0 0.0 0.0 0.0 0.0 0.0 0.0 0.0 0.0 0.0 0.0 0.0 0.0 0.0 0.0 0.0 0.0 0.0 0.0 0.0 0.0 0.0 0.0 0.0 0.0 0.0 0.0 0.0 0.0 0.0 0.0 0.0 0.0 0.0 0.0 0.0 0.0 0.0 0.0 0.0 0.0 0.0 0.0 0.0 0.0 0.0 0.0 0.0 0.0 0.0 0.0 0.0 0.0 0.0 0.0 0.0 0.0 0.0 0.0 0.0 0.0 0.0 0.0 0.0 0.0 0.0 -5.828 -6.348 -6.765 -6.869 -6.973 -6.869 -6.765 -6.765 -6.661 -6.557 -6.557 -6.452 -6.348 -6.244 -6.244 -6.14 -6.14 -6.14 -6.036 -6.14 -6.036 -6.036 -6.036 -6.036 -6.036 -5.932 -5.932 -5.932 -5.932 -5.932 -5.932 -5.932 -5.828 -5.828 -5.828 -5.828 -5.828 -5.932 -5.932 -5.828 -5.828 -5.828 -5.828 -5.828 -5.828 -5.828 -5.828 -5.828 -5.828 -5.828 -5.828 -5.828 -5.828 -5.828 -6.036 -5.932 -5.932 -5.828 -5.828 -5.932 -5.828 -5.828 -6.244 -5.932 -5.932 -6.036 -6.036 -6.036 -6.036 -6.036 -6.036 -6.14 -6.14 -6.14 -6.14 -6.244 -6.14 -6.244 -6.244 -6.244 -6.14 -6.348 -6.244 -6.244 -6.244 -6.244 -6.244 -6.14 -6.14 -6.14 -6.14 -6.14 -6.14 -6.244 -6.244 -6.244 -6.244 -6.244 -6.244 -6.348 -6.244 -6.348 -6.348 0.0 0.0 0.0 0.0 0.0 0.0 0.0 0.0 0.0 0.0 0.0 0.0 0.0 0.0 0.0 0.0 0.0 0.0 0.0 0.0 0.0 0.0 0.0 0.0 0.0 0.0 0.0 0.0 0.0 0.0 0.0 0.0 0.0 0.0 0.0 0.0 0.0 0.0 0.0 0.0 0.0 0.0 0.0 0.0 0.0 0.0 0.0 0.0 0.0 0.0 0.0 0.0 0.0 0.0 0.0 0.0 0.0 0.0 0.0 0.0 0.0 0.0 0.0 0.0 0.0 0.0 0.0 0.0 0.0 0.0 0.0 0.0 0.0 
# name: power
# type: matrix
# rows: 1
# columns: 358
 0.0 0.0 0.0 0.0 0.0 0.0 0.0 0.0 0.0 0.0 0.0 0.0 0.0 0.0 0.0 0.0 0.0 0.0 0.0 0.0 13.218 13.738 14.467 14.883 15.091 15.091 14.987 14.779 14.675 14.467 14.363 14.258 14.154 14.05 13.946 13.842 13.842 13.738 13.738 13.634 13.634 13.634 13.53 13.426 13.426 13.322 13.218 13.218 13.218 13.114 13.218 13.218 13.218 13.218 13.218 13.218 13.218 13.218 13.218 13.218 13.218 13.218 13.218 13.218 13.218 13.322 13.218 13.218 13.322 13.322 13.322 13.218 13.218 13.114 13.218 13.218 13.322 13.218 13.218 13.218 13.218 13.218 13.218 13.218 13.218 13.218 0.0 0.0 0.0 0.0 0.0 0.0 0.0 0.0 0.0 0.0 0.0 0.0 0.0 0.0 0.0 0.0 0.0 0.0 0.0 0.0 0.0 0.0 0.0 0.0 0.0 0.0 0.0 0.0 0.0 0.0 0.0 0.0 0.0 0.0 0.0 0.0 0.0 0.0 0.0 0.0 0.0 0.0 0.0 0.0 0.0 0.0 0.0 0.0 0.0 0.0 0.0 0.0 0.0 0.0 0.0 0.0 0.0 0.0 0.0 0.0 0.0 0.0 0.0 0.0 0.0 0.0 0.0 0.0 0.0 0.0 0.0 0.0 0.0 0.0 0.0 0.0 0.0 0.0 0.0 0.0 0.0 0.0 0.0 0.0 0.0 0.0 0.0 0.0 0.0 0.0 0.0 0.0 0.0 0.0 0.0 0.0 13.322 13.946 14.571 14.883 14.987 14.987 14.883 14.675 14.571 14.363 14.258 14.154 14.05 14.05 13.842 13.842 13.738 13.738 13.634 13.53 13.634 13.53 13.53 13.53 13.53 13.53 13.634 13.53 13.53 13.53 13.53 13.53 13.426 13.426 13.426 13.426 13.426 13.426 13.426 13.426 13.322 13.322 13.426 13.426 13.426 13.426 13.322 13.322 13.426 13.426 13.426 13.426 13.426 13.426 13.322 13.322 13.322 13.322 13.322 13.322 13.322 13.426 13.322 13.426 13.426 13.426 13.426 13.426 13.426 13.426 13.53 13.53 13.53 13.634 13.634 13.634 13.634 13.634 13.738 13.634 13.634 13.634 13.738 13.738 13.738 13.738 13.634 13.634 13.634 13.634 13.634 13.738 13.738 13.738 13.738 13.842 13.738 13.738 13.842 13.842 13.946 13.946 14.05 0.0 0.0 0.0 0.0 0.0 0.0 0.0 0.0 0.0 0.0 0.0 0.0 0.0 0.0 0.0 0.0 0.0 0.0 0.0 0.0 0.0 0.0 0.0 0.0 0.0 0.0 0.0 0.0 0.0 0.0 0.0 0.0 0.0 0.0 0.0 0.0 0.0 0.0 0.0 0.0 0.0 0.0 0.0 0.0 0.0 0.0 0.0 0.0 0.0 0.0 0.0 0.0 0.0 0.0 0.0 0.0 0.0 0.0 0.0 0.0 0.0 0.0 0.0 0.0 0.0 0.0 0.0 0.0 0.0 0.0 0.0 0.0 0.0 
