# name: phAngle
# type: matrix
# rows: 1
# columns: 359
 0 0 338 338 338 338 338 338 338 338 338 338 338 338 338 338 338 338 338 338 338 338 338 338 338 338 338 0 0 0 0 0 0 0 0 0 0 0 0 0 0 0 0 0 0 0 0 0 0 0 0 0 0 0 0 0 0 0 0 0 0 0 0 0 0 0 0 0 0 0 0 0 0 0 0 0 0 0 0 0 0 0 0 0 0 0 0 0 0 0 0 0 0 0 0 0 0 0 0 0 0 0 0 0 0 0 0 0 0 0 0 0 0 0 0 0 0 0 0 0 0 0 0 0 0 0 0 0 0 0 0 0 0 0 0 0 0 0 0 0 0 0 0 0 0 0 0 0 0 0 0 0 0 0 0 0 0 0 0 0 0 0 338 338 338 338 338 338 338 338 338 338 338 338 338 338 338 338 338 338 338 338 338 338 338 338 338 338 338 338 338 341 338 338 341 341 341 341 341 341 341 341 338 341 341 341 341 341 338 338 338 338 338 338 338 338 338 338 338 338 338 338 338 338 338 338 0 0 0 0 0 0 0 0 0 0 0 0 0 0 0 0 0 0 0 0 0 0 0 0 0 0 0 0 338 338 338 338 338 338 338 338 338 338 338 338 338 338 338 338 338 338 338 338 338 338 338 338 338 338 338 338 338 338 338 338 338 338 338 338 338 338 338 338 338 338 338 338 338 338 338 338 338 338 338 338 338 338 338 338 338 338 338 338 338 338 338 338 338 338 338 338 338 338 338 338 338 338 338 338 338 338 338 338 338 338 338 338 338 338 338 338 338 338 338 338 338 338 338 338 338 338 338 338 338 338 338 338 338 
# name: freq
# type: matrix
# rows: 1
# columns: 359
 50.0 50.0 50.0 49.9 50.0 50.0 50.0 50.0 50.0 50.0 50.0 50.0 50.0 50.0 50.0 50.0 50.0 50.0 50.0 50.0 50.0 50.0 50.0 50.0 50.0 50.0 50.0 50.0 50.0 50.0 50.0 50.0 50.0 50.0 50.0 50.0 50.0 50.0 50.0 50.0 50.0 50.0 50.0 50.0 50.0 50.0 50.0 50.0 50.0 50.0 50.0 50.0 50.0 50.0 49.9 50.0 50.0 50.0 50.0 50.0 50.0 50.0 50.0 50.0 50.0 50.0 50.0 50.0 50.0 50.0 50.0 50.0 50.0 50.0 50.0 50.0 50.0 50.0 50.0 50.0 50.0 50.0 50.0 50.0 49.9 50.0 50.0 50.0 50.0 50.0 50.0 50.0 50.0 50.0 50.0 50.0 50.0 50.0 50.0 50.0 50.0 50.0 50.0 50.0 50.0 50.0 50.0 50.0 50.0 50.0 50.0 50.0 50.0 50.0 50.0 50.0 50.0 50.0 50.0 50.0 50.0 50.0 50.0 50.0 50.0 50.0 50.0 50.0 50.0 50.0 50.0 50.0 50.0 50.0 50.0 50.0 50.0 50.0 50.0 50.0 50.0 50.0 50.0 50.0 50.0 50.0 50.0 50.0 50.0 50.0 50.0 50.0 50.0 50.0 50.0 50.0 50.0 50.0 50.0 50.0 50.0 50.0 50.0 50.0 50.0 50.0 50.0 50.0 50.0 50.0 50.0 50.0 50.0 50.0 50.0 50.0 50.0 50.0 50.0 50.0 50.0 50.0 50.0 50.0 50.0 50.0 50.0 50.0 50.0 50.0 50.0 50.0 50.0 50.0 50.0 50.0 50.0 50.0 50.0 50.0 50.0 50.0 50.0 50.0 50.0 50.0 50.0 50.0 50.0 50.0 50.0 50.0 50.0 50.0 50.0 50.0 50.0 50.0 50.0 50.0 50.0 50.0 50.0 50.0 50.0 50.0 50.0 50.0 50.0 50.0 50.0 50.0 50.0 50.0 50.0 50.0 50.0 50.0 50.0 50.0 50.0 50.0 50.0 50.0 50.0 50.0 50.0 50.0 50.0 50.0 50.0 50.0 50.0 50.0 50.0 50.0 50.0 50.0 50.0 50.0 50.0 50.0 50.0 50.0 50.0 50.0 50.0 50.0 50.0 50.0 50.0 50.0 50.0 50.0 50.0 50.0 50.0 50.0 50.0 50.0 50.0 50.0 50.0 50.0 50.0 50.0 50.0 50.0 50.0 50.0 50.0 50.0 50.0 50.0 50.0 50.0 50.0 50.0 50.0 50.0 50.0 50.0 50.0 50.0 50.0 50.0 50.0 50.0 50.0 50.0 50.0 50.0 50.0 50.0 50.0 50.0 50.0 50.0 50.0 50.0 50.0 50.0 50.0 50.0 50.0 50.0 50.0 50.0 50.0 50.0 50.0 50.0 50.0 50.0 50.0 50.0 50.0 50.0 50.0 50.0 50.0 50.0 50.0 50.0 50.0 50.0 50.0 50.0 50.0 50.0 50.0 50.0 50.0 50.0 50.0 50.0 50.0 50.0 50.0 
# name: reacPower
# type: matrix
# rows: 1
# columns: 359
 0.0 0.0 -4.968 -4.968 -4.968 -4.968 -4.968 -4.968 -4.968 -4.968 -4.968 -4.968 -5.072 -5.072 -5.176 -5.072 -5.176 -5.176 -5.176 -5.279 -5.383 -5.383 -5.59 -5.59 -5.59 -5.693 -5.59 0.0 0.0 0.0 0.0 0.0 0.0 0.0 0.0 0.0 0.0 0.0 0.0 0.0 0.0 0.0 0.0 0.0 0.0 0.0 0.0 0.0 0.0 0.0 0.0 0.0 0.0 0.0 0.0 0.0 0.0 0.0 0.0 0.0 0.0 0.0 0.0 0.0 0.0 0.0 0.0 0.0 0.0 0.0 0.0 0.0 0.0 0.0 0.0 0.0 0.0 0.0 0.0 0.0 0.0 0.0 0.0 0.0 0.0 0.0 0.0 0.0 0.0 0.0 0.0 0.0 0.0 0.0 0.0 0.0 0.0 0.0 0.0 0.0 0.0 0.0 0.0 0.0 0.0 0.0 0.0 0.0 0.0 0.0 0.0 0.0 0.0 0.0 0.0 0.0 0.0 0.0 0.0 0.0 0.0 0.0 0.0 0.0 0.0 0.0 0.0 0.0 0.0 0.0 0.0 0.0 0.0 0.0 0.0 0.0 0.0 0.0 0.0 0.0 0.0 0.0 0.0 0.0 0.0 0.0 0.0 0.0 0.0 0.0 0.0 0.0 0.0 0.0 0.0 0.0 0.0 0.0 0.0 0.0 0.0 0.0 -4.865 -4.865 -4.865 -4.968 -4.968 -4.968 -4.968 -4.968 -4.968 -4.968 -4.968 -5.072 -5.072 -5.072 -5.072 -5.176 -5.176 -5.176 -5.383 -5.383 -5.59 -5.693 -5.797 -5.9 -5.797 -5.9 -5.9 -5.9 -6.004 -6.004 -6.004 -6.004 -6.004 -6.004 -6.004 -6.004 -6.004 -6.004 -6.004 -6.004 -6.004 -6.004 -6.107 -6.107 -6.107 -6.004 -6.004 -6.004 -6.004 -6.004 -6.004 -6.004 -6.004 -6.004 -6.004 -6.004 -6.004 -6.107 -6.004 -6.004 -6.004 -6.004 -6.107 -6.004 0.0 0.0 0.0 0.0 0.0 0.0 0.0 0.0 0.0 0.0 0.0 0.0 0.0 0.0 0.0 0.0 0.0 0.0 0.0 0.0 0.0 0.0 0.0 0.0 0.0 0.0 0.0 0.0 -5.279 -5.176 -5.176 -5.176 -5.176 -5.176 -5.279 -5.279 -5.383 -5.486 -5.486 -5.59 -5.59 -5.693 -5.693 -5.797 -5.797 -5.9 -5.9 -5.9 -5.9 -6.004 -5.9 -5.9 -5.9 -6.004 -5.9 -6.004 -6.004 -6.004 -6.004 -6.004 -6.004 -6.004 -6.004 -6.004 -6.107 -6.107 -6.107 -6.107 -6.107 -6.004 -6.004 -6.004 -6.004 -6.004 -6.004 -6.004 -6.004 -6.004 -6.004 -5.9 -5.9 -5.9 -6.004 -6.004 -5.9 -5.9 -5.9 -5.9 -5.9 -5.9 -5.9 -5.9 -5.9 -5.9 -5.9 -5.9 -5.9 -5.9 -5.9 -5.9 -5.9 -5.9 -5.797 -5.9 -5.9 -5.9 -5.9 -5.9 -5.9 -5.9 -5.797 -5.9 -5.9 -5.9 -5.797 -5.797 -5.797 -5.797 -5.797 -5.797 -5.9 -5.9 -5.9 -5.797 -5.797 -5.797 -5.9 -5.9 -5.9 -5.9 -5.9 -5.9 -5.797 
# name: power
# type: matrix
# rows: 1
# columns: 359
 0.0 0.0 11.076 10.973 10.973 11.076 10.973 10.973 10.973 10.973 11.076 11.076 11.076 11.076 11.076 11.18 11.18 11.18 11.283 11.387 11.49 11.49 11.594 11.697 11.801 11.801 11.801 0.0 0.0 0.0 0.0 0.0 0.0 0.0 0.0 0.0 0.0 0.0 0.0 0.0 0.0 0.0 0.0 0.0 0.0 0.0 0.0 0.0 0.0 0.0 0.0 0.0 0.0 0.0 0.0 0.0 0.0 0.0 0.0 0.0 0.0 0.0 0.0 0.0 0.0 0.0 0.0 0.0 0.0 0.0 0.0 0.0 0.0 0.0 0.0 0.0 0.0 0.0 0.0 0.0 0.0 0.0 0.0 0.0 0.0 0.0 0.0 0.0 0.0 0.0 0.0 0.0 0.0 0.0 0.0 0.0 0.0 0.0 0.0 0.0 0.0 0.0 0.0 0.0 0.0 0.0 0.0 0.0 0.0 0.0 0.0 0.0 0.0 0.0 0.0 0.0 0.0 0.0 0.0 0.0 0.0 0.0 0.0 0.0 0.0 0.0 0.0 0.0 0.0 0.0 0.0 0.0 0.0 0.0 0.0 0.0 0.0 0.0 0.0 0.0 0.0 0.0 0.0 0.0 0.0 0.0 0.0 0.0 0.0 0.0 0.0 0.0 0.0 0.0 0.0 0.0 0.0 0.0 0.0 0.0 0.0 0.0 11.283 11.076 11.076 11.18 11.18 11.18 11.076 11.18 11.18 11.076 11.18 11.18 11.18 11.283 11.283 11.283 11.387 11.387 11.49 11.697 11.801 11.904 12.008 12.111 12.111 12.215 12.215 12.215 12.318 12.318 12.318 12.318 12.318 12.318 12.422 12.422 12.422 12.422 12.422 12.318 12.318 12.318 12.318 12.318 12.422 12.318 12.318 12.318 12.318 12.318 12.318 12.318 12.318 12.318 12.318 12.215 12.215 12.215 12.215 12.215 12.215 12.215 12.215 12.215 0.0 0.0 0.0 0.0 0.0 0.0 0.0 0.0 0.0 0.0 0.0 0.0 0.0 0.0 0.0 0.0 0.0 0.0 0.0 0.0 0.0 0.0 0.0 0.0 0.0 0.0 0.0 0.0 11.387 11.283 11.283 11.283 11.283 11.387 11.387 11.49 11.594 11.594 11.697 11.801 11.801 11.904 11.904 12.008 12.008 12.111 12.111 12.111 12.215 12.215 12.215 12.215 12.215 12.215 12.215 12.215 12.215 12.215 12.215 12.215 12.215 12.215 12.215 12.215 12.215 12.215 12.215 12.215 12.215 12.215 12.215 12.215 12.111 12.215 12.215 12.215 12.215 12.215 12.111 12.111 12.111 12.111 12.215 12.111 12.111 12.111 12.111 12.111 12.111 12.111 12.111 12.111 12.111 12.111 12.111 12.111 12.111 12.111 12.111 12.008 12.111 12.008 12.008 12.008 12.008 12.008 12.008 12.008 12.008 12.008 12.008 12.008 12.008 12.008 12.008 12.008 12.008 12.008 11.904 11.904 11.904 11.904 11.904 11.904 11.904 11.904 11.904 11.904 11.904 11.904 11.904 11.904 11.904 
