# name: phAngle
# type: matrix
# rows: 1
# columns: 360
 0 0 0 0 341 346 346 333 333 333 333 333 333 333 346 346 346 346 346 346 346 346 346 346 346 346 346 346 346 346 346 346 346 346 346 346 346 346 346 346 346 346 346 346 346 346 346 346 346 346 346 346 346 346 346 346 346 346 346 346 346 346 346 346 346 346 346 346 346 346 346 346 346 346 346 346 346 346 346 346 346 346 346 346 346 346 346 346 346 346 346 346 346 346 346 346 346 346 346 346 346 346 346 346 346 346 0 0 0 0 0 0 0 0 0 0 0 0 0 0 0 0 0 0 0 0 0 0 0 0 0 0 0 0 0 0 0 0 0 0 0 0 0 0 0 0 0 0 338 338 338 338 338 338 338 338 338 333 346 346 346 346 346 346 346 346 346 346 346 346 346 346 333 333 333 333 333 333 333 346 346 346 346 346 346 346 346 346 346 346 346 346 346 346 346 346 346 346 346 346 346 346 346 346 346 346 346 346 346 346 346 346 346 346 346 346 346 346 346 346 346 346 346 346 346 346 346 346 346 346 346 346 346 346 346 346 346 346 346 346 346 346 346 346 346 346 346 346 346 346 346 346 346 346 346 346 346 346 346 346 346 346 346 346 346 346 346 346 346 346 346 346 346 346 346 346 346 346 346 346 346 346 346 346 346 346 346 346 346 346 346 346 346 346 346 346 346 346 346 346 346 346 346 346 346 346 346 346 346 346 346 346 346 346 346 346 346 346 346 346 346 346 346 346 346 346 346 346 346 346 346 346 346 346 346 346 346 346 346 346 346 346 346 346 346 346 346 346 346 0 0 0 0 0 0 0 0 0 0 0 
# name: freq
# type: matrix
# rows: 1
# columns: 360
 50.0 50.0 50.0 50.0 50.0 50.0 50.0 50.0 50.0 50.0 50.0 50.0 50.0 50.0 50.0 50.0 50.0 50.0 50.0 50.0 50.0 50.0 50.0 50.0 50.0 50.0 50.0 50.0 50.0 50.0 50.0 50.0 50.0 50.0 50.0 50.0 50.0 50.0 50.0 50.0 50.0 50.0 50.0 50.0 50.0 50.0 50.0 50.0 50.0 50.0 50.0 50.0 50.0 50.0 50.0 50.0 50.0 50.0 50.0 50.0 50.0 50.0 50.0 50.0 50.0 50.0 50.0 50.0 50.0 50.0 50.0 50.0 50.0 50.0 50.0 50.0 50.0 50.0 50.0 50.0 50.0 50.0 50.0 50.0 50.0 50.0 50.0 50.0 50.0 50.0 50.0 50.0 50.0 50.0 50.0 50.0 50.0 50.0 50.0 50.0 50.0 50.0 50.0 50.0 50.0 50.0 50.0 50.0 50.0 50.0 50.0 50.0 50.0 50.0 50.0 50.0 50.0 50.0 50.0 50.0 50.0 50.0 50.0 50.0 50.0 50.0 50.0 50.0 50.0 50.0 50.0 50.0 50.0 50.0 50.0 50.0 50.0 50.0 50.0 50.0 50.0 50.0 50.0 50.0 50.0 50.0 50.0 50.0 50.0 50.0 50.0 50.0 50.0 50.0 50.0 50.0 50.0 50.0 50.0 50.0 50.0 50.0 50.0 50.0 50.0 50.0 50.0 50.0 50.0 50.0 50.0 50.0 50.0 50.0 50.0 50.0 50.0 50.0 50.0 50.0 50.0 50.0 50.0 50.0 50.0 50.0 50.0 50.0 50.0 50.0 50.0 50.0 50.0 50.0 50.0 50.0 50.0 50.0 50.0 50.0 50.0 50.0 50.0 50.0 50.0 50.0 50.0 50.0 50.0 50.0 50.0 50.0 50.0 50.0 50.0 50.0 50.0 50.0 50.0 50.0 50.0 50.0 50.0 50.0 50.0 50.0 50.0 50.0 50.0 50.0 50.0 50.0 50.0 50.0 50.0 50.0 50.0 50.0 50.0 50.0 50.0 50.0 50.0 50.0 50.0 50.0 50.0 50.0 50.0 50.0 50.0 50.0 50.0 50.0 50.0 50.0 50.0 50.0 50.0 50.0 50.0 50.0 50.0 50.0 50.0 50.0 50.0 50.0 50.0 50.0 50.0 50.0 50.0 50.0 50.0 50.0 50.0 50.0 50.0 50.0 50.0 50.0 50.0 50.0 50.0 50.0 50.0 50.0 50.0 50.0 50.0 50.0 50.0 50.0 50.0 50.0 50.0 50.0 50.0 50.0 50.0 50.0 50.0 50.0 50.0 50.0 50.0 50.0 50.0 50.0 50.0 50.0 50.0 50.0 50.0 50.0 50.0 50.0 50.0 50.0 50.0 50.0 50.0 50.0 50.0 50.0 49.9 49.9 49.9 49.9 49.9 49.9 49.9 49.9 49.9 49.9 49.9 49.9 49.9 49.9 49.9 49.9 49.9 49.9 49.9 49.9 49.9 49.9 49.9 49.9 49.9 49.9 49.9 49.9 49.9 49.9 49.9 49.9 49.9 49.9 
# name: reacPower
# type: matrix
# rows: 1
# columns: 360
 0.0 0.0 0.0 0.0 -5.9 -3.83 -4.037 -4.14 -4.14 -4.14 -4.14 -4.14 -4.14 -4.14 -4.037 -4.037 -4.037 -4.037 -4.037 -4.037 -4.037 -4.037 -4.037 -4.037 -4.037 -4.037 -4.037 -4.037 -4.037 -4.037 -4.037 -4.037 -3.933 -4.037 -4.037 -3.933 -4.037 -4.037 -4.037 -3.933 -4.037 -3.933 -3.933 -4.037 -4.037 -3.933 -3.933 -3.933 -3.933 -3.933 -3.933 -3.933 -3.933 -3.933 -3.933 -3.933 -3.933 -3.933 -3.933 -3.933 -3.933 -3.933 -3.933 -3.933 -3.933 -3.933 -3.933 -3.933 -3.933 -3.933 -3.933 -3.933 -3.83 -3.933 -3.83 -3.83 -3.83 -3.83 -3.83 -3.83 -3.83 -3.83 -3.83 -3.83 -3.83 -3.83 -3.83 -3.83 -3.83 -3.83 -3.83 -3.83 -3.83 -3.83 -3.83 -3.83 -3.83 -3.83 -3.83 -3.83 -3.726 -3.726 -3.726 -3.83 -3.83 -3.83 0.0 0.0 0.0 0.0 0.0 0.0 0.0 0.0 0.0 0.0 0.0 0.0 0.0 0.0 0.0 0.0 0.0 0.0 0.0 0.0 0.0 0.0 0.0 0.0 0.0 0.0 0.0 0.0 0.0 0.0 0.0 0.0 0.0 0.0 0.0 0.0 0.0 0.0 0.0 0.0 0.0 0.0 -4.347 -4.451 -4.451 -4.554 -4.451 -4.451 -4.347 -4.244 -4.244 -4.14 -4.037 -4.037 -4.037 -3.933 -3.933 -3.933 -3.933 -4.037 -4.037 -4.037 -4.037 -4.037 -4.037 -4.037 -4.14 -4.14 -4.14 -4.14 -4.14 -4.14 -4.14 -4.037 -4.037 -4.037 -4.037 -4.037 -4.037 -4.037 -4.037 -4.037 -4.037 -4.037 -4.037 -4.037 -4.037 -4.037 -4.037 -3.933 -3.933 -3.933 -4.037 -4.037 -3.933 -3.933 -3.933 -4.037 -4.037 -4.037 -4.037 -4.037 -4.037 -4.037 -4.037 -4.037 -4.037 -4.037 -4.037 -4.037 -4.037 -4.037 -4.037 -3.933 -3.933 -3.933 -3.933 -3.933 -4.037 -3.933 -3.933 -3.933 -3.933 -3.933 -3.933 -3.933 -3.933 -3.933 -3.933 -3.933 -3.933 -3.933 -3.933 -3.933 -3.933 -3.933 -3.933 -3.933 -3.933 -3.933 -3.933 -3.933 -3.933 -3.933 -3.933 -3.933 -3.933 -3.933 -3.933 -3.933 -3.933 -3.933 -3.933 -3.933 -3.933 -3.933 -3.933 -3.933 -3.933 -3.933 -3.933 -3.933 -3.933 -3.933 -3.933 -3.933 -3.933 -3.933 -3.933 -3.933 -3.83 -3.933 -3.933 -3.933 -3.933 -3.933 -3.933 -3.933 -3.933 -3.83 -3.933 -3.933 -3.933 -3.933 -3.933 -3.933 -3.933 -3.933 -3.933 -3.933 -3.83 -3.933 -3.933 -3.933 -3.933 -3.933 -3.933 -3.933 -3.83 -3.933 -3.933 -3.933 -3.933 -3.933 -3.933 -3.933 -3.933 -3.933 -3.933 -3.933 -3.933 -3.933 -3.933 -3.933 -3.933 -3.933 -3.933 -3.933 -3.933 -3.933 -3.933 -3.933 -3.933 -3.933 -3.933 -3.933 -3.933 -3.933 -3.933 -3.933 -3.933 -3.933 -3.933 -3.933 -3.933 -3.933 -3.933 -3.933 -3.933 -3.933 -3.933 -3.933 -3.933 0.0 0.0 0.0 0.0 0.0 0.0 0.0 0.0 0.0 0.0 0.0 
# name: power
# type: matrix
# rows: 1
# columns: 360
 0.0 0.0 0.0 0.0 13.043 9.834 10.041 10.144 10.248 10.248 10.248 10.248 10.248 10.144 10.144 10.144 10.144 10.041 10.041 10.041 10.041 10.144 10.041 10.041 10.041 10.041 10.041 10.041 10.041 10.041 10.041 10.041 10.041 10.041 10.041 10.041 10.041 10.041 10.041 9.937 9.937 9.937 9.937 9.937 9.937 9.937 9.937 9.937 9.937 9.937 9.937 9.834 9.834 9.937 9.937 9.834 9.937 9.937 9.937 9.937 9.937 9.937 9.834 9.834 9.834 9.834 9.834 9.834 9.834 9.834 9.834 9.834 9.834 9.834 9.834 9.834 9.834 9.834 9.834 9.73 9.73 9.73 9.73 9.73 9.73 9.73 9.73 9.73 9.73 9.73 9.73 9.73 9.73 9.73 9.73 9.73 9.73 9.73 9.73 9.73 9.627 9.627 9.627 9.627 9.73 9.73 0.0 0.0 0.0 0.0 0.0 0.0 0.0 0.0 0.0 0.0 0.0 0.0 0.0 0.0 0.0 0.0 0.0 0.0 0.0 0.0 0.0 0.0 0.0 0.0 0.0 0.0 0.0 0.0 0.0 0.0 0.0 0.0 0.0 0.0 0.0 0.0 0.0 0.0 0.0 0.0 0.0 0.0 10.352 10.559 10.662 10.662 10.662 10.559 10.455 10.455 10.248 10.144 10.041 9.937 9.937 9.834 9.834 9.834 9.834 9.834 9.937 9.937 9.937 9.937 9.937 10.041 10.041 10.144 10.144 10.041 10.041 10.041 10.041 10.041 10.041 10.041 10.041 10.041 9.937 9.937 9.937 9.937 9.937 9.937 9.937 9.937 9.937 9.937 9.834 9.937 9.937 9.937 9.937 9.937 9.937 9.937 9.937 10.041 10.041 10.041 10.041 10.041 9.937 9.937 9.937 9.937 9.937 9.937 9.937 9.937 9.937 9.937 9.937 9.937 9.834 9.937 9.834 9.834 9.834 9.834 9.834 9.834 9.834 9.834 9.834 9.834 9.834 9.834 9.834 9.834 9.834 9.834 9.834 9.834 9.73 9.834 9.834 9.834 9.834 9.834 9.834 9.834 9.834 9.834 9.834 9.834 9.834 9.834 9.73 9.834 9.73 9.834 9.834 9.834 9.73 9.834 9.834 9.73 9.73 9.834 9.834 9.834 9.834 9.73 9.73 9.834 9.73 9.73 9.834 9.73 9.834 9.834 9.834 9.834 9.834 9.834 9.834 9.834 9.834 9.834 9.834 9.834 9.834 9.834 9.73 9.73 9.73 9.73 9.73 9.834 9.834 9.73 9.73 9.73 9.73 9.834 9.834 9.834 9.73 9.834 9.834 9.834 9.834 9.834 9.834 9.834 9.834 9.834 9.73 9.834 9.834 9.834 9.834 9.834 9.834 9.834 9.834 9.834 9.834 9.834 9.73 9.73 9.73 9.73 9.834 9.834 9.834 9.834 9.834 9.73 9.834 9.834 9.834 9.834 9.834 9.73 9.73 9.73 9.834 9.834 9.73 9.834 9.834 0.0 0.0 0.0 0.0 0.0 0.0 0.0 0.0 0.0 0.0 0.0 
