# name: phAngle
# type: matrix
# rows: 1
# columns: 359
 0 0 0 0 0 0 0 0 0 0 0 0 0 0 0 0 0 0 0 0 0 0 0 0 0 0 0 0 0 0 0 0 0 0 0 0 0 0 0 0 0 0 0 0 0 0 0 0 0 0 0 0 0 0 0 0 0 0 0 0 0 0 0 0 0 0 0 0 0 0 0 0 0 0 0 0 0 0 0 0 0 0 0 0 0 0 0 0 0 0 0 0 0 0 0 0 0 0 0 0 0 0 0 0 0 0 0 0 0 0 0 0 0 0 0 0 0 0 0 0 0 0 0 0 0 0 0 0 0 0 341 341 341 341 341 341 333 333 333 333 333 333 333 333 333 333 333 333 341 341 341 341 341 341 341 341 341 341 341 341 341 341 341 341 341 341 341 341 341 341 341 341 341 341 341 341 341 341 341 341 341 341 341 341 341 341 341 341 341 341 341 341 341 341 341 341 341 341 341 341 341 341 341 341 341 341 341 341 341 341 341 341 341 341 341 341 341 341 0 0 0 0 0 0 0 0 0 0 0 0 0 0 0 0 0 0 0 0 0 0 0 0 0 0 0 0 0 0 0 0 0 341 341 341 341 341 333 333 333 333 333 333 341 341 341 341 341 341 341 341 341 341 341 341 341 341 341 341 341 341 341 341 341 341 341 341 341 341 341 341 341 341 341 341 341 341 341 341 341 341 341 341 341 341 341 341 341 341 341 341 341 341 341 341 341 341 341 341 341 341 341 341 341 341 341 341 341 341 341 341 341 341 341 341 341 341 341 341 341 341 341 341 341 341 341 341 341 341 341 341 341 341 341 341 341 341 341 341 341 
# name: freq
# type: matrix
# rows: 1
# columns: 359
 50.0 50.0 50.0 50.0 50.0 50.0 50.0 50.0 50.0 50.0 50.0 50.0 50.0 50.0 50.1 50.0 50.0 50.0 50.0 50.0 50.0 50.0 50.0 50.0 50.0 50.0 50.0 50.0 50.0 50.0 50.0 50.0 50.0 50.0 50.0 50.0 50.0 50.0 50.0 50.0 50.0 50.0 50.0 50.0 50.0 50.0 50.0 50.0 50.0 50.1 50.0 50.0 50.0 50.0 50.0 50.0 50.0 50.0 50.1 50.0 50.0 50.0 50.0 50.1 50.0 50.0 50.1 50.0 50.0 50.1 50.1 50.0 50.1 50.1 50.0 50.1 50.0 50.1 50.1 50.0 50.1 50.1 50.1 50.1 50.0 50.1 50.1 50.1 50.0 50.1 50.1 50.0 50.0 50.0 50.0 50.0 50.1 50.1 50.1 50.1 50.0 50.0 50.0 50.1 50.0 50.0 50.0 50.0 50.0 50.0 50.0 50.0 50.0 50.0 50.0 50.0 50.0 50.0 50.0 50.0 50.0 50.0 50.0 50.0 50.0 50.0 50.0 50.0 50.0 50.0 50.0 50.0 50.0 50.0 49.9 50.0 50.0 50.0 50.0 50.0 50.0 50.0 49.9 50.0 50.0 50.0 50.0 50.0 50.0 50.0 50.0 50.0 50.0 50.0 50.0 50.0 50.0 50.0 50.0 50.0 50.0 50.0 50.0 50.0 50.0 50.0 50.0 50.0 50.0 50.0 50.0 50.0 50.0 50.0 50.0 50.0 50.0 50.0 50.0 50.0 50.0 50.0 50.0 50.0 50.0 50.0 50.0 50.0 50.0 50.0 50.0 50.0 50.0 50.0 50.0 50.0 50.0 50.0 50.0 50.0 50.0 50.0 50.0 50.0 50.0 50.0 50.0 50.0 50.0 50.0 50.0 50.0 50.0 50.0 50.0 50.0 50.0 50.0 50.0 50.0 50.0 50.0 50.0 50.0 50.0 50.0 50.0 50.0 50.0 50.0 50.0 50.0 50.0 50.0 50.0 50.0 50.0 50.0 50.0 50.0 50.0 50.0 50.0 50.0 50.0 50.0 50.0 50.0 50.0 50.0 50.0 50.0 50.0 50.0 50.0 50.0 50.0 50.0 50.0 50.0 50.0 50.0 50.0 50.0 50.0 50.0 50.0 50.0 50.0 50.0 50.0 50.0 50.0 50.0 50.0 50.0 50.0 50.0 50.0 50.0 50.0 50.0 50.0 50.0 50.0 50.0 50.0 50.0 50.0 50.0 50.0 50.0 50.0 50.0 50.0 50.0 50.0 50.0 50.0 50.0 50.0 50.0 50.0 50.0 50.0 50.0 50.0 50.0 50.0 50.0 50.0 50.0 50.0 50.0 50.0 50.0 50.0 50.0 50.0 50.0 50.0 50.0 50.0 50.0 50.0 50.0 50.0 50.0 50.0 50.0 50.0 50.0 50.0 50.0 50.0 50.0 50.0 50.0 50.0 50.0 50.0 50.0 50.0 50.0 50.0 50.0 50.0 50.0 50.0 50.0 50.0 50.0 50.0 50.0 50.0 50.0 50.0 50.0 50.0 
# name: reacPower
# type: matrix
# rows: 1
# columns: 359
 0.0 0.0 0.0 0.0 0.0 0.0 0.0 0.0 0.0 0.0 0.0 0.0 0.0 0.0 0.0 0.0 0.0 0.0 0.0 0.0 0.0 0.0 0.0 0.0 0.0 0.0 0.0 0.0 0.0 0.0 0.0 0.0 0.0 0.0 0.0 0.0 0.0 0.0 0.0 0.0 0.0 0.0 0.0 0.0 0.0 0.0 0.0 0.0 0.0 0.0 0.0 0.0 0.0 0.0 0.0 0.0 0.0 0.0 0.0 0.0 0.0 0.0 0.0 0.0 0.0 0.0 0.0 0.0 0.0 0.0 0.0 0.0 0.0 0.0 0.0 0.0 0.0 0.0 0.0 0.0 0.0 0.0 0.0 0.0 0.0 0.0 0.0 0.0 0.0 0.0 0.0 0.0 0.0 0.0 0.0 0.0 0.0 0.0 0.0 0.0 0.0 0.0 0.0 0.0 0.0 0.0 0.0 0.0 0.0 0.0 0.0 0.0 0.0 0.0 0.0 0.0 0.0 0.0 0.0 0.0 0.0 0.0 0.0 0.0 0.0 0.0 0.0 0.0 0.0 0.0 -5.099 -5.203 -5.412 -5.516 -5.724 -5.932 -6.036 -6.036 -6.036 -6.036 -6.036 -6.036 -6.036 -6.036 -6.036 -5.932 -5.932 -5.932 -5.828 -5.828 -5.828 -5.828 -5.828 -5.724 -5.724 -5.724 -5.62 -5.62 -5.62 -5.62 -5.62 -5.62 -5.62 -5.62 -5.62 -5.516 -5.62 -5.62 -5.62 -5.62 -5.62 -5.62 -5.62 -5.62 -5.724 -5.724 -5.62 -5.62 -5.62 -5.62 -5.62 -5.62 -5.62 -5.62 -5.62 -5.62 -5.62 -5.62 -5.62 -5.62 -5.62 -5.62 -5.62 -5.62 -5.62 -5.62 -5.62 -5.62 -5.62 -5.62 -5.62 -5.62 -5.62 -5.62 -5.62 -5.62 -5.62 -5.62 -5.62 -5.62 -5.62 -5.62 -5.62 -5.62 -5.62 -5.62 -5.62 -5.516 0.0 0.0 0.0 0.0 0.0 0.0 0.0 0.0 0.0 0.0 0.0 0.0 0.0 0.0 0.0 0.0 0.0 0.0 0.0 0.0 0.0 0.0 0.0 0.0 0.0 0.0 0.0 0.0 0.0 0.0 0.0 0.0 0.0 -5.203 -5.308 -5.516 -5.724 -5.828 -5.932 -6.036 -6.036 -6.036 -5.932 -5.932 -5.828 -5.828 -5.724 -5.724 -5.724 -5.724 -5.724 -5.724 -5.724 -5.62 -5.724 -5.724 -5.62 -5.62 -5.62 -5.62 -5.62 -5.62 -5.62 -5.724 -5.724 -5.724 -5.62 -5.62 -5.62 -5.62 -5.62 -5.62 -5.62 -5.62 -5.62 -5.62 -5.62 -5.62 -5.62 -5.62 -5.62 -5.62 -5.62 -5.62 -5.62 -5.62 -5.62 -5.62 -5.62 -5.62 -5.62 -5.516 -5.62 -5.516 -5.62 -5.516 -5.516 -5.516 -5.62 -5.516 -5.516 -5.516 -5.516 -5.516 -5.516 -5.516 -5.516 -5.516 -5.516 -5.516 -5.516 -5.516 -5.516 -5.516 -5.516 -5.516 -5.516 -5.516 -5.516 -5.516 -5.516 -5.516 -5.516 -5.516 -5.516 -5.516 -5.516 -5.516 -5.516 -5.516 -5.516 -5.516 -5.516 -5.516 -5.516 -5.516 -5.516 -5.516 -5.516 -5.516 -5.516 
# name: power
# type: matrix
# rows: 1
# columns: 359
 0.0 0.0 0.0 0.0 0.0 0.0 0.0 0.0 0.0 0.0 0.0 0.0 0.0 0.0 0.0 0.0 0.0 0.0 0.0 0.0 0.0 0.0 0.0 0.0 0.0 0.0 0.0 0.0 0.0 0.0 0.0 0.0 0.0 0.0 0.0 0.0 0.0 0.0 0.0 0.0 0.0 0.0 0.0 0.0 0.0 0.0 0.0 0.0 0.0 0.0 0.0 0.0 0.0 0.0 0.0 0.0 0.0 0.0 0.0 0.0 0.0 0.0 0.0 0.0 0.0 0.0 0.0 0.0 0.0 0.0 0.0 0.0 0.0 0.0 0.0 0.0 0.0 0.0 0.0 0.0 0.0 0.0 0.0 0.0 0.0 0.0 0.0 0.0 0.0 0.0 0.0 0.0 0.0 0.0 0.0 0.0 0.0 0.0 0.0 0.0 0.0 0.0 0.0 0.0 0.0 0.0 0.0 0.0 0.0 0.0 0.0 0.0 0.0 0.0 0.0 0.0 0.0 0.0 0.0 0.0 0.0 0.0 0.0 0.0 0.0 0.0 0.0 0.0 0.0 0.0 12.281 12.385 12.697 13.009 13.218 13.426 13.634 13.738 13.738 13.738 13.738 13.738 13.738 13.738 13.738 13.634 13.634 13.53 13.53 13.53 13.426 13.322 13.322 13.322 13.218 13.218 13.114 13.114 13.114 13.009 13.009 13.009 13.009 13.009 13.009 12.905 13.009 13.009 13.114 13.114 13.114 13.114 13.114 13.218 13.218 13.114 13.218 13.218 13.114 13.114 13.218 13.114 13.114 13.218 13.218 13.218 13.114 13.218 13.114 13.114 13.218 13.114 13.218 13.218 13.114 13.218 13.218 13.114 13.114 13.114 13.114 13.114 13.114 13.009 13.114 13.114 13.114 13.009 13.009 13.114 13.114 13.114 13.114 13.114 13.114 13.114 13.114 13.114 0.0 0.0 0.0 0.0 0.0 0.0 0.0 0.0 0.0 0.0 0.0 0.0 0.0 0.0 0.0 0.0 0.0 0.0 0.0 0.0 0.0 0.0 0.0 0.0 0.0 0.0 0.0 0.0 0.0 0.0 0.0 0.0 0.0 12.385 12.593 12.905 13.218 13.53 13.634 13.738 13.738 13.634 13.634 13.53 13.53 13.53 13.426 13.322 13.322 13.322 13.322 13.322 13.322 13.218 13.322 13.218 13.218 13.218 13.218 13.218 13.218 13.218 13.218 13.218 13.218 13.218 13.218 13.218 13.218 13.218 13.218 13.218 13.218 13.218 13.218 13.218 13.114 13.114 13.114 13.114 13.114 13.218 13.218 13.218 13.114 13.114 13.114 13.114 13.114 13.114 13.114 13.114 13.114 13.114 13.114 13.114 13.114 13.009 13.009 13.009 13.009 13.009 13.114 13.009 13.114 13.114 13.114 13.009 13.009 13.009 13.009 13.009 13.009 13.009 13.009 13.009 13.009 13.009 13.009 13.114 13.009 13.009 13.009 13.009 13.009 13.009 13.009 13.009 13.009 13.009 13.009 13.009 13.009 13.009 13.009 13.009 13.009 13.009 13.009 13.009 13.009 
