# name: phAngle
# type: matrix
# rows: 1
# columns: 330
 338 338 336 336 336 336 336 336 336 336 336 336 336 336 336 336 336 336 336 336 336 336 336 336 336 336 336 336 336 336 0 0 0 0 0 0 0 0 0 0 0 0 0 0 0 0 0 0 0 0 0 0 0 0 0 0 0 0 0 0 0 0 0 0 0 0 0 0 0 0 0 0 0 0 0 0 0 0 0 0 0 0 0 0 0 0 0 0 0 0 0 0 0 0 0 0 0 0 333 333 333 333 333 333 333 333 333 333 333 333 333 333 333 333 333 333 333 333 333 333 333 333 333 333 333 333 333 333 338 338 338 338 338 336 336 336 336 336 336 336 336 336 336 336 336 336 336 336 336 336 336 336 336 336 336 0 0 0 0 0 0 0 0 0 0 0 0 0 0 0 0 0 0 0 0 0 0 0 0 0 0 0 0 0 0 0 0 0 0 0 0 338 333 336 333 333 333 333 338 338 338 338 338 338 338 338 338 333 333 333 333 333 333 333 333 333 338 333 338 338 338 338 338 338 336 336 336 336 336 336 336 336 336 336 336 336 336 336 336 336 0 0 0 0 0 0 0 0 0 0 0 0 0 0 0 0 0 0 0 0 0 0 0 0 0 0 0 0 0 0 0 0 0 0 0 0 0 0 0 0 0 0 0 0 0 0 0 0 0 0 0 0 0 0 0 0 0 0 0 333 336 336 333 333 333 333 333 333 333 333 333 333 333 333 333 333 333 333 333 333 333 333 333 333 333 333 333 333 333 333 
# name: freq
# type: matrix
# rows: 1
# columns: 330
 49.9 49.9 49.9 49.9 49.9 49.9 49.9 49.9 50.0 50.0 50.0 50.0 50.0 50.0 50.0 50.0 50.0 50.0 50.0 50.0 50.0 49.9 49.9 50.0 50.0 50.0 50.0 50.0 50.0 50.0 50.0 50.0 50.0 50.0 50.0 50.0 50.0 50.0 50.0 50.0 50.0 50.0 50.0 50.0 50.0 50.0 50.0 50.0 50.0 50.0 50.0 50.0 50.0 50.0 50.0 50.0 50.0 50.0 50.0 50.0 50.0 50.0 50.0 50.0 50.0 50.0 50.0 50.0 50.0 50.0 50.0 50.0 50.0 50.0 50.0 50.0 50.0 50.0 50.0 50.0 50.0 50.0 50.0 50.0 50.0 50.0 50.0 50.0 50.0 50.0 50.0 50.0 50.0 50.0 50.0 50.0 50.0 50.0 50.0 50.0 50.0 50.0 50.0 50.0 50.0 50.0 50.0 50.0 50.0 50.0 50.0 50.0 50.0 50.0 50.0 50.0 50.0 50.0 50.0 50.0 50.0 50.0 50.0 50.0 50.0 50.0 50.0 50.0 50.0 50.0 50.0 50.0 50.0 50.0 50.0 50.0 50.0 50.0 50.0 50.0 50.0 50.0 50.0 50.0 50.0 50.0 50.0 50.0 50.0 50.0 50.0 50.0 50.0 50.0 50.0 50.0 50.0 50.0 50.0 50.0 50.0 50.0 50.0 50.0 50.0 50.0 50.0 50.0 50.0 50.0 50.0 50.0 50.0 50.0 50.0 50.0 50.0 50.0 50.0 50.0 50.0 50.0 50.0 50.0 50.0 50.0 50.0 50.0 50.0 50.0 50.0 50.0 50.0 50.0 50.0 50.0 50.0 50.0 50.0 50.0 50.0 50.0 50.0 50.0 50.0 50.0 50.0 50.0 50.0 50.0 50.0 50.0 50.0 50.0 50.0 50.0 50.0 50.0 50.0 50.0 50.0 50.0 50.0 50.0 50.0 50.0 50.0 50.0 50.0 50.0 50.0 50.0 50.0 50.0 50.0 50.0 50.0 50.0 50.0 50.0 50.0 50.0 50.0 50.0 50.0 50.0 50.0 50.0 50.0 50.0 50.0 50.0 50.0 50.0 50.0 50.0 50.0 50.0 50.0 50.0 50.0 50.0 50.0 50.0 50.0 50.0 50.0 50.0 50.0 50.0 50.0 50.0 50.0 50.0 50.0 50.0 50.0 50.0 50.0 50.0 50.0 50.0 50.0 50.0 50.0 50.0 50.0 50.0 50.0 50.0 50.0 50.0 50.0 50.0 50.0 50.0 50.0 50.0 50.0 50.0 50.0 50.0 50.0 50.0 50.0 50.0 50.0 50.0 50.0 50.0 50.0 50.0 50.0 50.0 50.0 50.0 50.0 50.0 50.0 50.0 50.0 50.0 50.0 50.0 50.0 50.0 50.0 50.0 50.0 50.0 
# name: reacPower
# type: matrix
# rows: 1
# columns: 330
 -10.144 -10.144 -10.041 -9.937 -10.041 -9.937 -9.73 -9.73 -9.627 -9.627 -9.523 -9.213 -9.109 -9.109 -9.006 -9.006 -9.006 -8.902 -8.695 -8.592 -8.592 -8.592 -8.592 -8.592 -8.488 -8.488 -8.385 -8.488 -8.385 -8.488 0.0 0.0 0.0 0.0 0.0 0.0 0.0 0.0 0.0 0.0 0.0 0.0 0.0 0.0 0.0 0.0 0.0 0.0 0.0 0.0 0.0 0.0 0.0 0.0 0.0 0.0 0.0 0.0 0.0 0.0 0.0 0.0 0.0 0.0 0.0 0.0 0.0 0.0 0.0 0.0 0.0 0.0 0.0 0.0 0.0 0.0 0.0 0.0 0.0 0.0 0.0 0.0 0.0 0.0 0.0 0.0 0.0 0.0 0.0 0.0 0.0 0.0 0.0 0.0 0.0 0.0 0.0 0.0 -10.869 -11.283 -11.387 -11.283 -11.076 -10.869 -10.766 -10.766 -10.662 -10.662 -10.559 -10.559 -10.662 -10.766 -10.766 -10.766 -10.869 -10.973 -10.973 -10.973 -10.973 -10.869 -10.766 -10.766 -10.662 -10.559 -10.455 -10.352 -10.248 -10.248 -10.248 -10.144 -10.144 -10.041 -9.937 -9.834 -9.834 -9.627 -9.627 -9.523 -9.523 -9.523 -9.523 -9.316 -9.213 -9.213 -9.109 -9.109 -9.006 -9.006 -9.109 -8.902 -9.109 -8.902 -8.799 -8.799 -8.799 0.0 0.0 0.0 0.0 0.0 0.0 0.0 0.0 0.0 0.0 0.0 0.0 0.0 0.0 0.0 0.0 0.0 0.0 0.0 0.0 0.0 0.0 0.0 0.0 0.0 0.0 0.0 0.0 0.0 0.0 0.0 0.0 0.0 0.0 0.0 0.0 -0.103 -11.283 -11.387 -11.283 -11.076 -10.662 -10.352 -10.041 -9.937 -10.041 -10.041 -10.041 -10.041 -10.144 -10.041 -10.144 -10.248 -10.352 -10.352 -10.352 -10.352 -10.352 -10.352 -10.352 -10.248 -10.248 -10.248 -10.248 -10.144 -10.144 -10.041 -10.041 -9.937 -9.937 -9.834 -9.73 -9.937 -9.627 -9.627 -9.627 -9.523 -9.523 -9.523 -9.523 -9.523 -9.523 -9.42 -9.523 -9.42 0.0 0.0 0.0 0.0 0.0 0.0 0.0 0.0 0.0 0.0 0.0 0.0 0.0 0.0 0.0 0.0 0.0 0.0 0.0 0.0 0.0 0.0 0.0 0.0 0.0 0.0 0.0 0.0 0.0 0.0 0.0 0.0 0.0 0.0 0.0 0.0 0.0 0.0 0.0 0.0 0.0 0.0 0.0 0.0 0.0 0.0 0.0 0.0 0.0 0.0 0.0 0.0 0.0 0.0 0.0 0.0 0.0 0.0 0.0 -11.18 -11.594 -11.49 -11.283 -11.283 -10.973 -10.662 -10.559 -10.352 -10.559 -10.662 -10.559 -10.559 -10.662 -10.662 -10.869 -10.973 -10.973 -11.076 -11.076 -11.076 -10.973 -10.869 -10.869 -10.766 -10.662 -10.662 -10.559 -10.559 -10.455 -10.455 
# name: power
# type: matrix
# rows: 1
# columns: 330
 20.704 20.6 20.497 20.393 20.289 20.289 20.186 20.082 19.979 19.979 19.772 19.461 19.358 19.047 18.944 18.944 18.84 18.944 18.737 18.737 18.737 18.737 18.737 18.737 18.633 18.633 18.53 18.633 18.53 18.53 0.0 0.0 0.0 0.0 0.0 0.0 0.0 0.0 0.0 0.0 0.0 0.0 0.0 0.0 0.0 0.0 0.0 0.0 0.0 0.0 0.0 0.0 0.0 0.0 0.0 0.0 0.0 0.0 0.0 0.0 0.0 0.0 0.0 0.0 0.0 0.0 0.0 0.0 0.0 0.0 0.0 0.0 0.0 0.0 0.0 0.0 0.0 0.0 0.0 0.0 0.0 0.0 0.0 0.0 0.0 0.0 0.0 0.0 0.0 0.0 0.0 0.0 0.0 0.0 0.0 0.0 0.0 0.0 21.946 22.463 22.463 22.36 22.153 21.842 21.635 21.739 21.428 21.532 21.428 21.428 21.325 21.635 21.635 21.635 21.739 21.946 21.946 22.049 21.946 21.739 21.739 21.532 21.532 21.428 21.428 21.221 21.221 21.118 21.118 20.911 20.911 20.704 20.704 20.497 20.497 20.289 20.289 20.186 20.082 19.979 19.772 19.875 19.772 19.668 19.668 19.565 19.461 19.358 19.358 19.254 19.254 19.254 19.151 19.151 19.151 0.0 0.0 0.0 0.0 0.0 0.0 0.0 0.0 0.0 0.0 0.0 0.0 0.0 0.0 0.0 0.0 0.0 0.0 0.0 0.0 0.0 0.0 0.0 0.0 0.0 0.0 0.0 0.0 0.0 0.0 0.0 0.0 0.0 0.0 0.0 0.0 0.414 22.463 22.774 22.567 22.256 21.739 21.221 20.911 20.807 20.911 20.911 20.807 20.911 20.911 20.911 20.807 21.118 21.221 21.221 21.221 21.325 21.118 21.118 21.118 21.014 21.118 21.118 21.014 20.911 20.911 20.807 20.704 20.6 20.6 20.497 20.393 20.289 20.289 20.289 20.186 20.082 19.979 20.082 19.979 20.082 19.875 19.875 19.875 19.875 0.0 0.0 0.0 0.0 0.0 0.0 0.0 0.0 0.0 0.0 0.0 0.0 0.0 0.0 0.0 0.0 0.0 0.0 0.0 0.0 0.0 0.0 0.0 0.0 0.0 0.0 0.0 0.0 0.0 0.0 0.0 0.0 0.0 0.0 0.0 0.0 0.0 0.0 0.0 0.0 0.0 0.0 0.0 0.0 0.0 0.0 0.0 0.0 0.0 0.0 0.0 0.0 0.0 0.0 0.0 0.0 0.0 0.0 0.0 22.36 22.878 22.774 22.36 22.153 21.739 21.532 21.428 21.221 21.325 21.428 21.428 21.428 21.532 21.635 21.842 21.946 21.946 22.049 22.153 22.049 21.946 21.842 21.739 21.739 21.635 21.635 21.532 21.428 21.325 21.221 
