# name: phAngle
# type: matrix
# rows: 1
# columns: 357
 336 336 336 336 336 336 336 336 336 336 336 336 336 336 336 336 336 336 336 336 336 336 336 336 336 336 336 336 336 336 336 336 336 336 336 336 336 333 333 333 333 333 333 333 333 333 333 333 333 333 333 333 333 333 333 333 333 333 333 333 333 333 333 333 333 333 333 333 333 333 333 333 333 0 0 0 0 0 0 0 0 0 0 0 0 0 0 0 0 0 0 0 0 0 0 0 0 0 0 0 0 0 0 0 0 0 0 0 0 0 0 0 333 336 336 333 333 333 333 338 338 338 336 336 336 338 338 338 338 338 338 338 338 333 333 333 333 338 338 338 338 338 338 336 336 336 336 336 336 336 336 336 336 336 336 336 336 336 336 336 336 336 336 336 336 336 336 336 336 336 336 336 336 336 336 336 336 336 336 336 336 336 336 336 336 336 336 336 336 336 336 336 336 336 336 336 336 336 336 336 336 336 336 336 0 0 0 0 0 0 0 0 0 0 0 0 0 0 0 0 0 0 0 0 0 0 0 0 0 0 0 0 0 0 0 0 0 0 0 333 336 336 336 333 333 338 338 336 336 336 336 336 336 338 338 338 338 338 338 338 338 338 338 338 338 336 336 336 336 336 336 336 336 336 336 336 336 336 336 336 336 336 336 336 336 336 336 336 336 336 336 336 336 336 336 336 336 336 336 336 336 336 336 336 336 336 336 336 336 336 336 336 336 336 336 336 336 336 336 336 336 333 333 333 336 333 333 333 0 0 0 0 0 0 0 0 0 0 0 0 0 0 0 0 0 0 0 0 0 0 0 0 0 0 0 0 0 
# name: freq
# type: matrix
# rows: 1
# columns: 357
 50.0 50.0 50.0 50.0 50.0 50.0 50.0 50.0 50.0 50.0 50.0 50.0 50.0 50.0 50.0 50.0 50.0 50.0 50.0 50.0 50.0 50.0 50.0 50.0 50.0 50.0 50.0 50.0 50.0 50.0 50.0 50.0 50.0 50.0 50.0 50.0 50.0 50.0 50.0 50.0 50.0 50.0 50.0 50.0 50.0 50.0 50.0 50.0 50.0 50.0 50.0 50.0 50.0 50.0 50.0 50.0 50.0 50.0 50.0 50.0 50.0 50.0 50.0 50.0 50.0 50.0 50.0 50.0 50.0 50.0 50.0 50.0 50.0 50.0 50.0 50.0 50.0 50.0 50.0 50.0 50.0 50.0 50.0 50.0 50.0 50.0 50.0 49.9 50.0 50.0 50.0 50.0 50.0 50.0 50.0 50.0 50.0 50.0 50.0 50.0 50.0 50.0 50.0 50.0 50.0 50.0 50.0 50.0 50.0 50.0 50.0 50.0 50.0 50.0 50.0 50.0 50.0 50.0 50.0 50.0 50.0 50.0 50.0 50.0 50.0 50.0 50.0 50.0 50.0 50.0 50.0 50.0 50.0 50.0 50.0 50.0 50.0 50.0 50.0 50.0 50.0 50.0 50.0 50.0 49.9 50.0 50.0 50.0 50.0 50.0 50.0 50.0 50.0 50.0 50.0 50.0 50.0 50.0 50.0 50.0 50.0 50.0 50.0 50.0 50.0 50.0 50.0 50.0 50.0 50.0 50.0 50.0 50.0 50.0 50.0 50.0 50.0 50.0 50.0 50.0 50.0 50.0 50.0 50.0 50.0 50.0 50.0 50.0 50.0 50.0 50.0 50.0 50.0 50.0 50.0 50.0 50.0 50.0 50.0 50.0 50.0 50.0 50.0 50.0 50.0 50.0 50.0 50.0 50.0 50.0 50.0 50.0 50.0 50.0 50.0 50.0 50.0 50.0 50.0 50.0 50.0 50.0 50.0 50.0 50.0 50.0 50.0 50.0 50.0 50.0 50.0 50.0 50.0 50.0 50.0 50.0 50.0 50.0 50.0 50.0 50.0 50.0 50.0 50.0 50.0 50.0 50.0 50.0 50.0 50.0 50.0 50.0 50.0 50.0 50.0 50.0 50.0 50.0 50.0 50.0 50.0 50.0 50.0 50.0 50.0 50.0 50.0 50.0 50.0 50.0 50.0 50.0 50.0 50.0 50.0 50.0 50.0 50.0 50.0 50.0 50.0 50.0 50.0 50.0 50.0 50.0 50.0 50.0 50.0 50.0 50.0 50.0 50.0 50.0 50.0 50.0 50.0 50.0 50.0 50.0 50.0 50.0 50.0 50.0 50.0 50.0 50.0 50.0 50.0 50.0 50.0 50.0 50.0 50.0 50.0 50.0 50.0 50.0 50.0 50.0 50.0 50.0 50.0 50.0 50.0 50.0 50.0 50.0 50.0 50.0 50.0 50.0 50.0 50.0 50.0 50.0 50.0 50.0 50.0 50.0 50.0 50.0 50.0 50.0 50.0 50.0 50.0 50.0 50.0 50.0 50.0 50.0 50.0 50.0 50.0 50.0 50.0 
# name: reacPower
# type: matrix
# rows: 1
# columns: 357
 -9.213 -9.213 -9.213 -9.109 -9.109 -9.006 -9.006 -9.006 -9.109 -9.006 -9.006 -8.902 -9.006 -8.902 -8.799 -8.799 -8.799 -8.695 -8.592 -8.592 -8.592 -8.592 -8.592 -8.592 -8.592 -8.488 -8.488 -8.592 -8.488 -8.488 -8.488 -8.488 -8.488 -8.592 -8.385 -8.385 -8.385 -8.385 -8.385 -8.385 -8.385 -8.385 -8.281 -8.281 -8.281 -8.281 -8.281 -8.488 -8.385 -8.281 -8.281 -8.281 -8.281 -8.281 -8.281 -8.281 -8.281 -8.281 -8.281 -8.281 -8.281 -8.281 -8.281 -8.281 -8.281 -8.281 -8.281 -8.281 -8.281 -8.385 -8.385 -8.281 -8.385 0.0 0.0 0.0 0.0 0.0 0.0 0.0 0.0 0.0 0.0 0.0 0.0 0.0 0.0 0.0 0.0 0.0 0.0 0.0 0.0 0.0 0.0 0.0 0.0 0.0 0.0 0.0 0.0 0.0 0.0 0.0 0.0 0.0 0.0 0.0 0.0 0.0 0.0 0.0 -11.283 -11.49 -11.387 -11.387 -10.766 -10.766 -10.455 -10.144 -10.144 -10.041 -9.834 -9.834 -9.73 -9.834 -9.937 -10.041 -10.144 -10.144 -10.144 -10.144 -10.144 -10.352 -10.352 -10.352 -10.352 -10.248 -10.144 -10.041 -9.937 -9.937 -9.834 -9.73 -9.627 -9.523 -9.523 -9.523 -9.42 -9.316 -9.316 -9.213 -9.213 -9.109 -9.109 -9.109 -9.006 -8.902 -8.902 -8.799 -8.799 -8.902 -8.799 -8.799 -8.695 -8.695 -8.695 -8.695 -8.695 -8.592 -8.592 -8.592 -8.695 -8.592 -8.592 -8.592 -8.592 -8.488 -8.488 -8.488 -8.488 -8.488 -8.488 -8.385 -8.488 -8.385 -8.385 -8.385 -8.385 -8.385 -8.385 -8.385 -8.385 -8.385 -8.385 -8.385 -8.385 -8.385 -8.281 -8.385 -8.281 -8.385 -8.281 -8.281 0.0 0.0 0.0 0.0 0.0 0.0 0.0 0.0 0.0 0.0 0.0 0.0 0.0 0.0 0.0 0.0 0.0 0.0 0.0 0.0 0.0 0.0 0.0 0.0 0.0 0.0 0.0 0.0 0.0 0.0 0.0 0.0 0.0 0.0 0.0 -11.18 -11.49 -11.49 -11.283 -10.869 -10.352 -10.144 -9.937 -9.73 -9.627 -9.42 -9.42 -9.523 -9.73 -9.834 -9.937 -10.041 -10.144 -10.144 -10.144 -10.144 -10.144 -10.041 -10.041 -10.041 -9.937 -9.834 -9.834 -9.73 -9.627 -9.627 -9.523 -9.42 -9.42 -9.42 -9.316 -9.213 -9.213 -9.109 -9.109 -9.109 -9.006 -9.006 -8.902 -8.902 -9.006 -8.799 -8.799 -8.799 -8.799 -8.799 -8.695 -8.695 -8.695 -8.695 -8.695 -8.592 -8.592 -8.488 -8.488 -8.488 -8.592 -8.488 -8.488 -8.592 -8.488 -8.488 -8.488 -8.488 -8.385 -8.488 -8.488 -8.385 -8.488 -8.385 -8.488 -8.385 -8.385 -8.385 -8.385 -8.385 -8.385 -8.385 -8.281 -8.385 -8.385 -8.281 -8.281 -2.07 0.0 0.0 0.0 0.0 0.0 0.0 0.0 0.0 0.0 0.0 0.0 0.0 0.0 0.0 0.0 0.0 0.0 0.0 0.0 0.0 0.0 0.0 0.0 0.0 0.0 0.0 0.0 0.0 0.0 
# name: power
# type: matrix
# rows: 1
# columns: 357
 19.668 19.772 19.565 19.565 19.565 19.461 19.358 19.461 19.358 19.254 19.358 19.151 19.151 19.047 19.151 19.047 18.944 18.944 18.944 18.944 18.84 18.84 18.84 18.84 18.737 18.737 18.737 18.737 18.737 18.737 18.633 18.633 18.633 18.633 18.633 18.633 18.633 18.53 18.426 18.426 18.426 18.426 18.426 18.426 18.426 18.426 18.426 18.426 18.426 18.426 18.426 18.426 18.426 18.426 18.426 18.426 18.426 18.426 18.426 18.426 18.323 18.323 18.323 18.323 18.426 18.426 18.426 18.426 18.426 18.426 18.426 18.426 18.426 0.0 0.0 0.0 0.0 0.0 0.0 0.0 0.0 0.0 0.0 0.0 0.0 0.0 0.0 0.0 0.0 0.0 0.0 0.0 0.0 0.0 0.0 0.0 0.0 0.0 0.0 0.0 0.0 0.0 0.0 0.0 0.0 0.0 0.0 0.0 0.0 0.0 0.0 0.0 22.463 22.774 22.67 22.36 21.842 21.842 21.428 21.014 20.807 20.704 20.497 20.6 20.497 20.704 20.807 20.911 21.014 21.014 21.118 21.118 21.118 21.325 21.325 21.325 21.325 21.118 21.118 21.014 20.807 20.807 20.6 20.497 20.393 20.289 20.186 20.082 19.979 19.979 19.875 19.875 19.668 19.668 19.668 19.565 19.461 19.461 19.461 19.358 19.358 19.254 19.254 19.151 19.151 19.151 19.047 19.047 19.047 19.047 18.944 18.944 18.84 18.944 18.944 18.84 18.84 18.84 18.84 18.84 18.737 18.84 18.737 18.737 18.737 18.737 18.737 18.737 18.633 18.633 18.633 18.633 18.633 18.633 18.633 18.53 18.633 18.633 18.53 18.53 18.633 18.633 18.53 18.53 0.0 0.0 0.0 0.0 0.0 0.0 0.0 0.0 0.0 0.0 0.0 0.0 0.0 0.0 0.0 0.0 0.0 0.0 0.0 0.0 0.0 0.0 0.0 0.0 0.0 0.0 0.0 0.0 0.0 0.0 0.0 0.0 0.0 0.0 0.0 22.567 22.981 22.878 22.67 22.153 21.532 21.118 20.911 20.6 20.393 20.186 20.186 20.393 20.497 20.704 20.807 21.014 21.014 21.014 21.118 21.014 21.014 20.911 20.911 20.807 20.704 20.6 20.497 20.393 20.393 20.289 20.289 20.186 20.082 19.979 19.979 19.875 19.875 19.772 19.668 19.668 19.565 19.565 19.461 19.461 19.358 19.358 19.254 19.254 19.254 19.151 19.151 19.151 19.151 19.151 19.047 19.047 19.047 19.047 18.944 18.944 18.944 18.944 18.84 18.84 18.84 18.84 18.84 18.84 18.84 18.84 18.737 18.737 18.737 18.633 18.633 18.737 18.633 18.633 18.53 18.53 18.53 18.426 18.53 18.53 18.53 18.53 18.53 4.761 0.0 0.0 0.0 0.0 0.0 0.0 0.0 0.0 0.0 0.0 0.0 0.0 0.0 0.0 0.0 0.0 0.0 0.0 0.0 0.0 0.0 0.0 0.0 0.0 0.0 0.0 0.0 0.0 0.0 
