# name: phAngle
# type: matrix
# rows: 1
# columns: 359
 333 333 333 333 333 333 333 333 333 333 333 333 333 333 333 333 333 333 333 333 333 333 333 333 333 333 333 333 333 333 333 333 333 333 333 333 0 0 0 0 0 0 0 0 0 0 0 0 0 0 0 0 0 0 0 0 0 0 0 0 0 0 0 0 0 0 0 0 0 0 0 0 336 336 336 336 333 333 333 331 336 336 336 336 336 336 336 333 333 336 336 336 336 336 336 336 336 336 336 336 336 336 0 0 0 0 0 0 0 0 0 0 0 0 0 0 0 0 0 0 0 0 0 0 336 336 336 333 333 333 333 331 336 336 336 336 336 336 336 336 336 336 336 336 336 336 336 336 336 336 336 336 336 336 336 336 336 336 336 336 336 336 336 333 333 333 333 333 333 333 333 333 333 333 333 333 333 333 333 333 333 333 333 333 333 333 333 333 333 333 333 333 333 333 333 333 333 333 333 333 333 333 333 333 333 333 333 333 333 333 333 333 333 333 333 333 333 333 333 333 333 333 333 333 333 333 333 0 0 0 0 0 0 0 0 0 0 0 0 0 0 0 0 0 0 0 0 0 0 0 0 0 0 0 0 0 0 0 0 0 0 0 0 0 0 0 0 0 0 0 0 0 0 0 0 0 0 0 0 0 0 0 0 0 0 0 0 0 0 0 0 0 0 0 0 0 0 0 0 0 0 0 0 0 0 0 0 0 0 0 0 0 0 0 0 0 0 0 0 0 0 0 0 0 0 0 0 0 0 0 0 0 0 0 0 0 0 0 0 0 0 0 0 0 0 0 0 0 0 0 0 0 0 0 0 0 0 0 0 
# name: freq
# type: matrix
# rows: 1
# columns: 359
 50.0 50.0 50.0 50.0 50.0 50.0 50.0 50.0 50.0 50.0 50.0 50.0 50.0 50.0 50.0 50.0 50.0 50.0 50.0 50.0 50.0 50.0 50.0 50.0 50.0 50.0 50.0 50.0 50.0 50.0 50.0 50.0 50.0 50.0 50.0 50.0 50.0 50.0 50.0 50.0 50.0 50.0 50.0 50.0 50.0 50.0 49.9 50.0 49.9 50.0 50.0 50.0 49.9 50.0 49.9 50.0 50.0 50.0 50.0 50.0 49.9 50.0 50.0 50.0 50.0 50.0 50.0 50.0 49.9 50.0 50.0 50.0 50.0 50.0 49.9 50.0 49.9 50.0 50.0 50.0 49.9 49.9 49.9 50.0 49.9 50.0 50.0 50.0 49.9 49.9 49.9 50.0 49.9 49.9 49.9 49.9 49.9 50.0 49.9 49.9 49.9 49.9 49.9 50.0 49.9 50.0 49.9 49.9 49.9 49.9 49.9 49.9 49.9 49.9 49.9 49.9 50.0 50.0 49.9 50.0 49.9 49.9 49.9 50.0 50.0 50.0 50.0 50.0 50.0 50.0 50.0 50.0 50.0 50.0 50.0 50.0 50.0 50.0 50.0 50.0 50.0 50.0 50.0 50.0 50.0 50.0 50.0 50.0 50.0 50.0 50.0 50.0 50.0 50.0 50.0 50.0 50.0 50.0 50.0 50.0 50.0 50.0 50.1 50.0 50.0 50.0 50.0 50.0 50.0 50.0 50.0 50.0 50.0 50.0 50.0 50.0 50.0 50.1 50.1 50.0 50.0 50.1 50.0 50.0 50.0 50.1 50.0 50.0 50.0 50.0 50.0 50.0 50.0 50.0 50.0 50.0 50.0 50.0 50.0 50.0 50.0 50.0 50.0 50.0 50.0 50.0 50.0 50.0 50.0 50.0 50.0 50.0 50.0 50.0 50.0 50.0 50.0 50.0 50.0 50.0 50.0 50.0 50.0 50.0 50.0 50.0 50.0 50.0 50.0 50.0 50.0 50.0 50.0 50.0 50.0 50.0 50.0 50.0 50.0 50.0 50.0 50.0 50.0 50.0 50.0 50.0 50.0 50.0 50.0 50.0 50.0 50.0 50.0 50.0 50.0 50.0 50.0 50.0 50.0 50.0 50.0 50.0 50.0 50.0 50.0 50.0 50.0 50.0 50.0 50.0 50.0 50.0 50.0 50.0 50.0 50.0 50.0 50.0 50.0 50.0 50.0 50.0 50.0 50.0 50.0 50.0 50.0 50.0 50.0 50.0 50.0 50.0 50.0 50.0 50.0 50.0 50.0 50.0 50.0 50.0 50.0 50.0 50.0 50.0 50.0 50.0 50.0 50.0 50.0 50.0 50.0 50.0 50.0 50.0 50.0 50.0 50.0 50.0 50.0 50.0 50.0 50.0 50.0 50.0 50.0 50.0 50.0 50.0 50.0 50.0 50.0 50.0 50.0 50.0 49.9 50.0 50.0 50.0 50.0 50.0 50.0 50.0 50.0 50.0 50.0 50.0 50.0 50.0 50.0 50.0 50.0 50.0 50.0 50.0 50.0 50.0 50.0 50.0 50.0 
# name: reacPower
# type: matrix
# rows: 1
# columns: 359
 -11.076 -11.076 -11.076 -11.076 -10.973 -11.076 -10.973 -10.973 -11.076 -11.076 -11.076 -11.076 -11.076 -10.973 -10.973 -10.973 -10.973 -10.973 -11.076 -10.973 -10.973 -10.973 -11.076 -10.973 -10.973 -10.973 -10.869 -10.973 -10.973 -10.973 -10.973 -10.973 -10.973 -10.973 -10.973 -10.973 0.0 0.0 0.0 0.0 0.0 0.0 0.0 0.0 0.0 0.0 0.0 0.0 0.0 0.0 0.0 0.0 0.0 0.0 0.0 0.0 0.0 0.0 0.0 0.0 0.0 0.0 0.0 0.0 0.0 0.0 0.0 0.0 0.0 0.0 0.0 0.0 -11.18 -11.387 -11.904 -12.318 -12.629 -12.836 -12.733 -12.422 -12.111 -11.801 -11.594 -11.387 -11.283 -11.18 -11.18 -11.076 -11.076 -11.18 -11.18 -11.18 -11.283 -11.283 -11.283 -11.283 -11.283 -11.283 -11.283 -11.283 -11.18 -11.18 0.0 0.0 0.0 0.0 0.0 0.0 0.0 0.0 0.0 0.0 0.0 0.0 0.0 0.0 0.0 0.0 0.0 0.0 0.0 0.0 0.0 0.0 -11.594 -11.697 -12.215 -12.629 -12.836 -12.94 -12.836 -12.422 -12.111 -11.801 -11.697 -11.49 -11.49 -11.49 -11.49 -11.49 -11.49 -11.49 -11.49 -11.387 -11.387 -11.387 -11.387 -11.283 -11.18 -11.387 -11.283 -11.18 -11.283 -11.18 -11.18 -11.18 -11.18 -11.18 -11.18 -11.18 -11.18 -11.076 -11.076 -11.076 -11.076 -10.973 -10.973 -10.973 -10.973 -10.973 -10.973 -10.973 -10.973 -10.973 -10.973 -10.973 -10.973 -10.869 -10.973 -10.869 -10.973 -10.869 -10.869 -10.973 -10.973 -10.869 -10.869 -10.869 -10.869 -10.869 -10.869 -10.869 -10.869 -10.869 -10.869 -10.869 -10.869 -10.869 -10.869 -10.869 -10.869 -10.869 -10.766 -10.869 -10.869 -10.869 -10.766 -10.766 -10.766 -10.869 -10.869 -10.869 -10.766 -10.869 -10.766 -10.766 -10.766 -10.766 -10.766 -10.766 -10.766 -10.766 -10.766 -10.662 -10.559 -10.662 -10.662 0.0 0.0 0.0 0.0 0.0 0.0 0.0 0.0 0.0 0.0 0.0 0.0 0.0 0.0 0.0 0.0 0.0 0.0 0.0 0.0 0.0 0.0 0.0 0.0 0.0 0.0 0.0 0.0 0.0 0.0 0.0 0.0 0.0 0.0 0.0 0.0 0.0 0.0 0.0 0.0 0.0 0.0 0.0 0.0 0.0 0.0 0.0 0.0 0.0 0.0 0.0 0.0 0.0 0.0 0.0 0.0 0.0 0.0 0.0 0.0 0.0 0.0 0.0 0.0 0.0 0.0 0.0 0.0 0.0 0.0 0.0 0.0 0.0 0.0 0.0 0.0 0.0 0.0 0.0 0.0 0.0 0.0 0.0 0.0 0.0 0.0 0.0 0.0 0.0 0.0 0.0 0.0 0.0 0.0 0.0 0.0 0.0 0.0 0.0 0.0 0.0 0.0 0.0 0.0 0.0 0.0 0.0 0.0 0.0 0.0 0.0 0.0 0.0 0.0 0.0 0.0 0.0 0.0 0.0 0.0 0.0 0.0 0.0 0.0 0.0 0.0 0.0 0.0 0.0 0.0 0.0 0.0 
# name: power
# type: matrix
# rows: 1
# columns: 359
 22.67 22.567 22.567 22.567 22.567 22.567 22.567 22.567 22.567 22.567 22.567 22.463 22.463 22.463 22.463 22.463 22.463 22.463 22.463 22.463 22.463 22.463 22.463 22.463 22.463 22.463 22.463 22.463 22.463 22.463 22.463 22.463 22.463 22.463 22.463 22.463 0.0 0.0 0.0 0.0 0.0 0.0 0.0 0.0 0.0 0.0 0.0 0.0 0.0 0.0 0.0 0.0 0.0 0.0 0.0 0.0 0.0 0.0 0.0 0.0 0.0 0.0 0.0 0.0 0.0 0.0 0.0 0.0 0.0 0.0 0.0 0.0 22.774 23.188 23.809 24.327 24.844 25.155 25.155 24.637 24.12 23.706 23.395 23.085 22.981 22.774 22.67 22.567 22.567 22.67 22.774 22.878 22.878 22.878 22.878 22.981 22.981 22.878 22.981 22.878 22.878 22.878 0.0 0.0 0.0 0.0 0.0 0.0 0.0 0.0 0.0 0.0 0.0 0.0 0.0 0.0 0.0 0.0 0.0 0.0 0.0 0.0 0.0 0.0 23.395 23.395 24.223 24.844 25.155 25.258 25.051 24.637 24.12 23.706 23.499 23.188 23.188 23.292 23.292 23.188 23.188 23.188 23.188 23.085 23.085 22.981 23.085 22.981 22.981 23.085 23.085 22.981 22.981 22.878 22.878 22.878 22.878 22.878 22.878 22.774 22.774 22.774 22.774 22.67 22.567 22.567 22.567 22.463 22.567 22.463 22.463 22.463 22.463 22.463 22.463 22.463 22.463 22.36 22.36 22.36 22.36 22.36 22.463 22.463 22.463 22.256 22.36 22.36 22.36 22.256 22.36 22.36 22.256 22.256 22.256 22.36 22.256 22.36 22.36 22.256 22.256 22.256 22.153 22.256 22.36 22.36 22.256 22.256 22.256 22.36 22.36 22.36 22.256 22.36 22.36 22.256 22.256 22.256 22.256 22.256 22.153 22.256 22.256 22.153 22.049 22.049 22.049 0.0 0.0 0.0 0.0 0.0 0.0 0.0 0.0 0.0 0.0 0.0 0.0 0.0 0.0 0.0 0.0 0.0 0.0 0.0 0.0 0.0 0.0 0.0 0.0 0.0 0.0 0.0 0.0 0.0 0.0 0.0 0.0 0.0 0.0 0.0 0.0 0.0 0.0 0.0 0.0 0.0 0.0 0.0 0.0 0.0 0.0 0.0 0.0 0.0 0.0 0.0 0.0 0.0 0.0 0.0 0.0 0.0 0.0 0.0 0.0 0.0 0.0 0.0 0.0 0.0 0.0 0.0 0.0 0.0 0.0 0.0 0.0 0.0 0.0 0.0 0.0 0.0 0.0 0.0 0.0 0.0 0.0 0.0 0.0 0.0 0.0 0.0 0.0 0.0 0.0 0.0 0.0 0.0 0.0 0.0 0.0 0.0 0.0 0.0 0.0 0.0 0.0 0.0 0.0 0.0 0.0 0.0 0.0 0.0 0.0 0.0 0.0 0.0 0.0 0.0 0.0 0.0 0.0 0.0 0.0 0.0 0.0 0.0 0.0 0.0 0.0 0.0 0.0 0.0 0.0 0.0 0.0 
