# name: phAngle
# type: matrix
# rows: 1
# columns: 359
 0 0 0 0 0 0 0 0 0 0 0 0 0 0 0 0 0 0 0 0 346 333 333 333 333 333 333 333 333 333 333 333 333 333 333 333 333 333 333 333 333 333 333 333 333 333 333 333 333 333 333 333 333 333 333 333 333 333 333 333 333 333 333 333 333 333 333 333 333 333 333 333 333 333 333 333 333 333 333 333 333 333 333 333 333 333 333 333 333 333 333 333 333 333 333 333 333 0 0 0 0 0 0 0 0 0 0 0 0 0 0 0 0 0 0 0 0 0 0 0 0 0 0 0 0 0 0 0 0 0 0 0 0 0 0 0 0 0 0 0 0 0 0 0 0 0 0 0 0 0 0 0 0 0 0 0 0 0 333 333 333 333 333 333 333 333 333 333 333 333 333 333 333 333 333 333 333 333 333 333 333 333 333 333 333 333 333 333 333 333 333 333 333 333 333 333 333 333 333 333 333 333 333 333 333 333 333 333 333 333 333 333 333 333 333 333 333 333 333 333 333 333 333 333 333 333 333 333 333 333 333 333 333 333 333 333 333 333 333 333 333 333 333 333 333 333 333 333 333 333 333 333 333 333 333 333 333 333 333 333 333 333 333 333 333 333 333 333 333 333 333 333 333 333 333 333 333 333 333 333 333 333 333 333 333 333 333 333 333 333 333 333 333 333 333 333 333 333 333 333 333 333 333 333 333 333 333 333 0 0 0 0 0 0 0 0 0 0 0 0 0 0 0 0 0 0 0 0 333 333 333 333 333 333 333 333 333 333 333 333 333 333 333 333 333 333 333 333 333 333 333 333 333 333 333 0 0 0 0 
# name: freq
# type: matrix
# rows: 1
# columns: 359
 50.0 50.0 50.0 50.0 50.0 50.0 50.0 50.0 50.0 50.0 50.0 50.0 50.0 50.0 50.0 50.0 50.0 50.0 50.0 50.0 50.0 50.0 50.0 50.0 50.0 50.0 50.0 49.9 50.0 50.0 50.0 50.0 50.0 50.0 50.0 50.0 50.0 50.0 50.0 50.0 50.0 50.0 50.0 50.0 50.0 50.0 50.0 50.0 50.0 50.0 50.0 50.0 50.0 50.0 50.0 50.0 50.0 50.0 50.0 50.0 50.0 50.0 50.0 50.0 50.0 50.0 50.0 50.0 50.0 50.0 50.0 50.0 50.0 50.0 50.0 50.0 50.0 50.0 50.0 50.0 50.0 50.0 50.0 50.0 50.0 50.0 50.0 50.0 50.0 50.0 50.0 50.0 50.0 50.0 50.0 50.0 50.0 50.0 50.0 50.0 50.0 50.0 50.0 50.0 50.0 50.0 50.0 50.0 50.0 50.0 50.0 50.0 50.0 50.0 50.0 50.0 50.0 50.0 50.0 50.0 50.0 50.0 50.0 50.0 50.0 50.0 50.0 50.0 50.0 50.0 50.0 50.0 50.0 50.0 50.0 50.0 50.0 50.0 50.0 50.0 50.0 50.0 50.0 50.0 50.0 50.0 50.0 50.0 50.0 50.0 50.0 50.0 50.0 50.0 50.0 50.0 50.0 50.0 50.0 50.0 50.0 50.0 50.0 50.0 50.0 50.0 50.0 50.0 50.0 50.0 50.0 50.0 50.0 50.0 50.0 50.0 50.0 50.0 50.0 50.0 50.0 50.0 50.0 50.0 50.0 50.0 50.0 50.0 50.0 50.0 50.0 50.0 50.0 50.0 50.0 50.0 50.0 50.0 50.0 50.0 50.0 50.0 50.0 50.0 50.0 50.0 50.0 50.0 50.0 50.0 50.0 50.0 50.0 50.0 50.0 50.0 50.0 50.0 50.0 50.0 50.0 50.0 50.0 50.0 50.0 50.0 50.0 50.0 50.0 50.0 50.0 50.0 50.0 50.0 50.0 50.0 50.0 50.0 50.0 50.0 50.0 50.1 50.1 50.1 50.0 50.1 50.1 50.1 50.1 50.1 50.1 50.1 50.1 50.0 50.1 50.1 50.1 50.1 50.1 50.1 50.0 50.1 50.1 50.0 50.1 50.0 50.0 50.0 50.0 50.0 50.0 50.1 50.0 50.0 50.0 50.0 50.0 50.0 50.0 50.0 50.0 50.0 50.0 50.0 50.0 50.0 50.0 50.0 50.0 50.0 50.0 50.0 50.0 50.0 50.0 50.0 50.0 50.0 50.0 50.0 50.0 50.0 50.0 50.0 50.0 50.0 50.0 50.0 50.0 50.0 50.0 50.0 50.0 50.0 50.0 50.0 50.0 50.0 50.0 50.0 50.0 50.0 50.0 50.0 50.0 50.0 50.0 50.0 50.0 50.0 50.0 50.0 50.0 50.0 50.0 50.0 50.0 50.0 50.0 50.0 50.0 50.0 50.0 50.0 50.0 50.0 50.0 50.0 50.0 50.0 50.0 50.0 50.0 50.0 50.0 50.0 50.0 50.0 50.0 
# name: reacPower
# type: matrix
# rows: 1
# columns: 359
 0.0 0.0 0.0 0.0 0.0 0.0 0.0 0.0 0.0 0.0 0.0 0.0 0.0 0.0 0.0 0.0 0.0 0.0 0.0 0.0 -3.623 -6.521 -6.728 -6.935 -6.935 -6.935 -6.935 -6.832 -6.832 -6.832 -6.728 -6.625 -6.625 -6.625 -6.521 -6.521 -6.521 -6.418 -6.418 -6.418 -6.418 -6.314 -6.314 -6.314 -6.314 -6.314 -6.314 -6.314 -6.314 -6.314 -6.314 -6.314 -6.314 -6.314 -6.211 -6.211 -6.314 -6.314 -6.314 -6.314 -6.314 -6.314 -6.314 -6.314 -6.314 -6.314 -6.314 -6.314 -6.314 -6.314 -6.314 -6.314 -6.314 -6.314 -6.314 -6.314 -6.314 -6.314 -6.314 -6.418 -6.314 -6.314 -6.418 -6.314 -6.314 -6.314 -6.314 -6.314 -6.314 -6.314 -6.418 -6.418 -6.314 -6.418 -6.314 -6.314 -6.314 0.0 0.0 0.0 0.0 0.0 0.0 0.0 0.0 0.0 0.0 0.0 0.0 0.0 0.0 0.0 0.0 0.0 0.0 0.0 0.0 0.0 0.0 0.0 0.0 0.0 0.0 0.0 0.0 0.0 0.0 0.0 0.0 0.0 0.0 0.0 0.0 0.0 0.0 0.0 0.0 0.0 0.0 0.0 0.0 0.0 0.0 0.0 0.0 0.0 0.0 0.0 0.0 0.0 0.0 0.0 0.0 0.0 0.0 0.0 0.0 0.0 -6.107 -6.314 -6.521 -6.728 -6.935 -7.039 -7.039 -6.935 -6.832 -6.832 -6.728 -6.728 -6.625 -6.625 -6.521 -6.521 -6.521 -6.521 -6.418 -6.418 -6.418 -6.418 -6.521 -6.521 -6.521 -6.521 -6.521 -6.521 -6.521 -6.521 -6.521 -6.521 -6.521 -6.521 -6.521 -6.521 -6.418 -6.521 -6.521 -6.521 -6.521 -6.521 -6.418 -6.418 -6.418 -6.418 -6.418 -6.418 -6.418 -6.418 -6.418 -6.418 -6.418 -6.418 -6.418 -6.418 -6.418 -6.418 -6.418 -6.418 -6.418 -6.418 -6.418 -6.418 -6.418 -6.418 -6.418 -6.418 -6.418 -6.418 -6.418 -6.418 -6.418 -6.418 -6.418 -6.418 -6.418 -6.418 -6.418 -6.418 -6.418 -6.314 -6.314 -6.418 -6.418 -6.418 -6.418 -6.418 -6.418 -6.418 -6.418 -6.314 -6.314 -6.314 -6.314 -6.314 -6.314 -6.314 -6.314 -6.314 -6.314 -6.314 -6.314 -6.314 -6.314 -6.314 -6.314 -6.314 -6.314 -6.418 -6.314 -6.418 -6.314 -6.314 -6.314 -6.314 -6.314 -6.314 -6.314 -6.314 -6.314 -6.314 -6.314 -6.314 -6.314 -6.418 -6.314 -6.418 -6.418 -6.314 -6.418 -6.314 -6.418 -6.418 -6.314 -6.314 -6.314 -6.314 -6.314 -6.314 -6.418 -6.314 -6.314 -6.314 -6.314 -6.314 -6.314 -6.314 -6.314 -6.314 0.0 0.0 0.0 0.0 0.0 0.0 0.0 0.0 0.0 0.0 0.0 0.0 0.0 0.0 0.0 0.0 0.0 0.0 0.0 0.0 -6.521 -6.728 -6.935 -7.142 -7.039 -6.935 -6.935 -6.832 -6.832 -6.728 -6.728 -6.625 -6.625 -6.625 -6.625 -6.521 -6.521 -6.521 -6.521 -6.521 -6.521 -6.521 -6.521 -6.521 -6.418 -6.418 -6.418 0.0 0.0 0.0 0.0 
# name: power
# type: matrix
# rows: 1
# columns: 359
 0.0 0.0 0.0 0.0 0.0 0.0 0.0 0.0 0.0 0.0 0.0 0.0 0.0 0.0 0.0 0.0 0.0 0.0 0.0 0.0 9.109 13.354 13.871 14.285 14.285 14.182 14.182 14.078 14.078 13.975 13.871 13.768 13.664 13.561 13.457 13.457 13.354 13.354 13.25 13.147 13.147 13.147 13.147 13.043 13.043 13.043 13.043 13.043 13.043 13.043 12.94 12.94 12.94 12.94 12.94 12.94 13.043 13.043 13.043 13.043 13.043 12.94 12.94 13.043 13.043 12.94 12.94 12.94 12.94 12.94 12.94 12.94 13.043 13.043 13.043 13.043 13.043 13.043 13.043 13.043 13.043 13.043 13.043 13.147 13.043 13.043 13.043 13.043 13.043 13.147 13.147 13.147 13.043 13.043 13.043 13.043 13.043 0.0 0.0 0.0 0.0 0.0 0.0 0.0 0.0 0.0 0.0 0.0 0.0 0.0 0.0 0.0 0.0 0.0 0.0 0.0 0.0 0.0 0.0 0.0 0.0 0.0 0.0 0.0 0.0 0.0 0.0 0.0 0.0 0.0 0.0 0.0 0.0 0.0 0.0 0.0 0.0 0.0 0.0 0.0 0.0 0.0 0.0 0.0 0.0 0.0 0.0 0.0 0.0 0.0 0.0 0.0 0.0 0.0 0.0 0.0 0.0 0.0 12.629 12.94 13.354 13.768 14.182 14.285 14.285 14.078 14.078 13.975 13.871 13.768 13.664 13.561 13.457 13.457 13.354 13.354 13.25 13.25 13.25 13.25 13.354 13.457 13.457 13.457 13.457 13.457 13.457 13.457 13.354 13.354 13.354 13.354 13.354 13.354 13.354 13.354 13.354 13.354 13.25 13.25 13.25 13.25 13.25 13.25 13.25 13.25 13.25 13.25 13.147 13.147 13.25 13.25 13.25 13.25 13.25 13.147 13.147 13.147 13.147 13.147 13.147 13.147 13.147 13.147 13.147 13.147 13.147 13.147 13.147 13.147 13.147 13.147 13.147 13.147 13.147 13.043 13.043 13.043 13.043 13.043 13.043 13.043 13.147 13.147 13.147 13.147 13.147 13.147 13.043 13.043 13.043 13.043 13.043 13.043 13.043 13.043 13.043 13.043 13.043 13.043 13.043 13.043 13.043 13.043 13.043 13.043 13.043 13.043 13.043 13.043 13.043 13.043 13.043 13.043 13.043 13.043 13.043 13.043 13.043 13.043 13.043 13.043 13.043 13.043 13.043 13.043 13.043 13.043 13.043 13.043 13.043 13.043 13.043 13.043 13.043 13.043 13.043 13.043 13.043 13.043 13.043 13.043 13.043 13.043 13.043 13.043 13.043 13.043 0.0 0.0 0.0 0.0 0.0 0.0 0.0 0.0 0.0 0.0 0.0 0.0 0.0 0.0 0.0 0.0 0.0 0.0 0.0 0.0 13.25 13.664 14.078 14.285 14.285 14.078 13.975 13.871 13.768 13.664 13.664 13.561 13.561 13.457 13.457 13.354 13.354 13.354 13.25 13.25 13.25 13.25 13.25 13.25 13.147 13.147 13.147 0.0 0.0 0.0 0.0 
