# name: phAngle
# type: matrix
# rows: 1
# columns: 360
 0 0 0 0 0 0 0 0 0 0 0 0 333 333 337 337 0 0 0 0 0 337 337 337 337 337 337 337 337 337 337 333 0 0 0 0 0 0 0 0 0 0 0 0 0 0 0 0 0 0 0 0 0 0 0 0 0 0 0 0 0 0 0 0 0 0 0 0 0 0 0 0 0 0 0 0 0 0 0 0 0 0 0 0 0 0 0 0 0 0 0 0 0 0 0 0 0 0 0 0 0 0 0 0 0 0 0 0 0 0 0 0 0 0 0 0 0 0 0 0 0 0 0 0 0 0 0 0 0 0 0 0 0 0 0 0 0 0 0 0 0 0 0 0 0 0 0 0 0 0 333 333 333 337 337 337 337 337 337 337 337 337 337 333 333 333 333 333 333 333 333 333 333 333 333 333 333 333 333 333 333 333 333 333 333 333 333 333 333 333 333 333 333 333 333 333 333 333 333 333 333 333 333 333 333 333 333 333 333 333 333 333 333 333 333 333 333 333 333 333 333 333 333 333 333 333 333 333 333 333 333 333 333 333 333 333 333 333 333 333 333 333 333 333 333 333 333 333 333 333 333 333 333 333 333 333 333 333 333 333 333 333 333 333 333 333 333 333 333 333 333 333 333 333 333 333 333 333 333 333 333 333 333 333 333 333 333 333 333 333 333 333 333 333 333 333 333 333 333 333 333 333 333 333 333 333 333 333 333 333 333 333 333 0 0 0 0 0 0 0 0 0 0 0 0 0 0 0 0 0 0 0 0 0 0 0 0 0 0 0 0 0 0 0 0 0 0 0 0 0 0 0 0 0 0 0 0 0 0 0 
# name: freq
# type: matrix
# rows: 1
# columns: 360
 50.0 50.0 50.0 50.0 50.0 50.0 50.0 50.0 50.0 50.0 50.0 50.0 50.0 50.0 50.0 50.0 50.0 50.0 50.0 50.0 50.0 50.0 50.0 50.0 50.0 50.0 50.0 50.0 50.0 50.0 50.0 50.0 50.0 50.0 50.0 50.0 50.0 50.0 50.0 50.0 50.0 50.0 50.0 50.0 50.0 50.0 50.0 50.0 50.0 50.0 50.0 50.0 50.0 50.0 50.0 50.0 50.0 50.0 50.0 50.0 50.0 50.0 50.0 50.0 50.0 50.0 50.0 50.0 50.0 50.0 50.0 50.0 50.0 50.0 50.0 50.0 50.0 50.0 50.0 50.0 50.0 50.0 50.0 50.0 50.0 50.0 50.0 50.0 50.0 50.0 50.0 50.0 50.0 50.0 50.0 50.0 50.0 50.0 50.0 50.0 50.0 50.0 50.0 50.0 50.0 50.0 50.0 50.0 50.0 50.0 50.0 50.0 50.0 50.0 50.0 50.0 50.0 50.0 50.0 50.0 50.0 49.9 50.0 50.0 50.0 50.0 50.0 50.0 50.0 50.0 50.0 50.0 50.0 50.0 50.0 50.0 50.0 50.0 50.0 50.0 50.0 50.0 50.0 50.0 50.0 50.0 50.0 50.0 50.0 50.0 50.0 50.0 50.0 50.0 50.0 50.0 50.0 50.0 50.0 50.0 50.0 50.0 50.0 50.0 50.0 50.0 50.0 50.0 50.0 50.0 50.0 50.0 50.0 50.0 50.0 50.0 50.0 50.0 50.0 50.0 50.0 50.0 50.0 50.0 50.0 50.0 50.0 50.0 50.0 50.0 50.0 50.0 50.0 50.0 50.0 50.0 50.0 50.0 50.0 50.0 50.0 50.0 50.0 50.0 50.0 50.0 50.0 50.0 50.0 50.0 50.0 50.0 50.0 50.0 50.0 50.0 50.0 50.0 50.0 50.0 50.0 50.0 50.0 50.0 50.0 50.0 50.0 50.0 50.0 50.0 50.0 50.0 50.0 50.0 50.0 50.0 50.0 50.0 50.0 50.0 50.0 50.0 50.0 50.0 50.0 50.0 50.0 50.0 50.0 50.0 50.0 50.0 50.0 50.0 50.0 50.0 50.0 50.0 50.0 50.0 50.0 50.0 50.0 50.0 50.0 50.0 50.0 50.0 50.0 50.0 50.0 50.0 50.0 50.0 50.0 50.0 50.0 50.0 50.0 50.0 50.0 50.0 50.0 50.0 50.0 50.0 50.0 50.0 50.0 50.0 50.0 50.0 50.0 50.0 50.0 50.0 50.0 50.0 50.0 50.0 50.0 50.0 50.0 50.0 50.0 50.0 50.0 50.0 50.0 50.0 50.0 50.0 50.0 50.0 50.0 50.0 50.0 50.0 50.0 50.0 50.0 50.0 50.0 50.0 50.0 50.0 50.0 50.0 50.0 50.0 50.0 50.0 50.0 50.0 50.0 50.0 50.0 50.0 50.0 50.0 50.0 50.0 50.0 50.0 50.0 50.0 50.0 50.0 50.0 50.0 50.0 50.0 50.0 50.0 50.0 50.0 50.0 50.0 50.0 50.0 
# name: reacPower
# type: matrix
# rows: 1
# columns: 360
 0.0 0.0 0.0 0.0 0.0 0.0 0.0 0.0 0.0 0.0 0.0 0.0 -6.244 -6.557 -6.869 -6.973 0.0 0.0 0.0 0.0 0.0 -6.765 -6.973 -7.077 -6.973 -6.973 -6.869 -6.869 -6.765 -6.661 -6.661 -6.557 0.0 0.0 0.0 0.0 0.0 0.0 0.0 0.0 0.0 0.0 0.0 0.0 0.0 0.0 0.0 0.0 0.0 0.0 0.0 0.0 0.0 0.0 0.0 0.0 0.0 0.0 0.0 0.0 0.0 0.0 0.0 0.0 0.0 0.0 0.0 0.0 0.0 0.0 0.0 0.0 0.0 0.0 0.0 0.0 0.0 0.0 0.0 0.0 0.0 0.0 0.0 0.0 0.0 0.0 0.0 0.0 0.0 0.0 0.0 0.0 0.0 0.0 0.0 0.0 0.0 0.0 0.0 0.0 0.0 0.0 0.0 0.0 0.0 0.0 0.0 0.0 0.0 0.0 0.0 0.0 0.0 0.0 0.0 0.0 0.0 0.0 0.0 0.0 0.0 0.0 0.0 0.0 0.0 0.0 0.0 0.0 0.0 0.0 0.0 0.0 0.0 0.0 0.0 0.0 0.0 0.0 0.0 0.0 0.0 0.0 0.0 0.0 0.0 0.0 0.0 0.0 0.0 0.0 -6.244 -6.452 -6.661 -6.765 -6.973 -7.077 -6.973 -6.973 -6.973 -6.869 -6.765 -6.765 -6.661 -6.661 -6.661 -6.557 -6.557 -6.557 -6.557 -6.452 -6.452 -6.452 -6.452 -6.348 -6.452 -6.348 -6.348 -6.348 -6.348 -6.348 -6.348 -6.348 -6.348 -6.348 -6.348 -6.348 -6.452 -6.452 -6.452 -6.452 -6.452 -6.348 -6.452 -6.452 -6.452 -6.452 -6.452 -6.452 -6.452 -6.452 -6.452 -6.452 -6.452 -6.452 -6.452 -6.452 -6.452 -6.452 -6.452 -6.452 -6.452 -6.452 -6.452 -6.452 -6.452 -6.452 -6.452 -6.452 -6.452 -6.452 -6.452 -6.452 -6.452 -6.452 -6.452 -6.452 -6.452 -6.452 -6.452 -6.452 -6.452 -6.452 -6.452 -6.452 -6.452 -6.557 -6.452 -6.452 -6.452 -6.452 -6.452 -6.452 -6.452 -6.452 -6.452 -6.452 -6.452 -6.452 -6.452 -6.452 -6.452 -6.452 -6.452 -6.452 -6.452 -6.452 -6.452 -6.452 -6.452 -6.557 -6.452 -6.452 -6.452 -6.452 -6.452 -6.452 -6.452 -6.452 -6.452 -6.452 -6.452 -6.348 -6.452 -6.452 -6.452 -6.452 -6.452 -6.452 -6.452 -6.452 -6.452 -6.452 -6.452 -6.452 -6.452 -6.452 -6.452 -6.452 -6.452 -6.452 -6.452 -6.452 -6.452 -6.452 -6.452 -6.452 -6.348 -6.452 -6.452 -6.452 -6.348 -6.348 -6.348 -6.348 -6.452 -6.348 -6.452 -6.452 -6.452 -6.452 -6.452 -6.452 -6.452 0.0 0.0 0.0 0.0 0.0 0.0 0.0 0.0 0.0 0.0 0.0 0.0 0.0 0.0 0.0 0.0 0.0 0.0 0.0 0.0 0.0 0.0 0.0 0.0 0.0 0.0 0.0 0.0 0.0 0.0 0.0 0.0 0.0 0.0 0.0 0.0 0.0 0.0 0.0 0.0 0.0 0.0 0.0 0.0 0.0 0.0 0.0 
# name: power
# type: matrix
# rows: 1
# columns: 360
 0.0 0.0 0.0 0.0 0.0 0.0 0.0 0.0 0.0 0.0 0.0 0.0 13.009 13.634 14.258 14.467 0.0 0.0 0.0 0.0 0.0 14.154 14.467 14.467 14.467 14.363 14.258 14.154 14.05 13.946 13.842 13.738 0.0 0.0 0.0 0.0 0.0 0.0 0.0 0.0 0.0 0.0 0.0 0.0 0.0 0.0 0.0 0.0 0.0 0.0 0.0 0.0 0.0 0.0 0.0 0.0 0.0 0.0 0.0 0.0 0.0 0.0 0.0 0.0 0.0 0.0 0.0 0.0 0.0 0.0 0.0 0.0 0.0 0.0 0.0 0.0 0.0 0.0 0.0 0.0 0.0 0.0 0.0 0.0 0.0 0.0 0.0 0.0 0.0 0.0 0.0 0.0 0.0 0.0 0.0 0.0 0.0 0.0 0.0 0.0 0.0 0.0 0.0 0.0 0.0 0.0 0.0 0.0 0.0 0.0 0.0 0.0 0.0 0.0 0.0 0.0 0.0 0.0 0.0 0.0 0.0 0.0 0.0 0.0 0.0 0.0 0.0 0.0 0.0 0.0 0.0 0.0 0.0 0.0 0.0 0.0 0.0 0.0 0.0 0.0 0.0 0.0 0.0 0.0 0.0 0.0 0.0 0.0 0.0 0.0 13.009 13.322 13.738 14.05 14.363 14.467 14.467 14.363 14.258 14.154 14.05 13.946 13.842 13.842 13.738 13.634 13.53 13.53 13.53 13.426 13.426 13.322 13.322 13.322 13.218 13.218 13.218 13.218 13.218 13.218 13.218 13.218 13.218 13.218 13.218 13.218 13.218 13.322 13.426 13.426 13.426 13.218 13.322 13.322 13.426 13.426 13.426 13.426 13.426 13.426 13.426 13.426 13.426 13.426 13.426 13.426 13.426 13.426 13.426 13.426 13.426 13.426 13.426 13.426 13.426 13.426 13.426 13.426 13.322 13.322 13.322 13.322 13.322 13.322 13.322 13.426 13.426 13.322 13.322 13.426 13.426 13.426 13.322 13.322 13.426 13.426 13.426 13.426 13.426 13.426 13.426 13.426 13.426 13.322 13.322 13.426 13.322 13.322 13.322 13.322 13.426 13.426 13.322 13.322 13.322 13.322 13.322 13.426 13.426 13.426 13.426 13.426 13.426 13.426 13.426 13.426 13.426 13.426 13.426 13.426 13.322 13.322 13.322 13.322 13.322 13.322 13.322 13.322 13.322 13.322 13.426 13.426 13.426 13.426 13.426 13.426 13.426 13.426 13.426 13.426 13.322 13.322 13.426 13.426 13.322 13.322 13.322 13.426 13.426 13.426 13.322 13.322 13.218 13.322 13.322 13.322 13.322 13.426 13.426 13.426 13.426 13.426 13.426 0.0 0.0 0.0 0.0 0.0 0.0 0.0 0.0 0.0 0.0 0.0 0.0 0.0 0.0 0.0 0.0 0.0 0.0 0.0 0.0 0.0 0.0 0.0 0.0 0.0 0.0 0.0 0.0 0.0 0.0 0.0 0.0 0.0 0.0 0.0 0.0 0.0 0.0 0.0 0.0 0.0 0.0 0.0 0.0 0.0 0.0 0.0 
