# name: phAngle
# type: matrix
# rows: 1
# columns: 358
 0 0 0 0 0 0 0 0 0 328 337 339 339 339 339 339 341 336 336 336 336 336 336 336 336 336 336 336 336 336 336 336 336 336 336 336 336 336 336 336 336 336 336 336 336 336 336 336 336 336 336 336 336 336 336 336 336 336 336 336 336 336 336 336 336 336 336 336 336 336 336 336 336 336 336 336 336 336 336 336 336 336 0 0 0 0 0 0 0 0 0 0 0 0 0 0 0 0 0 0 0 0 0 0 0 0 0 0 0 0 0 0 0 0 0 0 0 0 0 0 0 0 0 0 0 0 0 0 0 0 0 0 0 0 0 0 0 0 0 0 0 0 0 0 0 0 0 0 0 0 0 0 0 0 0 0 0 0 0 0 0 0 0 0 0 0 0 0 0 0 0 337 337 339 339 339 339 339 339 341 336 336 336 336 336 336 336 336 336 336 336 336 336 336 336 336 336 336 336 336 336 336 336 336 336 336 336 336 336 336 336 336 336 336 336 336 336 336 336 336 336 336 336 336 336 336 336 336 336 336 336 336 336 336 336 336 336 336 0 0 0 0 0 0 0 0 0 0 0 0 0 0 0 0 0 0 0 0 0 0 0 0 0 0 0 0 0 0 0 0 0 0 0 0 0 0 0 0 0 0 0 0 0 0 0 0 0 0 0 0 0 0 0 0 0 0 0 0 0 0 0 0 0 0 0 341 337 337 339 339 339 339 339 339 336 336 336 336 336 336 336 336 336 336 336 336 336 336 336 336 336 336 336 336 336 336 336 336 336 336 336 336 336 336 336 336 336 336 336 336 336 336 336 336 336 336 336 336 
# name: freq
# type: matrix
# rows: 1
# columns: 358
 50.0 50.0 50.0 50.0 50.0 50.0 50.0 50.0 50.0 50.0 50.0 50.0 50.0 50.0 50.0 50.0 50.0 50.0 50.0 50.0 50.0 50.0 50.0 50.0 50.0 50.0 50.0 50.0 50.0 50.0 50.0 50.0 50.0 50.0 50.0 50.0 50.0 50.0 50.0 50.0 50.0 50.0 50.0 50.0 50.0 50.0 50.0 50.0 50.0 50.0 50.0 50.0 50.0 50.0 50.0 50.0 50.0 50.0 50.0 50.0 50.0 50.0 50.0 50.0 50.0 50.0 50.0 50.0 50.0 50.0 50.0 50.0 50.0 50.0 50.0 50.0 50.0 50.0 50.0 50.0 50.0 50.0 50.0 50.0 50.0 50.0 50.0 50.0 50.0 50.0 50.0 50.0 50.0 50.0 50.0 50.0 50.0 50.0 50.0 50.0 50.0 50.0 50.0 50.0 50.0 50.0 50.0 50.0 50.0 50.0 50.0 50.0 50.0 50.0 50.0 50.0 50.0 50.0 50.0 50.0 50.0 50.0 50.0 50.0 50.0 50.0 50.0 50.0 50.0 50.0 50.0 50.0 50.0 50.0 50.0 50.0 50.0 50.0 50.0 50.0 50.0 50.0 50.0 50.0 50.0 50.0 50.0 50.0 50.0 50.0 50.0 50.0 50.0 50.0 50.0 50.0 50.0 50.0 50.0 50.0 50.0 50.0 50.0 50.0 50.0 50.0 50.0 50.0 50.0 50.0 50.0 50.0 50.0 50.0 50.0 50.0 50.0 50.0 50.0 50.0 50.0 50.0 50.0 50.0 50.0 50.0 50.0 50.0 50.0 50.0 50.0 50.0 50.0 50.0 50.0 50.0 50.0 50.0 50.0 50.0 50.0 50.0 50.0 50.0 50.0 50.0 50.0 50.0 50.0 50.0 50.0 50.0 50.0 50.0 50.0 50.0 50.0 50.0 50.0 50.0 50.0 50.0 50.0 50.0 50.0 50.0 50.0 50.0 50.0 50.0 50.0 50.0 50.0 50.0 50.0 50.0 50.0 50.0 50.0 50.0 50.0 50.0 50.0 50.0 50.0 50.0 50.0 50.0 50.0 50.0 50.0 50.0 50.0 50.0 50.0 50.0 50.0 50.0 50.0 50.0 50.0 50.0 50.0 50.0 50.0 50.0 50.0 50.0 50.0 50.0 50.0 50.0 50.0 50.0 50.0 50.0 50.0 50.0 50.0 50.0 50.0 50.0 50.0 50.0 50.0 50.0 50.0 50.0 50.0 50.0 50.0 50.0 50.0 50.0 50.0 50.0 50.0 50.0 50.0 50.0 50.0 50.0 50.0 50.0 50.0 50.0 50.0 50.0 50.0 50.0 50.0 50.0 50.0 50.0 50.0 50.0 50.0 50.0 50.0 50.0 50.0 50.0 50.0 50.0 50.0 50.0 50.0 50.0 50.0 50.0 50.0 50.0 50.0 50.0 50.0 50.0 50.0 50.0 50.0 50.0 50.0 50.0 50.0 50.0 50.0 50.0 50.0 50.0 50.0 50.0 50.0 50.0 50.0 50.0 50.0 50.0 50.0 50.0 
# name: reacPower
# type: matrix
# rows: 1
# columns: 358
 0.0 0.0 0.0 0.0 0.0 0.0 0.0 0.0 0.0 -0.414 -6.728 -7.039 -7.246 -7.556 -7.764 -7.971 -8.178 -8.281 -8.281 -8.385 -8.385 -8.488 -8.488 -8.488 -8.488 -8.488 -8.592 -8.592 -8.488 -8.592 -8.488 -8.488 -8.488 -8.488 -8.488 -8.488 -8.488 -8.488 -8.385 -8.488 -8.488 -8.385 -8.385 -8.385 -8.385 -8.281 -8.385 -8.385 -8.488 -8.488 -8.488 -8.488 -8.385 -8.385 -8.385 -8.385 -8.488 -8.488 -8.488 -8.488 -8.695 -8.488 -8.488 -8.488 -8.488 -8.488 -8.385 -8.488 -8.385 -8.592 -8.385 -8.385 -8.488 -8.385 -8.592 -8.281 -8.385 -8.281 -8.592 -8.385 -8.488 -8.488 0.0 0.0 0.0 0.0 0.0 0.0 0.0 0.0 0.0 0.0 0.0 0.0 0.0 0.0 0.0 0.0 0.0 0.0 0.0 0.0 0.0 0.0 0.0 0.0 0.0 0.0 0.0 0.0 0.0 0.0 0.0 0.0 0.0 0.0 0.0 0.0 0.0 0.0 0.0 0.0 0.0 0.0 0.0 0.0 0.0 0.0 0.0 0.0 0.0 0.0 0.0 0.0 0.0 0.0 0.0 0.0 0.0 0.0 0.0 0.0 0.0 0.0 0.0 0.0 0.0 0.0 0.0 0.0 0.0 0.0 0.0 0.0 0.0 0.0 0.0 0.0 0.0 0.0 0.0 0.0 0.0 0.0 0.0 0.0 0.0 0.0 0.0 0.0 0.0 -6.521 -6.625 -6.832 -7.142 -7.349 -7.66 -7.764 -7.971 -8.074 -8.281 -8.385 -8.488 -8.592 -8.695 -8.695 -8.592 -8.695 -8.695 -8.695 -8.695 -8.592 -8.592 -8.695 -8.592 -8.592 -8.695 -8.592 -8.695 -8.592 -8.488 -8.488 -8.592 -8.488 -8.592 -8.592 -8.592 -8.592 -8.695 -8.592 -8.592 -8.592 -8.592 -8.592 -8.592 -8.592 -8.592 -8.488 -8.488 -8.488 -8.488 -8.488 -8.488 -8.488 -8.592 -8.488 -8.488 -8.488 -8.488 -8.488 -8.488 -8.488 -8.488 -8.488 -8.488 -8.488 -8.385 -8.385 0.0 0.0 0.0 0.0 0.0 0.0 0.0 0.0 0.0 0.0 0.0 0.0 0.0 0.0 0.0 0.0 0.0 0.0 0.0 0.0 0.0 0.0 0.0 0.0 0.0 0.0 0.0 0.0 0.0 0.0 0.0 0.0 0.0 0.0 0.0 0.0 0.0 0.0 0.0 0.0 0.0 0.0 0.0 0.0 0.0 0.0 0.0 0.0 0.0 0.0 0.0 0.0 0.0 0.0 0.0 0.0 0.0 0.0 0.0 0.0 0.0 0.0 0.0 0.0 0.0 0.0 0.0 -3.726 -6.728 -6.935 -7.142 -7.349 -7.556 -7.764 -7.971 -8.074 -8.281 -8.385 -8.488 -8.488 -8.592 -8.592 -8.592 -8.592 -8.592 -8.592 -8.592 -8.695 -8.592 -8.592 -8.592 -8.592 -8.592 -8.592 -8.592 -8.592 -8.592 -8.592 -8.592 -8.592 -8.488 -8.592 -8.592 -8.488 -8.592 -8.488 -8.488 -8.592 -8.592 -8.488 -8.488 -8.488 -8.488 -8.488 -8.385 -8.488 -8.488 -8.488 -8.385 -8.488 
# name: power
# type: matrix
# rows: 1
# columns: 358
 0.0 0.0 0.0 0.0 0.0 0.0 0.0 0.0 0.0 0.724 16.149 16.563 17.08 17.494 17.909 18.323 18.633 18.944 19.047 19.151 19.254 19.358 19.358 19.461 19.461 19.461 19.461 19.461 19.461 19.461 19.254 19.358 19.358 19.461 19.358 19.358 19.358 19.358 19.358 19.358 19.358 19.358 19.358 19.358 19.254 19.254 19.254 19.254 19.254 19.254 19.254 19.254 19.254 19.254 19.254 19.254 19.151 19.151 19.151 19.254 19.151 19.254 19.151 19.151 19.254 19.254 19.151 19.151 19.151 19.151 19.151 19.151 19.151 19.151 19.047 19.047 19.047 19.047 19.047 18.944 19.047 19.047 0.0 0.0 0.0 0.0 0.0 0.0 0.0 0.0 0.0 0.0 0.0 0.0 0.0 0.0 0.0 0.0 0.0 0.0 0.0 0.0 0.0 0.0 0.0 0.0 0.0 0.0 0.0 0.0 0.0 0.0 0.0 0.0 0.0 0.0 0.0 0.0 0.0 0.0 0.0 0.0 0.0 0.0 0.0 0.0 0.0 0.0 0.0 0.0 0.0 0.0 0.0 0.0 0.0 0.0 0.0 0.0 0.0 0.0 0.0 0.0 0.0 0.0 0.0 0.0 0.0 0.0 0.0 0.0 0.0 0.0 0.0 0.0 0.0 0.0 0.0 0.0 0.0 0.0 0.0 0.0 0.0 0.0 0.0 0.0 0.0 0.0 0.0 0.0 0.0 16.149 16.356 16.666 17.184 17.494 17.805 18.116 18.426 18.737 18.944 19.151 19.254 19.358 19.461 19.565 19.461 19.565 19.461 19.461 19.565 19.461 19.461 19.461 19.461 19.461 19.358 19.358 19.254 19.358 19.358 19.254 19.358 19.358 19.358 19.358 19.358 19.461 19.461 19.461 19.461 19.461 19.461 19.461 19.461 19.358 19.358 19.254 19.358 19.358 19.254 19.254 19.254 19.358 19.358 19.358 19.358 19.358 19.358 19.254 19.358 19.358 19.254 19.254 19.254 19.151 19.151 19.151 0.0 0.0 0.0 0.0 0.0 0.0 0.0 0.0 0.0 0.0 0.0 0.0 0.0 0.0 0.0 0.0 0.0 0.0 0.0 0.0 0.0 0.0 0.0 0.0 0.0 0.0 0.0 0.0 0.0 0.0 0.0 0.0 0.0 0.0 0.0 0.0 0.0 0.0 0.0 0.0 0.0 0.0 0.0 0.0 0.0 0.0 0.0 0.0 0.0 0.0 0.0 0.0 0.0 0.0 0.0 0.0 0.0 0.0 0.0 0.0 0.0 0.0 0.0 0.0 0.0 0.0 0.0 7.349 15.942 16.356 16.666 17.08 17.391 17.701 18.116 18.323 18.633 18.84 18.944 19.047 19.151 19.151 19.151 19.254 19.254 19.254 19.254 19.151 19.151 19.151 19.151 19.047 19.151 19.254 19.151 19.151 19.151 19.151 19.151 19.151 19.151 19.047 19.047 19.047 19.047 19.047 19.047 19.047 19.047 19.047 19.047 19.047 19.151 19.047 18.944 18.84 19.047 19.047 19.047 19.047 
