# name: phAngle
# type: matrix
# rows: 1
# columns: 359
 0 333 338 338 338 338 338 338 338 338 338 338 338 338 338 338 338 341 333 333 333 333 333 333 333 333 333 333 333 333 333 333 333 333 333 333 333 333 329 329 333 333 329 329 338 338 338 338 338 338 338 338 338 338 338 338 338 338 338 338 338 338 338 338 338 338 338 0 0 0 0 0 0 0 0 0 0 0 0 0 0 0 0 0 0 0 0 0 0 0 0 0 0 0 0 0 0 0 0 0 0 0 0 0 0 0 0 0 0 0 0 0 0 0 0 0 0 0 0 0 0 0 0 0 0 0 0 0 0 0 0 0 0 0 0 0 0 0 0 0 0 338 338 338 338 338 338 338 338 338 338 338 338 338 338 338 338 338 338 338 338 338 338 338 338 338 338 338 338 338 338 338 338 338 338 338 338 338 338 338 338 338 338 338 338 338 338 338 338 338 338 338 338 338 338 338 338 338 338 338 338 338 338 338 338 338 338 338 338 338 338 338 338 338 338 338 338 338 338 338 338 338 338 338 338 338 338 338 338 338 338 338 338 338 338 338 338 338 338 338 338 338 338 338 338 338 338 338 338 338 338 338 338 338 338 338 338 338 338 338 338 338 338 338 338 338 338 338 338 338 338 338 338 338 338 338 338 338 338 338 338 338 338 338 338 338 338 0 0 0 0 0 0 0 0 0 0 0 0 0 0 0 0 0 0 0 0 0 0 0 0 0 0 0 0 0 0 0 0 0 0 0 0 0 0 0 0 0 0 0 0 0 0 0 0 0 0 0 0 0 0 0 0 0 0 0 0 0 0 0 0 0 0 0 0 0 0 0 0 
# name: freq
# type: matrix
# rows: 1
# columns: 359
 50.0 50.0 50.0 50.0 50.0 50.0 50.0 50.0 50.0 50.0 50.0 50.0 50.0 50.0 49.9 50.0 50.0 50.0 50.0 50.0 50.0 50.0 50.0 50.0 50.0 50.0 50.0 49.9 50.0 49.9 50.0 50.0 50.0 50.0 50.0 50.0 50.0 50.0 50.0 50.0 50.0 50.0 50.0 50.0 50.0 50.0 50.0 50.0 50.0 50.0 50.0 50.0 50.0 50.0 50.0 50.0 50.0 50.0 50.0 50.0 50.0 50.0 50.0 50.0 49.9 50.0 50.0 50.0 50.0 50.0 50.0 50.0 50.0 50.0 50.0 50.0 50.0 50.0 50.0 50.0 50.0 50.0 50.0 50.0 50.0 50.0 50.0 50.0 50.0 50.0 50.0 50.0 50.0 50.0 50.0 50.0 50.0 50.0 50.0 50.0 50.0 50.0 50.0 50.0 50.0 50.0 50.0 50.0 50.0 50.0 50.0 50.0 50.0 50.0 50.0 50.0 50.0 50.0 50.0 50.0 50.0 50.0 50.0 50.0 50.0 50.0 50.0 50.0 50.0 50.0 50.0 50.0 50.0 50.0 50.0 50.0 50.0 50.0 50.0 50.0 50.0 50.0 50.0 50.0 50.0 50.0 50.0 50.0 50.0 50.0 50.0 50.0 50.0 50.0 50.0 50.0 50.0 50.0 50.0 50.0 50.0 50.0 50.0 50.0 50.0 50.0 50.0 50.0 50.0 50.0 50.0 50.0 50.0 50.0 50.0 50.0 50.0 50.0 50.0 50.0 50.0 50.0 50.0 50.0 50.0 50.0 50.0 50.0 50.0 50.0 50.0 50.0 50.0 50.0 50.0 50.0 50.0 50.0 50.0 50.0 50.0 50.0 50.0 50.0 50.0 50.0 50.0 50.0 50.0 50.0 50.0 50.0 50.0 50.0 50.0 50.0 50.0 50.0 50.0 50.0 50.0 50.0 50.0 50.0 50.0 50.0 50.0 50.0 50.0 50.0 50.0 50.0 50.0 50.0 50.0 50.0 50.0 50.0 50.0 50.0 50.0 50.0 50.0 50.0 50.0 50.0 50.0 50.0 50.0 50.0 50.0 50.0 50.0 50.0 50.0 50.0 50.0 50.0 50.0 50.0 50.0 50.0 50.0 50.0 50.0 50.0 50.0 50.0 50.0 50.0 50.0 50.0 50.0 50.0 50.0 50.0 50.0 50.0 50.0 50.0 50.0 50.0 50.0 50.0 50.0 50.0 50.0 50.0 50.0 50.0 50.0 50.0 50.0 50.0 50.0 50.0 50.0 50.0 50.0 50.0 50.0 50.0 50.0 50.0 50.0 50.0 50.0 50.0 50.0 50.0 50.0 50.0 50.0 50.0 50.0 50.0 50.0 50.0 50.0 50.0 50.0 50.0 50.0 50.0 50.0 50.0 50.0 50.0 50.0 50.0 50.0 50.0 50.0 50.0 50.0 50.0 50.0 50.0 50.0 50.0 50.0 50.0 50.0 50.0 50.0 50.0 50.0 50.0 50.0 50.0 50.0 50.0 50.0 50.0 50.0 50.0 50.0 50.0 50.0 
# name: reacPower
# type: matrix
# rows: 1
# columns: 359
 0.0 -9.834 -5.072 -4.968 -4.968 -5.072 -4.968 -5.072 -5.072 -5.072 -5.072 -5.176 -5.072 -5.176 -5.383 -5.59 -5.9 -6.107 -6.211 -6.211 -6.211 -6.211 -6.211 -6.211 -6.211 -6.211 -6.211 -6.211 -6.211 -6.211 -6.314 -6.314 -6.211 -6.211 -6.211 -6.107 -6.211 -6.211 -6.107 -6.211 -6.211 -6.211 -6.107 -6.211 -6.107 -6.107 -6.107 -6.107 -6.107 -6.107 -6.107 -6.107 -6.107 -6.107 -6.107 -6.107 -6.107 -6.107 -6.107 -6.107 -6.107 -6.107 -6.107 -6.107 -6.107 -6.107 -6.107 0.0 0.0 0.0 0.0 0.0 0.0 0.0 0.0 0.0 0.0 0.0 0.0 0.0 0.0 0.0 0.0 0.0 0.0 0.0 0.0 0.0 0.0 0.0 0.0 0.0 0.0 0.0 0.0 0.0 0.0 0.0 0.0 0.0 0.0 0.0 0.0 0.0 0.0 0.0 0.0 0.0 0.0 0.0 0.0 0.0 0.0 0.0 0.0 0.0 0.0 0.0 0.0 0.0 0.0 0.0 0.0 0.0 0.0 0.0 0.0 0.0 0.0 0.0 0.0 0.0 0.0 0.0 0.0 0.0 0.0 0.0 0.0 0.0 0.0 -4.865 -4.865 -4.865 -4.968 -4.968 -4.968 -4.968 -4.968 -4.968 -4.968 -5.072 -5.072 -5.072 -5.279 -5.279 -5.383 -5.59 -5.59 -5.693 -5.797 -5.9 -5.9 -6.004 -6.004 -6.004 -6.107 -6.107 -6.107 -6.107 -6.107 -6.107 -6.107 -6.107 -6.107 -6.107 -6.107 -6.107 -6.107 -6.107 -6.107 -6.107 -6.107 -6.107 -6.107 -6.107 -6.107 -6.107 -6.107 -6.107 -6.107 -6.107 -6.107 -6.107 -6.004 -6.107 -6.004 -6.107 -6.107 -6.107 -6.004 -6.004 -6.107 -6.004 -6.004 -6.004 -6.004 -6.004 -6.004 -6.004 -6.004 -6.004 -6.004 -6.004 -6.004 -6.004 -6.004 -6.004 -6.004 -6.004 -6.004 -6.004 -6.004 -6.004 -6.107 -6.004 -6.004 -6.004 -6.004 -6.004 -6.004 -6.004 -6.004 -6.004 -5.9 -5.9 -6.004 -6.004 -5.9 -5.9 -5.9 -5.9 -5.9 -5.9 -5.9 -5.9 -5.9 -5.9 -5.9 -5.9 -5.9 -5.9 -5.9 -5.9 -6.004 -5.9 -5.9 -5.9 -5.9 -5.9 -5.9 -5.9 -5.9 -5.9 -5.9 -5.9 -6.004 -6.004 -5.9 -5.9 -5.9 -5.9 -5.9 -5.797 -5.797 -5.9 -5.9 -5.797 -5.797 -5.9 -5.9 -5.9 -5.9 -5.797 -5.797 -5.9 -5.797 0.0 0.0 0.0 0.0 0.0 0.0 0.0 0.0 0.0 0.0 0.0 0.0 0.0 0.0 0.0 0.0 0.0 0.0 0.0 0.0 0.0 0.0 0.0 0.0 0.0 0.0 0.0 0.0 0.0 0.0 0.0 0.0 0.0 0.0 0.0 0.0 0.0 0.0 0.0 0.0 0.0 0.0 0.0 0.0 0.0 0.0 0.0 0.0 0.0 0.0 0.0 0.0 0.0 0.0 0.0 0.0 0.0 0.0 0.0 0.0 0.0 0.0 0.0 0.0 0.0 0.0 0.0 0.0 0.0 0.0 0.0 0.0 
# name: power
# type: matrix
# rows: 1
# columns: 359
 0.0 18.323 11.283 11.18 11.283 11.18 11.283 11.283 11.18 11.18 11.283 11.283 11.283 11.387 11.594 11.904 12.215 12.422 12.525 12.525 12.525 12.525 12.525 12.525 12.525 12.525 12.525 12.422 12.422 12.525 12.422 12.422 12.422 12.422 12.422 12.422 12.422 12.318 12.318 12.318 12.318 12.318 12.318 12.318 12.318 12.318 12.318 12.318 12.318 12.318 12.215 12.215 12.318 12.215 12.215 12.215 12.215 12.215 12.215 12.215 12.215 12.215 12.215 12.111 12.215 12.111 12.215 0.0 0.0 0.0 0.0 0.0 0.0 0.0 0.0 0.0 0.0 0.0 0.0 0.0 0.0 0.0 0.0 0.0 0.0 0.0 0.0 0.0 0.0 0.0 0.0 0.0 0.0 0.0 0.0 0.0 0.0 0.0 0.0 0.0 0.0 0.0 0.0 0.0 0.0 0.0 0.0 0.0 0.0 0.0 0.0 0.0 0.0 0.0 0.0 0.0 0.0 0.0 0.0 0.0 0.0 0.0 0.0 0.0 0.0 0.0 0.0 0.0 0.0 0.0 0.0 0.0 0.0 0.0 0.0 0.0 0.0 0.0 0.0 0.0 0.0 11.18 11.076 11.076 11.076 11.076 11.076 11.076 11.076 11.076 11.076 11.076 11.18 11.18 11.283 11.387 11.49 11.594 11.801 11.904 12.008 12.008 12.111 12.111 12.215 12.215 12.215 12.215 12.215 12.215 12.215 12.318 12.318 12.318 12.215 12.215 12.215 12.318 12.215 12.318 12.318 12.318 12.215 12.215 12.318 12.318 12.215 12.318 12.318 12.318 12.215 12.318 12.215 12.215 12.215 12.215 12.215 12.215 12.215 12.215 12.215 12.215 12.215 12.215 12.215 12.215 12.215 12.215 12.111 12.215 12.215 12.215 12.215 12.215 12.215 12.215 12.215 12.215 12.111 12.215 12.215 12.111 12.111 12.215 12.215 12.111 12.111 12.111 12.111 12.111 12.111 12.111 12.111 12.111 12.111 12.111 12.111 12.111 12.111 12.111 12.111 12.111 12.111 12.111 12.111 12.111 12.111 12.111 12.111 12.008 12.111 12.111 12.111 12.111 12.111 12.111 12.111 12.111 12.008 12.008 12.008 12.008 12.111 12.008 12.008 12.008 12.008 12.008 12.008 12.008 12.008 12.008 12.008 12.008 12.008 12.008 12.008 12.008 12.008 12.008 12.008 12.008 12.008 12.008 12.008 11.904 12.008 0.0 0.0 0.0 0.0 0.0 0.0 0.0 0.0 0.0 0.0 0.0 0.0 0.0 0.0 0.0 0.0 0.0 0.0 0.0 0.0 0.0 0.0 0.0 0.0 0.0 0.0 0.0 0.0 0.0 0.0 0.0 0.0 0.0 0.0 0.0 0.0 0.0 0.0 0.0 0.0 0.0 0.0 0.0 0.0 0.0 0.0 0.0 0.0 0.0 0.0 0.0 0.0 0.0 0.0 0.0 0.0 0.0 0.0 0.0 0.0 0.0 0.0 0.0 0.0 0.0 0.0 0.0 0.0 0.0 0.0 0.0 0.0 
