# name: phAngle
# type: matrix
# rows: 1
# columns: 359
 0 0 0 0 0 0 0 0 0 0 336 336 336 338 338 338 338 338 338 338 338 338 338 338 338 338 338 338 338 338 338 338 338 338 338 338 336 336 336 336 338 336 338 338 338 338 338 338 338 338 338 338 336 336 336 336 336 336 336 336 336 336 336 336 336 0 0 0 0 0 0 0 0 0 0 0 0 0 0 0 0 0 0 0 0 0 0 0 0 0 0 0 0 0 0 0 0 0 0 0 0 0 0 0 0 0 0 0 0 0 0 0 0 0 0 0 0 0 0 0 0 0 0 0 0 0 0 338 336 338 333 333 333 338 338 338 338 338 338 338 338 338 338 338 338 338 338 338 338 338 338 338 338 338 338 338 338 338 336 336 336 336 336 336 336 336 336 336 336 336 336 336 336 336 336 336 336 336 336 336 336 336 336 336 336 336 336 336 336 336 336 336 336 336 336 336 336 336 336 0 0 0 0 0 0 0 0 0 0 0 0 0 0 0 0 0 0 0 0 0 0 0 0 0 0 0 0 0 0 338 338 338 338 338 338 336 336 336 336 336 336 336 336 336 336 336 336 336 336 336 336 336 336 336 336 336 336 336 336 336 336 336 336 336 336 336 336 336 336 336 336 336 336 336 336 336 336 336 336 336 336 336 336 336 336 336 336 336 336 336 336 336 336 336 336 336 336 336 336 336 336 336 336 336 336 336 336 336 336 336 336 0 0 0 0 0 0 0 0 0 0 0 0 0 0 338 338 336 336 336 336 336 336 336 336 336 336 336 336 336 336 336 336 336 336 336 336 336 336 336 336 336 336 336 336 336 336 336 336 
# name: freq
# type: matrix
# rows: 1
# columns: 359
 50.0 50.0 50.0 50.0 50.0 50.0 50.0 50.0 50.0 50.0 50.0 50.0 50.0 50.0 50.0 50.0 50.0 50.0 50.0 50.0 50.0 50.0 50.0 50.0 50.0 50.0 50.0 50.0 50.0 50.0 50.0 50.0 50.0 50.0 50.0 50.0 50.0 50.0 50.0 50.0 50.0 50.0 50.0 50.0 50.0 50.0 50.0 50.0 50.0 50.0 50.0 50.0 50.0 50.0 50.0 50.0 50.0 50.0 50.0 50.0 50.0 50.0 50.0 50.0 50.0 50.0 50.0 50.0 50.0 50.0 50.0 50.0 50.0 50.0 50.0 50.0 50.0 50.0 50.0 50.0 50.0 50.0 50.0 50.0 50.0 50.0 50.0 50.0 50.0 50.0 50.0 50.0 50.0 50.0 50.0 50.0 50.0 50.0 50.0 50.0 50.0 50.0 50.0 50.0 50.0 50.0 50.0 50.0 50.0 50.0 50.0 50.0 50.0 50.0 50.0 50.0 50.0 50.0 50.0 50.0 50.0 50.0 50.0 50.0 49.9 50.0 49.9 50.0 50.0 49.9 49.9 49.9 50.0 50.0 50.0 50.0 50.0 50.0 50.0 50.0 50.0 50.0 50.0 50.0 50.0 50.0 50.0 50.0 50.0 50.0 50.0 50.0 50.0 50.0 50.0 50.0 50.0 50.0 50.0 50.0 50.0 50.0 50.0 50.0 50.0 50.0 50.0 50.0 50.0 50.0 50.0 50.0 50.0 50.0 50.0 50.0 50.0 50.0 50.0 50.0 50.0 50.0 50.0 50.0 50.0 50.0 50.0 50.0 50.0 50.0 50.0 50.0 50.0 50.0 50.0 50.0 50.0 50.0 50.0 50.0 50.0 50.0 50.0 50.0 50.0 50.0 50.0 50.0 50.0 50.0 50.0 50.0 50.0 50.0 50.0 50.0 50.0 50.0 50.0 50.0 50.0 50.0 50.0 50.0 50.0 50.0 50.0 50.0 50.0 50.0 50.0 50.0 50.0 50.0 50.0 50.0 50.0 50.0 50.0 50.0 50.0 50.0 50.0 50.0 50.0 50.0 50.0 50.0 50.0 50.0 50.0 50.0 50.0 50.0 50.0 50.0 50.0 50.0 50.0 50.0 50.0 50.0 50.0 50.0 50.0 50.0 50.0 50.0 50.0 50.0 50.0 50.0 50.0 50.0 50.0 50.0 50.0 50.0 50.0 50.0 50.0 50.0 50.0 50.0 50.0 50.0 50.0 50.0 50.0 50.0 50.0 50.0 50.0 50.0 50.0 50.0 50.0 50.0 50.0 50.0 50.0 50.0 50.0 50.0 50.0 50.0 50.0 50.0 50.0 50.0 50.0 50.0 50.0 50.0 50.0 50.0 50.0 50.0 50.0 50.0 50.0 50.0 50.0 50.0 50.0 50.0 50.0 50.0 50.0 50.0 50.0 50.0 50.0 50.0 50.0 50.0 50.0 50.0 50.0 50.0 50.0 50.0 50.0 50.0 50.0 50.0 50.0 50.0 50.0 50.0 50.0 50.0 50.0 50.0 50.0 50.0 50.0 50.0 50.0 
# name: reacPower
# type: matrix
# rows: 1
# columns: 359
 0.0 0.0 0.0 0.0 0.0 0.0 0.0 0.0 0.0 0.0 -9.213 -9.316 -9.73 -9.937 -10.041 -10.041 -9.937 -9.937 -9.937 -9.937 -10.041 -10.041 -10.041 -10.041 -9.937 -9.937 -9.937 -9.834 -9.834 -9.834 -9.834 -9.834 -9.834 -9.834 -9.73 -9.73 -9.627 -9.627 -9.627 -9.627 -9.627 -9.627 -9.627 -9.627 -9.627 -9.627 -9.834 -9.834 -9.73 -9.73 -9.627 -9.627 -9.627 -9.627 -9.523 -9.523 -9.523 -9.42 -9.42 -9.42 -9.316 -9.316 -9.316 -9.316 -9.213 0.0 0.0 0.0 0.0 0.0 0.0 0.0 0.0 0.0 0.0 0.0 0.0 0.0 0.0 0.0 0.0 0.0 0.0 0.0 0.0 0.0 0.0 0.0 0.0 0.0 0.0 0.0 0.0 0.0 0.0 0.0 0.0 0.0 0.0 0.0 0.0 0.0 0.0 0.0 0.0 0.0 0.0 0.0 0.0 0.0 0.0 0.0 0.0 0.0 0.0 0.0 0.0 0.0 0.0 0.0 0.0 0.0 0.0 0.0 0.0 0.0 0.0 -5.693 -9.627 -9.937 -10.248 -10.352 -10.248 -10.144 -10.041 -9.937 -9.834 -9.834 -9.834 -9.937 -9.937 -10.144 -10.144 -10.144 -10.144 -10.144 -10.144 -10.144 -10.041 -10.041 -10.041 -9.937 -9.937 -9.834 -9.937 -9.834 -9.834 -9.834 -9.73 -9.73 -9.627 -9.627 -9.523 -9.523 -9.523 -9.42 -9.42 -9.316 -9.316 -9.316 -9.213 -9.213 -9.213 -9.213 -9.109 -9.109 -9.109 -9.109 -9.109 -9.006 -9.006 -8.902 -9.006 -8.902 -9.006 -8.902 -8.902 -8.902 -8.902 -8.799 -8.799 -8.799 -8.799 -8.799 -8.799 -8.799 -8.695 -8.799 -8.695 0.0 0.0 0.0 0.0 0.0 0.0 0.0 0.0 0.0 0.0 0.0 0.0 0.0 0.0 0.0 0.0 0.0 0.0 0.0 0.0 0.0 0.0 0.0 0.0 0.0 0.0 0.0 0.0 0.0 0.0 -10.041 -10.144 -10.248 -10.144 -9.834 -9.627 -9.42 -9.316 -9.316 -9.316 -9.316 -9.316 -9.42 -9.523 -9.523 -9.523 -9.523 -9.523 -9.42 -9.523 -9.523 -9.42 -9.42 -9.316 -9.316 -9.316 -9.213 -9.213 -9.213 -9.213 -9.109 -9.213 -9.109 -9.109 -9.109 -9.109 -9.109 -9.109 -9.006 -9.006 -9.006 -9.006 -9.006 -8.902 -8.902 -8.902 -8.799 -8.799 -8.799 -8.799 -8.799 -8.799 -8.799 -8.799 -8.799 -8.799 -8.695 -8.695 -8.695 -8.695 -8.695 -8.592 -8.695 -8.695 -8.592 -8.592 -8.592 -8.592 -8.592 -8.592 -8.592 -8.592 -8.592 -8.592 -8.592 -8.592 -8.592 -8.592 -8.488 -8.488 -8.488 -8.488 0.0 0.0 0.0 0.0 0.0 0.0 0.0 0.0 0.0 0.0 0.0 0.0 0.0 0.0 -10.144 -9.834 -9.627 -9.316 -9.213 -9.109 -9.006 -8.902 -9.006 -8.902 -9.006 -9.006 -9.006 -9.006 -9.006 -9.006 -9.006 -9.006 -9.006 -9.006 -9.006 -8.902 -8.902 -9.006 -9.006 -9.006 -8.902 -8.902 -8.902 -8.902 -8.902 -8.799 -8.799 -8.799 
# name: power
# type: matrix
# rows: 1
# columns: 359
 0.0 0.0 0.0 0.0 0.0 0.0 0.0 0.0 0.0 0.0 19.875 20.082 20.497 20.807 20.911 20.911 20.911 20.911 20.911 21.014 21.014 21.014 21.118 21.014 21.014 21.014 21.014 20.911 20.911 20.807 20.807 20.911 20.807 20.807 20.704 20.6 20.497 20.6 20.497 20.6 20.6 20.6 20.6 20.6 20.6 20.704 20.807 20.807 20.807 20.704 20.6 20.6 20.6 20.497 20.497 20.497 20.393 20.289 20.289 20.289 20.289 20.186 20.186 20.082 20.082 0.0 0.0 0.0 0.0 0.0 0.0 0.0 0.0 0.0 0.0 0.0 0.0 0.0 0.0 0.0 0.0 0.0 0.0 0.0 0.0 0.0 0.0 0.0 0.0 0.0 0.0 0.0 0.0 0.0 0.0 0.0 0.0 0.0 0.0 0.0 0.0 0.0 0.0 0.0 0.0 0.0 0.0 0.0 0.0 0.0 0.0 0.0 0.0 0.0 0.0 0.0 0.0 0.0 0.0 0.0 0.0 0.0 0.0 0.0 0.0 0.0 0.0 10.352 20.393 20.911 21.221 21.325 21.325 21.118 21.014 20.911 20.704 20.704 20.704 20.807 20.911 21.118 21.118 21.118 21.221 21.221 21.118 21.118 21.118 21.118 20.911 20.911 20.911 20.807 20.807 20.704 20.704 20.6 20.6 20.497 20.497 20.393 20.289 20.289 20.289 20.186 20.186 20.186 20.186 20.082 20.082 19.979 19.979 19.979 19.875 19.875 19.875 19.875 19.875 19.772 19.772 19.668 19.772 19.668 19.668 19.668 19.668 19.668 19.668 19.565 19.565 19.461 19.461 19.461 19.461 19.461 19.461 19.461 19.358 0.0 0.0 0.0 0.0 0.0 0.0 0.0 0.0 0.0 0.0 0.0 0.0 0.0 0.0 0.0 0.0 0.0 0.0 0.0 0.0 0.0 0.0 0.0 0.0 0.0 0.0 0.0 0.0 0.0 0.0 21.221 21.325 21.428 21.221 20.911 20.704 20.393 20.186 20.186 20.186 20.186 20.186 20.289 20.497 20.497 20.497 20.497 20.497 20.497 20.393 20.497 20.393 20.289 20.289 20.289 20.082 20.082 20.082 19.979 20.082 20.082 20.082 19.979 19.979 19.979 19.979 19.979 19.979 19.875 19.979 19.875 19.875 19.772 19.772 19.772 19.772 19.668 19.668 19.668 19.668 19.565 19.565 19.565 19.565 19.565 19.565 19.461 19.565 19.461 19.461 19.358 19.254 19.358 19.461 19.461 19.358 19.358 19.358 19.358 19.358 19.358 19.358 19.358 19.358 19.358 19.358 19.254 19.358 19.254 19.254 19.254 19.151 0.0 0.0 0.0 0.0 0.0 0.0 0.0 0.0 0.0 0.0 0.0 0.0 0.0 0.0 21.325 20.911 20.6 20.289 20.082 19.875 19.772 19.668 19.772 19.772 19.875 19.772 19.772 19.772 19.772 19.772 19.772 19.772 19.772 19.772 19.772 19.772 19.772 19.772 19.772 19.772 19.772 19.772 19.668 19.668 19.668 19.565 19.668 19.565 
