# name: phAngle
# type: matrix
# rows: 1
# columns: 359
 0 0 0 0 0 0 0 0 0 0 0 0 0 0 0 0 0 0 0 0 0 0 0 0 0 0 0 0 0 0 0 0 0 0 0 0 0 0 0 0 0 0 0 0 0 0 0 0 0 0 0 0 0 0 0 0 0 0 0 0 0 0 0 0 0 0 0 0 0 0 0 0 0 0 0 0 0 0 0 0 0 0 0 0 0 0 0 0 0 0 0 0 0 0 0 0 0 0 0 0 0 0 0 0 0 0 0 0 0 0 0 0 0 0 0 0 0 0 0 0 0 0 0 0 0 0 0 0 0 0 0 0 0 0 0 0 0 0 0 0 0 0 0 0 0 0 0 0 0 0 0 0 0 0 0 0 0 0 0 0 0 0 0 0 0 0 0 0 0 0 0 0 0 0 0 0 0 0 0 0 0 0 0 0 0 0 0 0 0 0 0 0 0 0 0 0 0 0 0 0 0 0 0 0 0 0 0 0 0 0 0 0 0 0 0 0 0 0 0 0 0 0 0 0 0 0 0 0 0 0 0 0 0 0 0 0 0 0 0 0 0 0 0 0 0 0 0 0 0 0 0 0 0 0 0 0 0 0 0 0 0 0 0 0 0 0 0 0 0 0 0 0 0 0 0 0 0 0 0 0 0 0 0 0 0 0 0 0 0 0 0 0 0 0 0 0 0 0 0 0 0 0 0 0 0 0 0 0 0 0 0 0 0 0 0 0 0 0 0 0 0 0 0 0 0 0 0 0 0 0 0 0 0 0 0 0 0 0 0 0 0 0 0 0 0 0 0 0 0 0 0 0 0 0 0 0 0 0 0 
# name: freq
# type: matrix
# rows: 1
# columns: 359
 50.0 50.0 50.0 50.0 50.0 50.0 50.0 50.0 50.0 50.0 50.0 50.0 50.0 50.0 50.0 50.0 50.0 50.0 50.0 50.0 50.0 50.0 50.0 50.0 50.0 50.0 50.0 50.0 50.0 50.0 50.0 50.0 50.0 50.0 50.0 50.0 50.0 50.0 50.0 50.0 50.0 50.0 50.0 50.0 50.0 50.0 50.0 50.0 50.0 50.0 50.0 50.0 50.0 50.0 50.0 50.0 50.0 50.0 50.0 50.0 50.0 50.0 50.0 50.0 50.0 50.0 50.0 50.0 50.0 50.0 50.0 50.0 50.0 50.0 50.0 50.0 50.0 50.0 50.0 50.0 50.0 50.0 50.0 50.0 50.0 50.0 50.0 50.0 50.0 50.0 50.0 50.0 50.0 50.0 50.0 50.0 50.0 50.0 50.0 50.0 50.0 50.0 50.0 50.0 50.0 50.0 50.0 50.0 50.0 50.0 50.0 50.0 50.0 50.0 50.0 50.0 50.0 50.0 50.0 50.0 50.0 50.0 50.0 50.0 50.0 50.0 50.0 50.0 50.0 50.0 50.0 50.0 50.0 50.0 50.0 50.0 50.0 50.0 50.0 50.0 50.0 50.0 50.0 50.0 50.0 50.0 50.0 50.0 50.0 50.0 50.0 50.0 50.0 50.0 50.0 50.0 50.0 50.0 50.0 50.0 50.0 50.0 50.0 50.0 50.0 50.0 50.0 50.0 50.0 50.0 50.0 50.0 50.0 50.0 50.0 50.0 50.0 50.0 50.0 50.0 50.0 50.0 50.0 50.0 50.0 50.0 50.0 50.0 50.0 50.0 50.0 50.0 50.0 50.0 50.0 50.0 50.0 50.0 50.0 50.0 50.0 50.0 50.0 50.0 50.0 50.0 50.0 50.0 50.0 50.0 50.0 50.0 50.0 50.0 50.0 50.0 50.0 50.0 50.0 50.0 50.0 50.0 50.0 50.0 50.0 50.0 50.0 50.0 50.0 50.0 50.0 50.0 50.0 50.0 50.0 50.0 50.0 50.0 50.0 50.0 50.0 50.0 50.0 50.0 50.0 50.0 50.0 50.0 50.0 50.0 50.0 50.0 50.0 50.0 50.0 50.0 50.0 50.0 50.0 50.0 50.0 50.0 50.0 50.0 50.0 50.0 50.0 50.0 50.0 50.0 50.0 50.0 50.0 50.0 50.0 50.0 50.0 50.0 50.0 50.0 50.0 50.0 50.0 50.0 50.0 50.0 50.0 50.0 50.0 50.0 50.0 50.0 50.0 50.0 50.0 50.0 50.0 50.0 50.0 50.0 50.0 50.0 50.0 50.0 50.0 50.0 50.0 50.0 50.0 50.0 50.0 50.0 50.0 50.0 50.0 50.0 50.0 50.0 50.0 50.0 50.0 50.0 50.0 50.0 50.0 50.0 50.0 50.0 50.0 50.0 50.0 50.0 50.0 50.0 50.0 50.0 50.0 50.0 50.0 50.0 50.0 50.0 50.0 50.0 50.0 50.0 50.0 50.0 50.0 50.0 50.0 50.0 50.0 50.0 50.0 50.0 50.0 50.0 50.0 
# name: reacPower
# type: matrix
# rows: 1
# columns: 359
 0.0 0.0 0.0 0.0 0.0 0.0 0.0 0.0 0.0 0.0 0.0 0.0 0.0 0.0 0.0 0.0 0.0 0.0 0.0 0.0 0.0 0.0 0.0 0.0 0.0 0.0 0.0 0.0 0.0 0.0 0.0 0.0 0.0 0.0 0.0 0.0 0.0 0.0 0.0 0.0 0.0 0.0 0.0 0.0 0.0 0.0 0.0 -1.759 -1.863 -1.966 -1.966 -1.863 -1.863 -1.863 -1.863 -1.759 -1.759 -1.759 -1.759 -1.759 -1.759 -1.759 -1.759 -1.759 -1.656 -1.656 -1.656 -1.656 -1.656 -1.656 -1.656 -1.656 -1.656 -1.656 -1.656 -1.656 -1.656 -1.656 -1.656 -1.656 -1.656 -1.656 -1.552 -1.656 -1.656 -1.656 -1.656 -1.656 -1.552 -1.552 -1.552 -1.552 -1.552 -1.552 -1.552 -1.552 -1.552 -1.552 -1.552 -1.552 -1.552 -1.552 -1.552 -1.552 -1.552 -1.552 -1.552 -1.552 -1.552 -1.552 -1.552 -1.552 -1.552 -1.552 -1.552 -1.552 -1.552 -1.552 -1.552 -1.552 -1.552 -1.552 -1.552 -1.552 -1.552 -1.552 -1.552 -1.552 -1.552 -1.552 -1.552 -1.552 -1.552 -1.552 -1.552 -1.552 -1.552 -1.552 -1.552 -1.552 -1.552 -1.552 -1.552 -1.552 -1.552 -1.552 -1.552 -1.552 -1.552 -1.552 -1.552 -1.552 -1.552 -1.552 -1.552 -1.552 -1.552 -1.552 -1.552 -1.552 -1.552 -1.552 -1.552 -1.552 -1.552 -1.552 -1.552 -1.552 -1.552 -1.552 -1.552 -1.552 -1.552 -1.552 -1.552 -1.552 -1.552 -1.552 -1.552 -1.552 -1.552 -1.552 -1.552 -1.552 -1.552 -1.552 -1.552 -1.552 -1.552 -1.552 -1.552 -1.552 -1.552 -1.552 -1.552 -1.552 -1.552 -1.552 -1.552 -1.552 -1.552 -1.552 -1.552 -1.552 -1.552 -1.552 -1.552 -1.552 -1.552 -1.552 -1.552 -1.552 -1.552 -1.552 -1.552 -1.552 -1.552 -1.552 -1.552 -1.552 -1.552 -1.552 -1.552 -1.552 -1.552 -1.552 -1.552 -1.552 -1.552 -1.552 -1.552 -1.552 -1.552 -1.552 -1.552 -1.552 -1.552 -1.552 -1.552 -1.552 -1.552 -1.552 -1.552 -1.552 -1.552 -1.552 -1.552 -1.552 -1.552 -1.552 -1.552 -1.552 -1.552 -1.552 -1.552 -1.552 -1.552 -1.552 -1.552 -1.552 -1.552 -1.552 0.0 0.0 0.0 0.0 0.0 0.0 0.0 0.0 0.0 0.0 0.0 0.0 0.0 0.0 0.0 0.0 0.0 0.0 0.0 0.0 0.0 0.0 0.0 0.0 0.0 0.0 0.0 0.0 0.0 0.0 0.0 0.0 0.0 0.0 0.0 0.0 0.0 0.0 0.0 0.0 0.0 0.0 0.0 0.0 0.0 0.0 0.0 0.0 0.0 0.0 0.0 0.0 0.0 0.0 0.0 0.0 0.0 0.0 0.0 0.0 0.0 0.0 -1.863 -1.966 -1.966 -1.966 -1.863 -1.863 -1.759 -1.759 -1.759 -1.759 -1.759 -1.759 -1.759 -1.759 -1.656 -1.656 -1.656 -1.656 -1.656 -1.656 -1.656 -1.656 -1.656 -1.656 -1.656 -1.656 -1.656 -1.656 -1.656 -1.656 -1.656 -1.552 -1.656 -1.552 -1.552 
# name: power
# type: matrix
# rows: 1
# columns: 359
 0.0 0.0 0.0 0.0 0.0 0.0 0.0 0.0 0.0 0.0 0.0 0.0 0.0 0.0 0.0 0.0 0.0 0.0 0.0 0.0 0.0 0.0 0.0 0.0 0.0 0.0 0.0 0.0 0.0 0.0 0.0 0.0 0.0 0.0 0.0 0.0 0.0 0.0 0.0 0.0 0.0 0.0 0.0 0.0 0.0 0.0 0.0 4.554 4.865 4.968 4.968 4.865 4.865 4.761 4.761 4.658 4.658 4.658 4.658 4.554 4.554 4.554 4.554 4.554 4.554 4.554 4.554 4.451 4.451 4.451 4.451 4.451 4.451 4.451 4.451 4.451 4.451 4.451 4.451 4.451 4.451 4.347 4.347 4.347 4.347 4.347 4.347 4.347 4.347 4.347 4.347 4.347 4.347 4.347 4.347 4.347 4.347 4.347 4.347 4.347 4.347 4.347 4.347 4.347 4.347 4.347 4.347 4.244 4.347 4.244 4.244 4.244 4.244 4.244 4.244 4.244 4.244 4.244 4.244 4.244 4.244 4.244 4.244 4.244 4.244 4.244 4.244 4.244 4.244 4.244 4.244 4.244 4.244 4.244 4.347 4.244 4.244 4.244 4.244 4.244 4.244 4.244 4.244 4.244 4.244 4.244 4.244 4.244 4.244 4.244 4.244 4.244 4.244 4.244 4.244 4.244 4.244 4.244 4.244 4.244 4.244 4.244 4.244 4.244 4.244 4.244 4.244 4.244 4.244 4.244 4.244 4.244 4.244 4.244 4.244 4.244 4.244 4.244 4.244 4.244 4.244 4.244 4.244 4.244 4.244 4.244 4.244 4.244 4.244 4.244 4.244 4.244 4.244 4.244 4.244 4.244 4.244 4.244 4.244 4.244 4.244 4.244 4.244 4.244 4.244 4.244 4.244 4.244 4.244 4.244 4.244 4.244 4.244 4.244 4.244 4.244 4.244 4.244 4.244 4.244 4.244 4.244 4.244 4.244 4.244 4.244 4.244 4.244 4.244 4.244 4.244 4.244 4.244 4.244 4.244 4.244 4.244 4.244 4.244 4.244 4.244 4.244 4.244 4.244 4.244 4.244 4.244 4.244 4.244 4.244 4.244 4.244 4.244 4.244 4.244 4.244 4.244 4.244 4.244 4.244 4.244 4.244 0.0 0.0 0.0 0.0 0.0 0.0 0.0 0.0 0.0 0.0 0.0 0.0 0.0 0.0 0.0 0.0 0.0 0.0 0.0 0.0 0.0 0.0 0.0 0.0 0.0 0.0 0.0 0.0 0.0 0.0 0.0 0.0 0.0 0.0 0.0 0.0 0.0 0.0 0.0 0.0 0.0 0.0 0.0 0.0 0.0 0.0 0.0 0.0 0.0 0.0 0.0 0.0 0.0 0.0 0.0 0.0 0.0 0.0 0.0 0.0 0.0 0.0 4.968 5.072 4.968 4.968 4.865 4.761 4.761 4.761 4.658 4.658 4.658 4.658 4.554 4.554 4.554 4.554 4.554 4.554 4.554 4.554 4.554 4.451 4.451 4.451 4.451 4.451 4.451 4.451 4.451 4.347 4.347 4.347 4.347 4.347 4.347 
