# name: phAngle
# type: matrix
# rows: 1
# columns: 358
 0 0 0 0 0 0 0 0 0 0 0 0 0 0 0 0 0 0 344 337 337 337 337 339 339 339 337 337 337 339 339 339 337 337 337 337 337 337 337 337 337 337 337 337 337 337 337 337 337 337 337 337 337 337 337 337 337 337 337 337 337 337 337 337 337 337 337 337 337 337 337 337 337 337 337 337 337 337 337 337 337 337 337 337 337 337 337 344 344 344 344 344 344 344 344 344 344 344 344 344 344 344 344 344 344 344 344 344 344 344 344 344 344 344 344 344 344 344 344 344 344 344 344 344 344 344 344 344 344 344 344 344 344 344 344 344 344 344 344 344 344 344 344 344 344 344 344 344 344 344 344 344 344 344 344 344 344 344 344 344 344 344 344 344 344 344 344 344 344 344 344 344 344 344 344 344 344 341 344 344 344 344 344 344 344 344 344 344 344 344 344 344 344 344 344 344 344 344 344 344 344 344 344 344 344 344 344 344 344 344 344 344 344 344 344 344 344 344 344 344 344 344 344 344 344 344 344 344 344 344 344 344 344 344 344 344 344 344 344 344 344 344 344 344 344 344 344 344 344 344 344 344 344 344 344 344 344 344 344 344 344 344 344 344 344 344 344 344 344 344 344 344 344 344 344 344 344 344 344 344 344 344 344 344 344 344 344 344 344 344 344 344 344 344 344 344 344 344 344 344 344 344 344 344 344 344 344 344 344 344 344 344 344 344 344 344 344 344 344 344 344 344 344 344 344 344 344 344 344 344 344 344 344 344 344 344 344 344 344 344 344 344 344 344 344 341 344 344 344 344 344 344 344 344 344 344 344 344 
# name: freq
# type: matrix
# rows: 1
# columns: 358
 50.0 50.0 50.0 50.0 50.0 50.0 50.0 50.0 50.0 50.0 50.0 50.0 50.0 50.0 50.0 50.0 50.0 50.0 50.0 50.0 50.0 50.0 50.0 50.1 50.0 50.0 50.0 50.0 50.0 50.0 50.1 50.0 50.1 50.0 50.0 50.0 50.0 50.1 50.0 50.1 50.0 50.1 50.0 50.1 50.0 50.0 50.0 50.0 50.1 50.0 50.0 50.0 50.1 50.0 50.0 50.1 50.1 50.1 50.1 50.1 50.0 50.0 50.1 50.0 50.1 50.0 50.0 50.0 50.0 50.0 50.0 50.0 50.0 50.0 50.0 50.0 50.0 50.0 50.0 50.0 50.0 50.0 50.0 50.0 49.9 49.9 49.9 49.9 49.9 50.0 50.0 49.9 50.0 50.0 50.0 50.0 49.9 49.9 50.0 49.9 50.0 50.0 50.0 50.0 50.0 50.0 50.0 49.9 50.0 50.0 50.0 50.0 50.0 50.0 50.0 50.0 50.0 50.0 50.0 50.0 50.0 50.0 50.0 50.0 50.0 50.0 50.0 50.0 50.0 50.0 50.0 50.0 50.0 50.0 50.0 50.0 50.0 50.0 50.0 50.0 50.0 50.0 50.0 50.0 50.0 50.0 50.0 50.0 50.0 50.0 50.0 50.0 50.0 50.0 50.0 50.0 50.0 50.0 50.0 50.0 50.0 50.0 50.0 50.0 50.0 50.0 50.0 50.0 50.0 50.0 50.0 50.0 50.0 50.0 50.0 50.0 50.0 50.0 50.0 50.0 50.0 50.0 50.0 50.0 50.0 50.0 50.1 50.0 50.0 50.0 50.0 50.0 50.0 50.0 50.0 50.0 50.0 50.0 50.0 50.0 50.0 50.0 50.0 50.0 50.0 50.0 50.0 50.0 50.0 50.0 50.0 50.0 50.0 50.0 50.0 50.0 50.0 50.1 50.0 50.0 50.0 50.0 50.0 50.0 50.0 50.0 50.0 50.1 50.0 50.0 50.0 50.0 50.0 50.0 50.0 50.0 50.0 50.0 50.0 50.0 50.0 50.0 50.0 50.0 50.0 50.0 50.0 50.0 50.1 50.0 50.0 50.0 50.0 50.0 50.0 50.0 50.0 50.0 50.0 50.0 50.0 50.0 50.0 50.0 50.0 50.0 50.0 50.0 50.0 50.0 50.0 50.0 50.0 50.0 50.0 50.0 50.0 50.0 50.0 50.0 50.0 50.0 50.0 50.0 50.0 50.0 50.0 50.0 50.0 50.0 50.0 50.0 50.0 50.0 50.0 50.0 50.0 50.0 50.0 50.0 50.0 50.0 50.0 50.0 50.0 50.0 50.0 50.0 50.0 50.0 50.0 50.0 50.0 50.0 50.0 50.0 50.0 50.0 50.0 50.0 50.0 50.0 50.0 50.0 50.0 50.0 50.0 50.0 50.0 50.0 50.0 50.0 50.0 50.0 50.0 50.0 50.0 50.0 50.0 50.0 50.0 50.0 50.0 50.0 50.0 50.0 50.0 50.0 50.0 50.0 50.0 50.0 50.0 50.0 50.0 50.0 50.0 50.0 
# name: reacPower
# type: matrix
# rows: 1
# columns: 358
 0.0 0.0 0.0 0.0 0.0 0.0 0.0 0.0 0.0 0.0 0.0 0.0 0.0 0.0 0.0 0.0 0.0 0.0 -6.004 -6.107 -6.418 -6.521 -6.625 -6.728 -6.728 -6.728 -6.728 -6.728 -6.728 -6.728 -6.728 -6.728 -6.728 -6.728 -6.728 -6.625 -6.625 -6.625 -6.625 -6.728 -6.625 -6.625 -6.625 -6.625 -6.728 -6.728 -6.728 -6.625 -6.728 -6.728 -6.832 -6.832 -6.728 -6.728 -6.625 -6.728 -6.728 -6.728 -6.728 -6.625 -6.625 -6.625 -6.625 -6.521 -6.521 -6.521 -6.521 -6.418 -6.418 -6.418 -6.418 -6.418 -6.418 -6.418 -6.418 -6.314 -6.314 -6.314 -6.314 -6.314 -6.314 -6.211 -6.211 -6.211 -6.211 -6.211 -6.107 -6.107 -6.107 -6.107 -6.004 -6.107 -6.107 -6.107 -6.107 -6.107 -6.004 -6.004 -6.004 -6.004 -6.004 -6.004 -6.004 -6.004 -5.9 -5.9 -5.9 -5.9 -5.9 -6.004 -5.9 -5.9 -5.9 -5.9 -5.9 -5.9 -5.9 -5.9 -5.9 -5.9 -5.9 -5.797 -5.797 -5.797 -5.9 -5.797 -5.797 -5.797 -5.797 -5.797 -5.797 -5.797 -5.797 -5.797 -5.797 -5.797 -5.797 -5.9 -5.9 -5.797 -5.9 -5.9 -5.9 -5.9 -5.9 -5.9 -5.9 -5.9 -5.9 -5.9 -5.9 -5.9 -5.797 -5.797 -5.9 -5.9 -5.9 -5.9 -5.9 -5.9 -5.9 -5.9 -5.797 -5.797 -5.797 -5.9 -5.797 -5.797 -5.797 -5.797 -5.797 -5.797 -5.797 -5.797 -5.797 -5.797 -5.797 -5.797 -5.797 -5.797 -5.797 -5.797 -5.797 -5.797 -5.797 -5.797 -5.797 -5.797 -5.797 -5.797 -5.797 -5.797 -5.797 -5.797 -5.693 -5.797 -5.797 -5.797 -5.797 -5.797 -5.797 -5.797 -5.797 -5.797 -5.797 -5.797 -5.797 -5.797 -5.797 -5.797 -5.797 -5.797 -5.797 -5.797 -5.797 -5.693 -5.797 -5.797 -5.797 -5.797 -5.797 -5.797 -5.797 -5.797 -5.797 -5.9 -5.797 -5.797 -5.797 -5.797 -5.797 -5.9 -5.797 -5.797 -5.797 -5.797 -5.797 -5.797 -5.9 -5.797 -5.797 -5.797 -5.797 -5.693 -5.693 -5.797 -5.797 -5.797 -5.797 -5.797 -5.797 -5.797 -5.797 -5.797 -5.797 -5.797 -5.797 -5.797 -5.797 -5.797 -5.797 -5.797 -5.797 -5.9 -5.797 -5.797 -5.797 -5.797 -5.797 -5.797 -5.797 -5.797 -5.797 -5.797 -5.797 -5.797 -5.797 -5.797 -5.797 -5.797 -5.9 -5.797 -5.797 -5.797 -5.797 -5.9 -5.797 -5.9 -5.797 -5.797 -5.797 -5.9 -5.797 -5.9 -5.9 -5.797 -5.797 -5.9 -5.9 -5.797 -5.797 -5.797 -5.9 -5.797 -5.9 -5.797 -5.797 -5.797 -5.797 -5.9 -5.797 -5.797 -5.9 -5.9 -5.797 -5.9 -5.9 -5.797 -5.9 -5.797 -5.797 -5.797 -5.9 -5.9 -5.797 -5.9 -5.9 -5.797 -5.797 -5.797 -5.797 -5.9 -5.797 -5.797 -5.797 -5.797 -5.797 -5.797 -5.797 -5.9 -5.9 -5.797 -5.797 -5.797 -5.797 -5.693 -5.797 -5.797 -5.797 -5.797 -5.797 -5.797 -5.797 -5.797 -5.797 -5.797 -5.797 -5.797 
