# name: phAngle
# type: matrix
# rows: 1
# columns: 359
 0 0 0 0 0 0 0 0 0 0 0 0 0 0 0 0 0 0 338 338 338 338 338 338 338 338 338 338 338 338 338 338 338 338 338 338 338 338 338 338 338 338 338 338 338 338 338 338 338 338 338 338 338 338 338 338 338 338 338 338 338 338 338 338 338 338 338 338 338 338 338 338 338 338 338 338 338 338 338 338 338 338 338 338 338 338 338 338 338 338 338 338 338 338 338 338 338 338 338 338 338 338 338 338 338 338 338 338 338 338 338 338 338 338 338 338 338 338 338 338 338 338 338 338 338 338 338 338 338 338 338 338 338 338 338 338 338 338 338 338 338 338 338 338 338 338 333 333 338 338 338 338 338 338 338 338 338 338 338 338 338 338 338 338 333 338 338 338 338 338 338 338 338 338 333 338 338 338 338 338 338 338 338 338 338 338 338 338 338 338 338 338 338 338 338 338 338 338 338 338 338 338 338 338 338 338 338 338 338 338 338 338 338 338 338 338 338 338 338 338 338 338 338 338 338 338 338 338 338 338 338 338 338 338 338 338 338 338 338 338 338 338 338 338 338 338 338 338 338 338 338 338 338 338 338 338 338 338 338 338 338 338 338 338 338 338 338 338 338 338 338 338 338 338 338 338 338 338 338 338 338 338 338 338 338 338 338 338 338 338 338 338 338 338 338 338 338 338 338 338 338 338 338 338 338 338 338 338 338 338 338 338 338 338 338 338 338 338 338 338 338 338 338 338 338 338 338 338 338 338 338 338 338 338 338 338 338 338 338 338 338 338 338 338 338 338 338 338 338 338 338 338 338 338 338 338 338 338 338 
# name: freq
# type: matrix
# rows: 1
# columns: 359
 50.0 50.0 50.0 50.0 50.0 50.0 50.0 50.0 50.0 50.0 50.0 50.0 50.0 50.0 50.0 50.0 50.0 50.0 50.0 50.0 50.0 50.0 50.0 50.0 50.0 50.0 50.0 50.0 50.0 50.0 50.1 50.0 50.0 50.1 50.0 50.1 50.0 50.0 50.0 50.0 50.0 50.0 50.0 50.0 50.1 50.0 50.0 50.0 50.0 50.1 50.0 50.1 50.1 50.1 50.0 50.0 50.1 50.0 50.0 50.0 50.0 50.0 50.0 50.0 50.0 50.0 50.0 50.0 50.0 50.0 50.0 50.0 50.0 50.0 50.0 50.0 50.0 50.0 50.0 50.0 50.0 50.0 50.0 50.0 50.0 49.9 49.9 49.9 49.9 49.9 49.9 50.0 49.9 50.0 49.9 50.0 50.0 49.9 50.0 50.0 50.0 50.0 50.0 50.0 50.0 50.0 50.0 50.0 50.0 50.0 50.0 50.0 50.0 50.0 50.0 50.0 50.0 50.0 50.0 50.0 50.0 50.0 50.0 50.0 50.0 50.0 50.0 50.0 50.0 50.0 50.0 50.0 50.0 50.0 50.0 50.0 50.0 50.0 50.0 50.0 50.0 50.0 50.0 50.0 50.0 50.0 50.0 50.0 50.0 50.0 50.0 50.0 50.0 50.0 50.0 50.0 50.0 50.0 50.0 50.0 50.0 50.0 50.0 50.0 50.0 50.0 50.0 50.0 50.0 50.0 50.0 50.0 50.0 50.0 50.0 50.0 50.0 50.0 50.0 50.0 50.0 50.0 50.0 50.0 50.0 50.0 50.0 50.0 50.0 50.0 50.0 50.0 50.0 50.0 50.0 50.0 50.0 50.0 50.0 50.0 50.0 50.0 50.0 50.0 50.0 50.0 50.0 50.1 50.0 50.0 50.1 50.0 50.0 50.0 50.0 50.0 50.0 50.0 50.0 50.0 50.0 50.0 50.0 50.0 50.0 50.0 50.0 50.0 50.0 50.0 50.0 50.0 50.0 50.0 50.0 50.0 50.0 50.0 50.0 50.0 50.0 50.0 50.0 50.0 50.0 50.0 50.0 50.0 50.0 50.0 50.0 50.0 50.0 50.0 50.0 50.0 50.0 50.0 50.0 50.0 50.0 50.0 50.0 50.0 50.0 50.0 50.0 50.0 50.0 50.0 50.0 50.0 50.0 50.0 50.0 50.0 50.0 50.0 50.0 50.0 50.0 50.0 50.0 50.0 50.0 50.0 50.0 50.0 50.0 50.0 50.0 50.0 50.0 50.0 50.0 50.0 50.0 50.0 50.0 50.0 50.0 50.0 50.0 50.0 50.0 50.0 50.0 50.0 50.0 50.0 50.0 50.0 50.0 50.0 50.0 50.0 50.0 50.0 50.0 50.0 50.0 50.0 50.0 50.0 50.0 50.0 50.0 50.0 50.0 50.0 50.0 50.0 50.0 50.0 50.0 50.0 50.0 50.0 50.0 50.0 50.0 50.0 50.0 50.0 50.0 50.0 50.0 50.0 50.0 50.0 50.0 50.0 50.0 50.0 50.0 50.0 50.0 50.0 50.0 
# name: reacPower
# type: matrix
# rows: 1
# columns: 359
 0.0 0.0 0.0 0.0 0.0 0.0 0.0 0.0 0.0 0.0 0.0 0.0 0.0 0.0 0.0 0.0 0.0 0.0 -4.451 -4.658 -4.968 -5.176 -5.383 -5.486 -5.383 -5.279 -5.176 -5.176 -5.176 -5.072 -5.072 -5.072 -4.968 -4.968 -4.968 -4.865 -4.865 -4.865 -4.865 -4.865 -4.865 -4.865 -4.761 -4.761 -4.761 -4.761 -4.761 -4.761 -4.761 -4.761 -4.761 -4.761 -4.658 -4.658 -4.658 -4.761 -4.761 -4.761 -4.761 -4.658 -4.658 -4.658 -4.658 -4.658 -4.658 -4.658 -4.658 -4.658 -4.658 -4.658 -4.658 -4.658 -4.658 -4.761 -4.658 -4.658 -4.658 -4.658 -4.658 -4.658 -4.658 -4.658 -4.658 -4.658 -4.658 -4.658 -4.658 -4.658 -4.658 -4.658 -4.658 -4.658 -4.658 -4.658 -4.658 -4.658 -4.658 -4.658 -4.658 -4.658 -4.658 -4.658 -4.658 -4.658 -4.658 -4.554 -4.658 -4.658 -4.658 -4.658 -4.658 -4.554 -4.554 -4.658 -4.554 -4.658 -4.554 -4.658 -4.554 -4.554 -4.554 -4.554 -4.554 -4.554 -4.658 -4.658 -4.554 -4.554 -4.554 -4.554 -4.554 -4.554 -4.554 -4.554 -4.554 -4.554 -4.554 -4.554 -4.554 -4.554 -4.554 -4.554 -4.554 -4.554 -4.554 -4.554 -4.554 -4.554 -4.554 -4.554 -4.554 -4.554 -4.554 -4.554 -4.554 -4.554 -4.554 -4.554 -4.554 -4.554 -4.554 -4.554 -4.554 -4.554 -4.554 -4.554 -4.554 -4.554 -4.554 -4.554 -4.554 -4.554 -4.554 -4.554 -4.554 -4.554 -4.554 -4.554 -4.554 -4.554 -4.554 -4.554 -4.554 -4.554 -4.554 -4.554 -4.554 -4.554 -4.554 -4.554 -4.554 -4.554 -4.554 -4.554 -4.554 -4.554 -4.554 -4.554 -4.554 -4.554 -4.554 -4.554 -4.554 -4.554 -4.554 -4.554 -4.554 -4.554 -4.554 -4.554 -4.554 -4.554 -4.554 -4.554 -4.554 -4.554 -4.554 -4.554 -4.554 -4.554 -4.554 -4.554 -4.554 -4.554 -4.554 -4.554 -4.554 -4.554 -4.554 -4.554 -4.554 -4.554 -4.554 -4.554 -4.554 -4.554 -4.554 -4.554 -4.554 -4.554 -4.554 -4.554 -4.554 -4.554 -4.554 -4.554 -4.554 -4.554 -4.554 -4.554 -4.554 -4.554 -4.554 -4.554 -4.554 -4.554 -4.554 -4.554 -4.554 -4.554 -4.554 -4.554 -4.554 -4.554 -4.658 -4.554 -4.554 -4.554 -4.554 -4.554 -4.658 -4.554 -4.554 -4.554 -4.554 -4.554 -4.554 -4.554 -4.554 -4.554 -4.554 -4.554 -4.554 -4.554 -4.554 -4.658 -4.658 -4.658 -4.658 -4.554 -4.554 -4.658 -4.658 -4.554 -4.554 -4.658 -4.554 -4.554 -4.658 -4.658 -4.554 -4.658 -4.658 -4.554 -4.554 -4.554 -4.658 -4.554 -4.554 -4.658 -4.658 -4.554 -4.554 -4.554 -4.658 -4.554 -4.554 -4.554 -4.554 -4.554 -4.554 -4.554 -4.554 -4.658 -4.658 -4.554 -4.554 -4.658 -4.658 -4.658 -4.554 -4.554 -4.658 -4.658 -4.554 -4.554 -4.554 -4.658 -4.554 -4.554 -4.658 -4.554 -4.658 -4.554 -4.554 -4.554 -4.554 -4.554 -4.554 -4.554 -4.554 -4.554 -4.554 -4.554 -4.554 -4.554 -4.554 -4.658 -4.658 
