# name: phAngle
# type: matrix
# rows: 1
# columns: 360
 0 0 0 0 0 0 0 0 0 0 0 0 0 0 0 0 0 0 0 0 0 0 0 0 0 0 0 0 0 0 0 0 0 0 0 0 0 0 0 0 0 0 0 0 0 0 0 0 0 0 0 0 0 0 0 0 0 0 0 0 0 0 0 0 0 0 0 0 0 0 0 0 0 0 0 0 0 0 0 0 0 0 0 0 0 0 0 0 0 0 0 0 0 341 338 338 338 338 338 338 338 338 338 338 338 338 338 338 338 338 338 338 338 338 338 338 338 338 338 338 338 338 338 338 338 338 338 338 338 338 338 338 338 338 338 338 338 338 338 338 338 338 338 338 338 338 338 338 338 338 338 338 338 338 338 338 338 338 338 338 338 338 338 338 338 338 338 338 338 338 338 338 338 338 338 338 338 338 338 338 338 338 338 338 338 338 338 338 338 338 338 338 338 338 338 338 338 338 338 338 338 338 338 338 338 338 338 338 338 338 338 338 338 338 338 338 338 338 338 338 338 338 338 338 338 338 338 338 338 338 338 338 338 338 338 338 338 338 338 338 338 338 338 338 338 338 338 338 338 338 338 338 338 338 338 338 338 338 338 338 338 338 338 338 338 338 338 338 338 338 338 338 338 338 338 338 338 338 338 338 338 338 338 338 338 338 338 338 338 338 338 338 338 338 338 338 338 338 338 338 338 338 338 338 338 338 338 338 338 338 338 338 338 338 338 338 338 338 338 338 338 338 338 338 338 338 338 338 338 338 338 338 338 338 338 338 338 338 338 338 338 338 338 338 338 338 338 338 338 338 338 338 338 338 338 338 338 338 338 338 
# name: freq
# type: matrix
# rows: 1
# columns: 360
 50.0 50.0 50.0 50.0 50.0 50.0 50.0 50.0 50.0 50.0 50.0 50.0 50.0 50.0 50.0 50.0 50.1 50.0 50.0 50.0 50.0 50.0 50.0 50.0 50.0 50.0 50.0 50.0 50.0 50.0 50.0 50.0 50.0 50.0 50.0 50.0 50.0 50.0 50.1 50.0 50.1 50.1 50.0 50.0 50.0 50.1 50.0 50.0 50.0 50.0 50.0 50.0 50.0 50.0 50.0 50.0 50.1 50.1 50.1 50.1 50.0 50.0 50.0 50.0 50.0 50.1 50.0 50.0 50.0 50.0 50.0 50.0 50.0 50.0 50.0 50.0 50.0 50.0 50.0 50.0 50.0 50.0 50.0 50.0 50.0 50.0 50.0 50.0 50.0 50.0 50.0 50.0 50.0 50.0 50.0 50.0 50.0 50.0 50.0 50.0 50.0 50.0 50.0 50.0 50.0 50.0 50.0 50.0 50.0 50.0 50.0 50.0 50.0 50.0 50.0 50.0 50.0 50.0 50.0 50.0 50.0 50.0 50.0 50.0 50.0 50.0 50.0 50.0 50.0 50.0 50.0 50.0 50.0 50.0 50.0 50.0 50.0 50.0 50.0 50.0 50.0 50.0 50.0 50.0 50.0 50.0 50.0 50.0 50.0 50.0 50.0 50.0 50.0 50.0 50.0 50.0 50.0 50.0 50.0 50.0 50.0 50.0 50.0 50.0 50.0 50.0 50.0 50.0 50.0 50.0 50.0 50.0 50.0 50.0 50.0 50.0 50.0 50.0 50.0 50.0 50.0 50.0 50.0 50.0 50.0 50.0 50.0 50.0 50.0 50.0 50.0 50.0 50.0 50.0 50.0 50.0 50.0 50.0 50.0 50.0 50.0 50.0 50.0 50.0 50.0 50.0 50.0 50.0 50.0 50.0 50.0 50.0 50.0 50.0 50.0 50.0 50.0 50.0 50.0 50.0 50.0 50.0 50.0 50.0 50.0 50.0 50.0 50.0 50.0 50.0 50.0 50.0 50.0 50.0 50.0 50.0 50.0 50.0 50.0 50.0 50.0 50.0 50.0 50.0 50.0 50.0 50.0 50.0 50.0 50.0 50.0 50.0 50.0 50.0 50.0 50.1 50.0 50.0 50.0 50.0 50.0 50.0 50.0 50.0 50.0 50.0 50.0 50.0 50.0 50.0 50.0 50.0 50.0 50.0 50.0 50.0 50.0 50.0 50.0 50.0 50.0 50.0 50.0 50.0 50.0 50.0 50.0 50.0 50.0 50.0 50.0 50.0 50.0 50.0 50.0 50.0 50.0 50.0 50.0 50.0 50.0 50.0 50.0 50.0 50.0 50.0 50.0 50.0 50.0 50.0 50.0 50.0 50.0 50.0 50.0 50.0 50.0 50.0 50.0 50.1 50.0 50.0 50.1 50.0 50.0 50.0 50.0 50.0 50.1 50.0 50.0 50.0 50.0 50.0 50.0 50.0 50.0 50.0 50.0 50.0 50.1 50.0 50.0 50.0 50.0 50.0 50.0 50.0 50.0 50.0 50.0 50.0 50.0 50.0 50.0 50.0 50.0 50.0 50.0 50.0 
# name: reacPower
# type: matrix
# rows: 1
# columns: 360
 0.0 0.0 0.0 0.0 0.0 0.0 0.0 0.0 0.0 0.0 0.0 0.0 0.0 0.0 0.0 0.0 0.0 0.0 0.0 0.0 0.0 0.0 0.0 0.0 0.0 0.0 0.0 0.0 0.0 0.0 0.0 0.0 0.0 0.0 0.0 0.0 0.0 0.0 0.0 0.0 0.0 0.0 0.0 0.0 0.0 0.0 0.0 0.0 0.0 0.0 0.0 0.0 0.0 0.0 0.0 0.0 0.0 0.0 0.0 0.0 0.0 0.0 0.0 0.0 0.0 0.0 0.0 0.0 0.0 0.0 0.0 0.0 0.0 0.0 0.0 0.0 0.0 0.0 0.0 0.0 0.0 0.0 0.0 0.0 0.0 0.0 0.0 0.0 0.0 0.0 0.0 0.0 0.0 -3.002 -4.554 -4.865 -5.176 -5.383 -5.486 -5.486 -5.486 -5.383 -5.176 -5.176 -5.072 -5.072 -5.072 -4.968 -4.968 -4.968 -4.968 -4.968 -4.968 -4.968 -5.072 -4.968 -4.968 -4.968 -4.968 -4.968 -4.968 -4.968 -4.865 -4.865 -4.865 -4.865 -4.865 -4.865 -4.865 -4.865 -4.865 -4.865 -4.865 -4.865 -4.865 -4.865 -4.865 -4.761 -4.761 -4.865 -4.865 -4.761 -4.761 -4.761 -4.761 -4.761 -4.761 -4.761 -4.761 -4.761 -4.761 -4.761 -4.658 -4.761 -4.658 -4.761 -4.658 -4.658 -4.761 -4.658 -4.761 -4.761 -4.658 -4.761 -4.761 -4.761 -4.658 -4.658 -4.761 -4.658 -4.761 -4.761 -4.658 -4.658 -4.761 -4.658 -4.658 -4.658 -4.761 -4.761 -4.658 -4.658 -4.658 -4.658 -4.658 -4.658 -4.658 -4.658 -4.658 -4.658 -4.658 -4.658 -4.658 -4.554 -4.658 -4.658 -4.658 -4.658 -4.554 -4.658 -4.658 -4.658 -4.658 -4.658 -4.658 -4.658 -4.658 -4.658 -4.658 -4.658 -4.658 -4.658 -4.658 -4.658 -4.554 -4.658 -4.658 -4.658 -4.658 -4.554 -4.658 -4.658 -4.658 -4.554 -4.554 -4.658 -4.658 -4.658 -4.658 -4.554 -4.658 -4.658 -4.554 -4.658 -4.554 -4.554 -4.658 -4.658 -4.554 -4.554 -4.554 -4.658 -4.658 -4.658 -4.658 -4.658 -4.554 -4.554 -4.658 -4.554 -4.554 -4.554 -4.554 -4.554 -4.554 -4.554 -4.554 -4.554 -4.658 -4.658 -4.658 -4.554 -4.554 -4.554 -4.658 -4.554 -4.658 -4.554 -4.554 -4.554 -4.554 -4.658 -4.658 -4.658 -4.554 -4.554 -4.554 -4.554 -4.554 -4.554 -4.554 -4.554 -4.554 -4.554 -4.554 -4.554 -4.658 -4.554 -4.554 -4.554 -4.658 -4.658 -4.554 -4.658 -4.658 -4.658 -4.554 -4.554 -4.554 -4.554 -4.554 -4.554 -4.658 -4.554 -4.554 -4.658 -4.554 -4.658 -4.658 -4.658 -4.658 -4.554 -4.658 -4.554 -4.554 -4.658 -4.554 -4.554 -4.658 -4.554 -4.554 -4.658 -4.554 -4.658 -4.554 -4.658 -4.658 -4.658 -4.554 -4.658 -4.658 -4.554 -4.554 -4.658 -4.554 -4.658 -4.658 -4.658 -4.658 -4.658 -4.658 -4.554 -4.658 -4.658 -4.554 -4.554 -4.658 -4.658 -4.554 -4.554 -4.554 -4.554 -4.554 -4.658 -4.658 -4.658 -4.658 -4.658 -4.554 -4.658 
# name: power
# type: matrix
# rows: 1
# columns: 360
 0.0 0.0 0.0 0.0 0.0 0.0 0.0 0.0 0.0 0.0 0.0 0.0 0.0 0.0 0.0 0.0 0.0 0.0 0.0 0.0 0.0 0.0 0.0 0.0 0.0 0.0 0.0 0.0 0.0 0.0 0.0 0.0 0.0 0.0 0.0 0.0 0.0 0.0 0.0 0.0 0.0 0.0 0.0 0.0 0.0 0.0 0.0 0.0 0.0 0.0 0.0 0.0 0.0 0.0 0.0 0.0 0.0 0.0 0.0 0.0 0.0 0.0 0.0 0.0 0.0 0.0 0.0 0.0 0.0 0.0 0.0 0.0 0.0 0.0 0.0 0.0 0.0 0.0 0.0 0.0 0.0 0.0 0.0 0.0 0.0 0.0 0.0 0.0 0.0 0.0 0.0 0.0 0.0 6.728 10.455 10.869 11.283 11.594 11.697 11.697 11.594 11.594 11.283 11.283 11.283 11.18 10.973 10.973 11.076 10.973 10.973 11.076 11.076 11.076 11.076 11.076 10.973 10.973 10.973 10.973 10.869 10.973 10.973 10.869 10.869 10.869 10.869 10.869 10.869 10.869 10.766 10.766 10.869 10.869 10.766 10.869 10.766 10.766 10.766 10.869 10.766 10.766 10.766 10.766 10.662 10.766 10.766 10.766 10.766 10.766 10.766 10.662 10.662 10.766 10.662 10.662 10.662 10.766 10.559 10.662 10.766 10.662 10.662 10.662 10.662 10.559 10.662 10.766 10.662 10.662 10.662 10.662 10.559 10.662 10.766 10.662 10.662 10.662 10.662 10.559 10.662 10.766 10.662 10.662 10.662 10.662 10.662 10.662 10.662 10.662 10.662 10.662 10.662 10.559 10.559 10.662 10.559 10.662 10.559 10.662 10.559 10.559 10.662 10.559 10.559 10.662 10.662 10.559 10.662 10.662 10.559 10.559 10.662 10.662 10.559 10.662 10.766 10.559 10.559 10.662 10.662 10.559 10.662 10.766 10.559 10.559 10.662 10.662 10.559 10.559 10.662 10.559 10.559 10.662 10.662 10.559 10.662 10.662 10.559 10.559 10.662 10.662 10.559 10.559 10.662 10.662 10.662 10.559 10.662 10.662 10.559 10.662 10.662 10.559 10.559 10.662 10.662 10.559 10.662 10.662 10.559 10.559 10.662 10.662 10.559 10.662 10.662 10.559 10.559 10.662 10.662 10.662 10.662 10.662 10.662 10.559 10.662 10.662 10.559 10.662 10.662 10.662 10.559 10.662 10.662 10.559 10.662 10.662 10.662 10.559 10.662 10.662 10.559 10.662 10.766 10.662 10.559 10.662 10.662 10.559 10.662 10.662 10.662 10.559 10.662 10.662 10.559 10.662 10.662 10.662 10.662 10.662 10.662 10.559 10.662 10.766 10.662 10.559 10.662 10.662 10.559 10.662 10.662 10.662 10.662 10.662 10.662 10.559 10.662 10.662 10.662 10.559 10.662 10.662 10.559 10.559 10.662 10.662 10.559 10.662 10.662 10.559 10.662 10.662 10.662 10.559 10.662 10.662 10.559 10.559 10.662 10.662 10.559 10.662 10.662 10.559 10.559 10.662 10.662 10.662 
