# name: phAngle
# type: matrix
# rows: 1
# columns: 359
 0 0 0 0 0 0 0 0 0 0 0 0 0 0 0 0 0 0 0 0 0 0 0 0 0 0 0 0 0 0 0 0 0 0 0 0 0 0 0 0 0 0 0 0 0 0 0 0 0 0 0 0 0 0 0 0 0 0 0 0 0 0 0 0 0 0 0 0 0 0 0 0 0 0 0 0 0 0 0 0 0 0 0 0 0 0 0 0 0 0 344 337 337 337 339 339 339 339 339 339 339 339 337 337 339 339 337 337 339 337 337 339 339 337 337 337 337 337 337 337 337 337 337 337 337 337 337 337 337 337 337 337 337 337 337 337 337 337 337 337 337 337 337 337 337 337 337 337 337 337 337 337 337 337 337 337 337 337 337 337 337 337 344 337 337 337 344 344 337 337 344 344 344 344 344 344 344 344 344 344 344 344 344 344 344 344 344 344 344 344 344 344 344 344 344 344 344 344 344 344 344 344 344 344 344 344 344 344 344 344 344 344 344 344 344 344 344 344 344 344 344 344 344 344 344 344 344 344 344 344 344 344 344 344 344 344 344 344 344 344 344 344 344 344 344 344 344 344 344 344 344 344 344 344 344 344 344 344 344 344 344 344 344 344 344 344 344 344 344 344 344 344 344 344 344 344 344 344 344 344 344 344 344 344 344 344 344 344 344 344 344 344 344 344 344 344 344 344 344 344 344 344 344 344 344 344 344 344 344 344 344 344 344 344 344 344 344 344 344 344 344 344 344 344 344 344 344 344 344 344 344 344 344 344 344 344 344 344 344 344 344 344 344 344 344 344 344 344 344 344 344 344 344 344 344 344 344 344 344 
# name: freq
# type: matrix
# rows: 1
# columns: 359
 50.0 50.0 50.0 50.0 50.0 50.0 50.0 50.0 50.0 50.0 50.0 50.0 50.0 50.0 50.0 50.1 50.0 50.0 50.0 50.0 50.0 50.0 50.0 50.0 50.0 50.0 50.0 50.0 50.0 50.0 50.0 50.0 50.0 50.0 50.0 50.0 50.0 50.0 50.0 50.0 50.1 50.0 50.0 50.1 50.0 50.0 50.0 50.1 50.0 50.1 50.1 50.0 50.0 50.0 50.0 50.0 50.1 50.1 50.1 50.0 50.0 50.1 50.0 50.0 50.0 50.0 50.0 50.0 50.0 50.0 50.1 50.1 50.0 50.0 50.0 50.0 50.1 50.0 50.0 50.0 50.0 50.0 50.0 50.0 50.0 50.0 50.0 50.0 50.0 50.0 50.0 50.0 50.0 50.0 50.0 50.0 50.0 50.0 50.0 50.0 50.0 50.0 50.0 50.0 50.0 50.0 50.0 50.0 50.0 50.0 50.0 50.0 50.0 50.0 50.0 50.0 50.0 50.0 50.0 50.0 50.0 50.0 50.0 50.0 50.0 50.0 50.0 50.0 50.0 50.0 50.0 50.0 50.0 50.0 50.0 50.0 50.0 50.0 50.0 50.0 50.0 50.0 50.0 50.0 50.0 50.0 50.0 50.0 50.0 50.0 50.0 50.0 50.0 50.0 50.0 50.0 50.0 50.0 50.0 50.0 50.0 50.0 50.0 50.0 50.0 50.0 50.0 50.0 50.0 50.0 50.0 50.0 50.0 50.0 50.0 50.0 50.0 50.0 50.0 50.0 50.0 50.0 50.0 50.0 50.0 50.0 50.0 50.0 50.0 50.0 50.0 50.0 50.0 50.0 50.0 50.0 50.0 50.0 50.0 50.0 50.0 50.0 50.0 50.0 50.0 50.0 50.0 50.0 50.0 50.0 50.0 50.0 50.0 50.0 50.0 50.0 50.0 50.0 50.0 50.0 50.0 50.0 50.0 50.0 50.0 50.0 50.0 50.0 50.0 50.0 50.0 50.0 50.0 50.0 50.0 50.0 50.0 50.0 50.0 50.0 50.0 50.0 50.0 50.0 50.0 50.0 50.0 50.0 50.0 50.0 50.0 50.0 50.0 50.0 50.0 50.0 50.0 50.0 50.0 50.0 50.0 50.0 50.0 50.0 50.0 50.0 50.0 50.0 50.0 50.0 50.0 50.0 50.0 50.0 50.0 50.0 50.0 50.0 50.0 50.0 50.0 50.0 50.0 50.0 50.0 50.0 50.0 50.1 50.0 50.0 50.0 50.0 50.0 50.0 50.0 50.0 50.0 50.0 50.0 50.0 50.0 50.0 50.0 50.0 50.0 50.0 50.0 50.0 50.0 50.0 50.0 50.0 50.0 50.0 50.1 50.0 50.0 50.0 50.0 50.1 50.0 50.1 50.0 50.0 50.1 50.1 50.1 50.0 50.0 50.0 50.0 50.1 50.1 50.0 50.1 50.1 50.0 50.0 50.0 50.0 50.1 50.0 50.0 50.0 50.0 50.0 50.0 50.1 50.0 50.1 50.1 50.0 50.1 50.0 50.0 50.0 50.0 50.0 50.0 
# name: reacPower
# type: matrix
# rows: 1
# columns: 359
 0.0 0.0 0.0 0.0 0.0 0.0 0.0 0.0 0.0 0.0 0.0 0.0 0.0 0.0 0.0 0.0 0.0 0.0 0.0 0.0 0.0 0.0 0.0 0.0 0.0 0.0 0.0 0.0 0.0 0.0 0.0 0.0 0.0 0.0 0.0 0.0 0.0 0.0 0.0 0.0 0.0 0.0 0.0 0.0 0.0 0.0 0.0 0.0 0.0 0.0 0.0 0.0 0.0 0.0 0.0 0.0 0.0 0.0 0.0 0.0 0.0 0.0 0.0 0.0 0.0 0.0 0.0 0.0 0.0 0.0 0.0 0.0 0.0 0.0 0.0 0.0 0.0 0.0 0.0 0.0 0.0 0.0 0.0 0.0 0.0 0.0 0.0 0.0 0.0 0.0 -6.107 -6.314 -6.418 -6.625 -6.728 -6.832 -6.935 -6.935 -6.935 -6.935 -6.935 -6.935 -6.832 -6.832 -6.832 -6.935 -6.832 -6.832 -6.832 -6.832 -6.832 -6.935 -6.832 -6.832 -6.832 -6.832 -6.728 -6.728 -6.728 -6.728 -6.625 -6.625 -6.521 -6.418 -6.521 -6.521 -6.625 -6.521 -6.521 -6.625 -6.625 -6.728 -6.728 -6.728 -6.728 -6.728 -6.728 -6.625 -6.521 -6.625 -6.521 -6.521 -6.418 -6.418 -6.418 -6.418 -6.418 -6.314 -6.314 -6.418 -6.314 -6.314 -6.314 -6.211 -6.314 -6.211 -6.211 -6.211 -6.211 -6.211 -6.314 -6.211 -6.107 -6.211 -6.211 -6.211 -6.107 -6.107 -6.211 -6.107 -6.107 -6.107 -6.004 -6.004 -6.107 -6.107 -6.004 -6.004 -6.107 -6.004 -6.004 -6.107 -6.004 -6.004 -6.107 -6.004 -6.004 -5.9 -6.004 -6.004 -6.004 -6.004 -6.004 -5.9 -5.9 -6.004 -6.004 -5.9 -5.9 -5.9 -5.9 -6.004 -6.004 -5.9 -5.797 -5.9 -5.9 -5.9 -5.9 -5.9 -5.9 -5.9 -6.004 -5.9 -5.9 -5.9 -6.004 -6.004 -5.9 -5.9 -6.004 -5.9 -6.004 -6.004 -5.9 -6.004 -6.004 -6.004 -6.004 -5.9 -6.004 -6.004 -5.9 -6.004 -5.9 -5.9 -6.004 -6.004 -5.9 -5.9 -5.797 -6.004 -5.9 -5.9 -5.9 -5.797 -5.797 -5.9 -5.9 -5.9 -5.9 -5.797 -5.9 -5.797 -5.9 -5.9 -5.797 -5.9 -5.9 -5.9 -5.9 -5.9 -5.9 -5.9 -5.9 -5.9 -5.797 -5.797 -5.9 -5.9 -5.9 -5.797 -5.9 -5.797 -5.797 -5.797 -5.797 -5.797 -5.797 -5.797 -5.797 -5.797 -5.9 -5.9 -5.797 -5.797 -5.797 -5.9 -5.797 -5.9 -5.797 -5.9 -5.797 -5.9 -5.797 -5.797 -5.9 -5.797 -5.797 -5.797 -5.797 -5.797 -5.797 -5.797 -5.9 -5.797 -5.797 -5.9 -5.797 -5.797 -5.797 -5.797 -5.797 -5.797 -5.797 -5.797 -5.797 -5.797 -5.797 -5.797 -5.797 -5.9 -5.797 -5.797 -5.797 -5.797 -5.797 -5.797 -5.9 -5.797 -5.797 -5.797 -5.797 -5.797 -5.797 -5.9 -5.9 -5.797 -5.797 -5.797 -5.797 -5.797 -5.797 -5.797 -5.797 -5.797 -5.797 -5.797 -5.797 -5.797 -5.797 -5.693 -5.9 -5.9 -5.797 -5.797 -5.797 -5.797 -5.797 
# name: power
# type: matrix
# rows: 1
# columns: 359
 0.0 0.0 0.0 0.0 0.0 0.0 0.0 0.0 0.0 0.0 0.0 0.0 0.0 0.0 0.0 0.0 0.0 0.0 0.0 0.0 0.0 0.0 0.0 0.0 0.0 0.0 0.0 0.0 0.0 0.0 0.0 0.0 0.0 0.0 0.0 0.0 0.0 0.0 0.0 0.0 0.0 0.0 0.0 0.0 0.0 0.0 0.0 0.0 0.0 0.0 0.0 0.0 0.0 0.0 0.0 0.0 0.0 0.0 0.0 0.0 0.0 0.0 0.0 0.0 0.0 0.0 0.0 0.0 0.0 0.0 0.0 0.0 0.0 0.0 0.0 0.0 0.0 0.0 0.0 0.0 0.0 0.0 0.0 0.0 0.0 0.0 0.0 0.0 0.0 0.0 15.424 15.735 15.942 16.252 16.459 16.563 16.563 16.666 16.666 16.563 16.563 16.563 16.459 16.356 16.563 16.459 16.356 16.356 16.459 16.356 16.459 16.666 16.459 16.459 16.459 16.356 16.252 16.252 16.252 16.149 16.045 16.045 16.045 15.735 15.838 15.942 15.942 15.942 15.942 15.942 15.942 16.149 16.252 16.149 16.045 16.045 16.045 15.942 15.942 15.942 15.838 15.735 15.735 15.735 15.631 15.631 15.631 15.631 15.528 15.528 15.631 15.528 15.528 15.528 15.424 15.321 15.424 15.424 15.321 15.321 15.528 15.321 15.321 15.321 15.321 15.113 15.217 15.321 15.217 15.217 15.217 15.321 15.01 15.113 15.217 15.113 15.01 15.113 15.113 15.01 15.01 15.217 15.01 15.113 15.113 15.217 15.01 15.01 15.113 15.01 15.01 14.906 15.113 14.803 14.906 15.01 14.906 14.906 14.906 15.01 14.803 14.803 14.906 14.803 14.803 14.906 14.906 14.803 14.803 14.906 14.803 14.803 14.906 14.906 14.906 15.01 15.217 14.906 14.906 15.113 15.113 14.906 15.01 15.217 15.01 14.803 15.01 15.113 14.906 14.906 15.113 14.906 14.906 15.01 15.113 14.906 14.906 15.113 14.906 14.906 14.906 15.01 14.803 15.01 15.01 14.906 14.803 14.906 15.01 14.803 15.01 15.01 14.906 14.803 14.906 15.01 14.906 14.906 14.906 14.906 14.803 14.906 15.01 14.803 14.906 15.01 14.803 14.803 15.01 14.906 14.803 14.906 14.906 14.906 14.803 14.906 14.906 14.803 14.906 15.01 14.906 14.803 14.803 14.906 14.803 14.906 14.906 14.906 14.803 14.906 14.906 14.803 14.906 15.01 14.906 14.699 14.906 14.906 14.803 14.906 14.906 14.803 14.699 14.803 14.906 14.699 14.803 14.906 14.803 14.699 14.803 14.803 14.699 14.803 14.906 14.803 14.699 14.803 14.906 14.699 14.803 14.906 14.906 14.803 14.803 14.906 14.699 14.803 14.906 14.803 14.699 14.803 14.803 14.699 14.803 14.803 14.803 14.596 14.699 14.699 14.699 14.699 14.803 14.803 14.699 14.803 14.803 14.699 14.699 14.803 14.803 14.699 14.803 14.803 14.699 14.699 14.803 14.803 14.699 
