# name: phAngle
# type: matrix
# rows: 1
# columns: 360
 0 0 0 0 0 0 0 0 0 0 0 0 0 0 0 0 0 0 0 0 0 0 0 0 0 0 0 0 0 0 0 0 0 0 0 0 0 0 0 0 0 0 0 0 0 0 0 0 0 0 0 0 0 0 0 0 0 0 0 0 0 0 0 0 0 0 0 0 0 0 0 0 0 0 0 0 0 0 0 0 0 0 0 0 0 0 0 0 0 0 0 0 0 0 0 0 0 0 0 0 0 0 0 0 0 0 0 0 0 0 0 0 0 0 0 0 0 0 0 0 0 0 0 0 0 0 0 0 0 0 0 0 0 0 0 0 0 0 0 0 0 0 0 0 0 0 0 0 0 0 0 0 0 0 0 0 0 0 0 0 0 0 0 0 0 0 0 0 0 0 0 0 0 0 0 0 0 0 0 0 0 0 0 0 0 0 0 0 0 0 0 0 0 0 0 0 0 0 0 0 0 0 0 0 0 0 0 0 0 0 0 0 0 0 0 0 0 0 0 0 0 0 0 0 0 0 0 0 0 0 0 0 0 0 0 0 0 0 0 0 0 0 0 0 0 0 0 0 0 0 0 0 0 0 0 0 0 0 0 0 0 0 0 0 0 0 0 0 0 0 0 0 0 0 0 0 0 0 0 0 0 0 0 0 0 0 0 0 0 0 0 0 0 0 0 0 0 0 0 0 0 0 0 0 0 0 0 0 0 0 0 0 0 0 0 0 0 0 0 0 0 0 0 0 0 0 0 0 0 0 0 0 0 0 0 0 0 0 0 0 0 0 0 0 0 0 0 0 0 0 0 0 0 0 0 0 0 0 0 0 
# name: freq
# type: matrix
# rows: 1
# columns: 360
 50.0 50.0 50.0 50.0 50.0 50.0 50.0 50.0 50.0 50.0 50.0 50.0 50.0 50.0 50.0 50.0 50.0 50.0 50.0 50.0 50.0 50.0 50.0 50.0 50.0 50.0 50.0 50.0 50.0 50.0 50.0 50.0 50.0 50.0 50.0 50.0 50.0 50.0 50.0 50.0 50.0 50.0 50.0 50.0 50.0 50.0 50.0 50.0 50.0 50.0 50.0 50.0 50.0 50.0 50.0 50.0 50.0 50.0 50.0 50.0 50.0 50.0 50.0 50.0 50.0 50.0 50.0 50.0 50.0 50.0 50.0 50.0 50.0 50.0 50.0 50.0 50.0 50.0 50.0 50.0 50.0 50.0 50.0 50.0 50.0 50.0 50.0 50.0 50.0 50.0 50.0 50.0 50.0 50.0 50.0 50.0 50.0 50.0 50.0 50.0 50.0 50.0 50.0 50.0 50.0 50.0 50.0 50.0 50.0 50.0 50.0 50.0 50.0 50.0 50.0 50.0 50.0 50.0 50.0 50.0 50.0 50.0 50.0 50.0 50.0 50.0 50.0 50.0 50.0 50.0 50.0 50.0 50.0 50.0 50.0 50.0 50.0 50.0 50.0 50.0 50.0 50.0 50.0 50.0 50.0 50.0 50.0 50.0 50.0 50.0 50.0 50.0 50.0 50.0 50.0 50.0 50.0 50.0 50.0 50.0 50.0 50.0 50.0 50.0 50.0 50.0 50.0 50.0 50.0 50.0 50.0 50.0 50.0 50.0 50.0 50.0 50.0 50.0 50.0 50.0 50.0 50.0 50.0 50.0 50.0 50.0 50.0 50.0 50.0 50.0 50.0 50.0 50.0 50.0 50.0 50.0 50.0 50.0 50.0 50.0 50.0 50.0 50.0 50.0 50.0 50.0 50.0 50.0 50.0 50.0 50.0 50.0 50.0 50.0 50.0 50.0 50.0 50.0 50.0 50.0 50.0 50.0 50.0 50.0 50.0 50.0 50.0 50.0 50.0 50.0 50.0 50.0 50.0 50.0 50.0 50.0 50.0 50.0 50.0 50.0 50.0 50.0 50.0 50.0 50.0 50.0 50.0 50.0 50.0 50.0 50.0 50.0 50.0 50.0 50.0 50.0 50.0 50.0 50.0 50.0 50.0 50.0 50.0 50.0 50.0 50.0 50.0 50.0 50.0 50.0 50.0 50.0 50.0 50.0 50.0 50.0 50.0 50.0 50.0 50.0 50.0 50.0 50.0 50.0 50.0 50.0 50.0 50.0 50.0 50.0 50.0 50.0 50.0 50.0 50.0 50.0 50.0 50.0 50.0 50.0 50.0 50.0 50.0 50.0 50.0 50.0 50.0 50.0 50.0 50.0 50.0 50.0 50.0 50.0 50.0 50.0 50.0 50.0 50.0 50.0 50.0 50.0 50.0 50.0 50.0 50.0 50.0 50.0 50.0 50.0 50.0 50.0 50.0 50.0 50.0 50.0 50.0 50.0 50.0 50.0 50.0 50.0 50.0 50.0 50.0 50.0 50.0 50.0 50.0 50.0 50.0 50.0 50.0 50.0 50.0 50.0 50.0 50.0 50.0 50.0 
# name: reacPower
# type: matrix
# rows: 1
# columns: 360
 -0.621 -0.621 -0.621 -0.621 -0.621 -0.621 -0.621 -0.621 -0.621 -0.621 -0.621 -0.621 -0.621 -0.621 -0.621 -0.621 -0.621 -0.621 -0.621 -0.621 -0.621 -0.621 -0.621 -0.621 -0.621 -0.621 -0.621 -0.621 -0.621 -0.621 -0.621 -0.621 -0.621 -0.621 -0.621 -0.621 -0.621 -0.621 -0.621 -0.621 -0.621 -0.621 -0.621 -0.621 -0.621 -0.621 -0.621 -0.621 -0.621 -0.621 -0.621 -0.621 -0.621 -0.621 -0.621 -0.621 -0.621 -0.621 -0.621 -0.621 -0.621 -0.621 -0.621 -0.621 -0.621 -0.621 -0.621 -0.621 -0.621 -0.621 -0.621 -0.621 -0.621 -0.621 -0.621 -0.621 -0.621 -0.621 -0.621 -0.621 -0.621 -0.621 -0.621 -0.621 -0.621 -0.621 -0.621 -0.621 -0.621 -0.621 -0.621 -0.621 -0.621 -0.621 -0.621 -0.621 -0.621 -0.621 -0.621 -0.621 -0.621 -0.621 -0.621 -0.621 -0.621 -0.621 -0.621 -0.621 -0.621 -0.621 -0.621 -0.621 -0.621 -0.621 -0.621 -0.621 -0.621 -0.621 -0.621 -0.621 -0.621 -0.517 -0.621 -0.621 -0.621 -0.621 -0.621 -0.621 -0.621 -0.621 -0.621 -0.621 -0.621 -0.621 -0.517 -0.517 -0.621 -0.621 -0.621 -0.621 -0.621 -0.621 -0.621 -0.621 -0.621 -0.621 -0.621 -0.621 -0.621 -0.621 -0.621 -0.621 -0.621 -0.621 0.0 0.0 0.0 0.0 0.0 0.0 0.0 0.0 0.0 0.0 0.0 0.0 0.0 0.0 0.0 0.0 0.0 0.0 0.0 0.0 0.0 0.0 0.0 0.0 0.0 0.0 0.0 0.0 0.0 0.0 0.0 0.0 0.0 0.0 0.0 0.0 0.0 0.0 0.0 0.0 0.0 0.0 0.0 0.0 0.0 0.0 0.0 0.0 0.0 -0.621 -0.621 -0.621 -0.517 -0.621 -0.621 -0.621 -0.621 -0.621 -0.621 -0.621 -0.621 -0.621 -0.621 -0.621 -0.621 -0.621 -0.517 -0.621 -0.621 -0.621 -0.621 -0.621 -0.621 -0.621 -0.621 -0.517 -0.621 -0.621 -0.621 -0.621 -0.621 -0.621 -0.621 -0.621 -0.621 -0.621 -0.621 -0.621 -0.621 -0.621 -0.621 -0.621 -0.621 -0.621 -0.621 -0.621 -0.621 -0.621 -0.621 -0.621 -0.621 -0.621 -0.621 -0.621 -0.621 -0.621 -0.621 -0.621 -0.621 -0.621 -0.621 0.0 0.0 0.0 0.0 0.0 0.0 0.0 0.0 0.0 0.0 0.0 0.0 0.0 0.0 0.0 0.0 0.0 0.0 0.0 0.0 0.0 0.0 0.0 0.0 0.0 0.0 0.0 0.0 0.0 0.0 0.0 0.0 0.0 0.0 0.0 0.0 0.0 0.0 0.0 0.0 0.0 0.0 0.0 0.0 0.0 0.0 0.0 0.0 0.0 0.0 0.0 0.0 0.0 0.0 0.0 0.0 0.0 0.0 0.0 0.0 0.0 -0.621 -0.621 -0.621 -0.621 -0.621 -0.621 -0.621 -0.621 -0.621 -0.621 -0.621 -0.621 -0.621 -0.621 -0.621 -0.621 -0.621 -0.621 -0.621 -0.621 -0.621 -0.621 -0.621 -0.621 -0.621 -0.621 -0.621 -0.621 -0.621 -0.621 -0.621 -0.621 -0.621 -0.621 
# name: power
# type: matrix
# rows: 1
# columns: 360
 92.34 92.133 92.443 92.443 92.34 92.236 92.34 92.236 92.236 92.236 92.34 92.34 92.34 92.34 92.133 92.236 92.547 92.34 92.133 91.822 91.719 91.615 91.615 91.512 91.408 91.201 91.304 92.029 91.926 91.926 92.029 92.236 92.34 92.236 92.34 92.029 92.029 92.443 92.443 92.34 92.443 92.443 92.547 92.34 92.34 91.926 91.926 91.822 91.822 91.719 91.719 91.719 92.029 91.822 91.822 91.822 91.926 92.029 92.029 92.029 91.822 91.822 91.719 92.443 92.34 92.65 92.34 92.443 92.65 92.34 92.34 92.65 92.547 92.236 92.133 92.547 92.443 92.34 92.236 92.34 91.512 91.719 91.719 92.236 92.65 92.443 92.34 92.443 92.443 92.443 92.547 92.029 92.236 92.029 92.236 92.547 92.547 92.65 92.65 92.65 92.65 92.65 92.547 92.754 92.65 92.547 92.547 92.857 92.754 92.754 92.754 92.754 90.476 90.787 90.89 90.89 91.201 90.994 90.994 90.89 90.787 90.787 90.994 90.994 90.89 90.89 90.994 90.89 91.408 91.304 91.304 91.201 90.89 90.89 91.097 91.097 91.097 91.201 91.201 91.097 91.201 91.304 91.201 91.304 91.304 90.58 90.58 90.476 90.683 90.89 90.787 90.89 90.89 90.89 0.0 0.0 0.0 0.0 0.0 0.0 0.0 0.0 0.0 0.0 0.0 0.0 0.0 0.0 0.0 0.0 0.0 0.0 0.0 0.0 0.0 0.0 0.0 0.0 0.0 0.0 0.0 0.0 0.0 0.0 0.0 0.0 0.0 0.0 0.0 0.0 0.0 0.0 0.0 0.0 0.0 0.0 0.0 0.0 0.0 0.0 0.0 0.0 0.0 91.097 90.994 90.89 90.994 90.994 91.408 91.201 91.512 91.097 90.994 90.994 91.097 91.097 90.476 90.58 90.58 90.58 90.476 90.787 90.683 90.683 90.994 90.683 90.89 90.787 90.89 90.787 91.201 90.58 90.58 90.787 90.683 90.58 90.58 90.787 90.994 91.304 91.408 91.408 91.512 91.408 91.408 91.615 91.615 91.304 90.994 90.994 90.89 91.201 91.201 91.097 91.097 91.304 91.304 91.408 91.408 91.408 91.408 91.512 91.926 92.029 92.029 0.0 0.0 0.0 0.0 0.0 0.0 0.0 0.0 0.0 0.0 0.0 0.0 0.0 0.0 0.0 0.0 0.0 0.0 0.0 0.0 0.0 0.0 0.0 0.0 0.0 0.0 0.0 0.0 0.0 0.0 0.0 0.0 0.0 0.0 0.0 0.0 0.0 0.0 0.0 0.0 0.0 0.0 0.0 0.0 0.0 0.0 0.0 0.0 0.0 0.0 0.0 0.0 0.0 0.0 0.0 0.0 0.0 0.0 0.0 0.0 0.0 92.029 92.547 92.443 92.443 91.822 92.547 92.236 92.133 92.443 92.236 92.443 92.34 92.547 92.65 92.547 92.547 92.547 92.547 92.443 92.029 92.029 92.133 92.236 92.34 92.443 92.443 92.34 92.65 92.443 92.65 92.443 92.547 92.443 92.65 
