# name: phAngle
# type: matrix
# rows: 1
# columns: 352
 0 0 0 0 0 0 0 0 0 0 0 0 0 0 0 0 0 0 0 0 0 0 0 0 0 0 0 0 0 0 0 0 0 0 0 0 0 0 0 0 0 0 0 0 0 0 0 0 0 0 0 0 0 0 0 0 0 0 0 0 0 0 0 0 0 0 0 0 0 0 0 0 0 0 0 0 0 0 0 0 0 0 0 0 0 0 0 0 0 0 0 0 0 0 0 0 0 0 0 0 0 0 0 0 0 0 0 0 0 0 0 0 0 0 0 0 0 0 0 0 0 0 0 0 0 0 0 0 0 0 0 0 0 0 0 0 0 0 0 0 0 0 0 0 0 0 0 0 0 0 0 0 0 0 0 0 0 0 0 0 0 0 0 0 0 0 0 0 0 0 0 0 0 0 0 0 0 0 0 0 0 0 0 0 0 0 0 0 0 0 0 0 0 0 0 0 0 0 0 0 0 0 0 0 0 0 0 0 0 0 0 0 0 0 0 0 0 0 0 0 0 0 0 0 0 0 0 0 0 0 0 0 0 0 0 0 0 0 0 0 0 0 0 0 0 0 0 0 0 0 0 0 0 0 0 0 0 0 0 0 0 0 0 0 0 0 0 0 0 0 0 0 0 0 0 0 0 0 0 0 0 0 0 0 0 0 0 0 0 0 0 0 0 0 0 0 0 0 0 0 0 0 0 0 0 0 0 0 0 0 0 0 0 0 0 0 0 0 0 0 0 0 0 0 0 0 0 0 0 0 0 0 0 0 0 0 0 0 0 0 0 0 0 0 0 0 0 0 0 0 0 0 
# name: freq
# type: matrix
# rows: 1
# columns: 352
 50.0 50.0 50.0 50.0 50.0 50.0 50.0 50.0 50.0 50.0 50.0 50.0 50.0 50.0 50.0 50.0 50.0 50.0 50.0 50.0 50.0 50.0 50.0 50.0 50.0 50.0 50.0 50.0 50.0 50.0 50.0 50.0 50.0 50.0 50.0 50.0 50.0 50.0 50.0 50.0 50.0 50.0 50.0 50.0 50.0 50.0 50.0 50.0 50.0 50.0 50.0 50.0 50.0 50.0 50.0 50.0 50.0 50.0 50.0 50.0 50.0 50.0 50.0 50.0 50.0 50.0 50.0 50.0 50.0 50.0 50.0 50.0 50.0 50.0 50.0 50.0 50.0 50.0 50.0 50.0 50.0 50.0 50.0 50.0 50.0 50.0 50.0 50.0 50.0 50.0 50.0 50.0 50.0 50.0 50.0 50.0 50.0 50.0 50.0 50.0 50.0 50.0 50.0 50.0 50.0 50.0 50.0 50.0 50.0 50.0 50.0 50.0 50.0 50.0 50.0 50.0 50.0 50.0 50.0 50.0 50.0 50.0 50.0 50.0 50.0 50.0 50.0 50.0 50.0 50.0 50.0 50.0 50.0 50.0 50.0 50.0 50.0 50.0 50.0 50.0 50.0 50.0 50.0 50.0 50.0 50.0 50.0 50.0 50.0 50.0 50.0 50.0 50.0 50.0 50.0 50.0 50.0 50.0 50.0 50.0 50.0 50.0 50.0 50.0 50.0 50.0 50.0 50.1 50.0 50.0 50.0 50.0 50.0 50.0 50.0 50.0 50.0 50.0 50.0 50.0 50.0 50.1 50.0 50.0 50.0 50.0 50.0 50.0 50.0 50.0 50.0 50.0 50.0 50.0 50.0 50.0 50.0 50.0 50.0 50.0 50.0 50.0 50.0 50.1 50.0 50.0 50.0 50.0 50.0 50.0 50.1 50.0 50.0 50.1 50.0 50.0 50.0 50.0 50.0 50.0 50.0 50.0 50.0 50.0 50.0 50.0 50.0 50.0 50.0 50.0 50.0 50.0 50.0 50.0 50.0 50.0 50.0 50.0 50.0 50.0 50.0 50.0 50.0 50.0 50.0 50.0 50.0 50.0 50.1 50.1 50.0 50.1 50.0 50.0 50.0 50.0 50.0 50.0 50.0 50.1 50.0 50.0 50.0 50.0 50.0 50.0 50.0 50.0 50.0 50.0 50.0 50.0 50.0 50.0 50.0 50.0 50.0 50.0 50.0 50.0 50.0 50.0 50.0 50.0 50.0 50.0 50.0 50.0 50.0 50.0 50.0 50.0 50.0 50.0 50.0 50.0 50.0 50.0 50.0 50.0 50.1 50.0 50.0 50.0 50.0 50.0 50.0 50.0 50.0 50.0 50.0 50.0 50.0 50.0 50.0 50.0 50.0 50.0 50.0 50.0 50.0 50.0 50.0 50.0 50.0 50.0 50.0 50.0 50.0 50.0 50.0 50.0 50.0 50.0 50.0 50.0 50.0 50.0 50.0 50.0 50.0 50.0 50.0 50.0 50.1 50.0 50.0 50.0 50.0 50.0 50.0 50.0 
# name: reacPower
# type: matrix
# rows: 1
# columns: 352
 0.0 0.0 0.0 0.0 0.0 0.0 0.0 0.0 0.0 0.0 0.0 0.0 0.0 0.0 0.0 0.0 0.0 0.0 0.0 0.0 0.0 0.0 0.0 0.0 0.0 0.0 0.0 0.0 0.0 0.0 0.0 0.0 0.0 0.0 0.0 0.0 0.0 0.0 0.0 0.0 0.0 0.0 0.0 0.0 0.0 0.0 0.0 0.0 0.0 0.0 0.0 0.0 0.0 0.0 0.0 0.0 0.0 0.0 0.0 -1.863 -1.863 -1.863 -1.759 -1.759 -1.863 -1.863 -1.863 -1.863 -1.863 -1.863 -1.863 -1.863 -1.863 -1.759 -1.863 -1.759 -1.759 -1.759 -1.759 -1.759 -1.759 -1.759 -1.759 -1.759 -1.759 -1.863 -1.759 -1.863 -1.759 -1.759 -1.759 -1.759 -1.759 -1.759 -1.759 -1.759 -1.759 -1.863 -1.759 -1.759 -1.759 -1.759 -1.759 -1.759 -1.759 -1.759 -1.759 -1.759 -1.759 -1.759 -1.759 -1.863 -1.759 -1.863 -1.759 -1.759 -1.759 -1.759 -1.759 -1.759 -1.759 -1.759 -1.759 -1.759 -1.863 -1.759 -1.759 -1.759 -1.759 -1.759 -1.759 -1.759 -1.759 -1.759 -1.759 -1.759 -1.759 -1.759 -1.759 -1.759 -1.759 -1.759 -1.759 -1.759 -1.759 -1.759 -1.759 -1.759 -1.759 0.0 0.0 0.0 0.0 0.0 0.0 0.0 0.0 0.0 0.0 0.0 0.0 0.0 0.0 0.0 0.0 0.0 0.0 0.0 0.0 0.0 0.0 0.0 0.0 0.0 0.0 0.0 0.0 0.0 0.0 0.0 -1.863 -1.863 -1.863 -1.863 -1.759 -1.759 -1.759 -1.863 -1.863 -1.759 -1.863 -1.759 -1.863 -1.863 -1.863 -1.863 -1.863 -1.863 -1.863 -1.863 -1.759 -1.863 -1.863 -1.863 -1.863 -1.759 -1.759 -1.759 -1.759 -1.759 -1.759 -1.759 -1.863 -1.863 -1.863 -1.863 -1.759 -1.759 -1.863 -1.863 -1.863 -1.863 -1.863 -1.863 -1.863 -1.863 -1.863 -1.863 -1.863 -1.759 -1.863 -1.759 -1.863 -1.863 -1.759 -1.863 -1.759 -1.863 -1.863 -1.863 -1.863 -1.863 -1.863 -1.863 -1.863 -1.863 -1.863 -1.863 -1.863 -1.863 -1.863 -1.863 -1.863 -1.863 -1.863 -1.863 -1.863 -1.863 -1.863 -1.863 -1.863 -1.863 -1.863 -1.863 -1.863 -1.863 -1.863 -1.863 -1.863 -1.863 -1.863 -1.863 -1.863 -1.863 -1.863 -1.863 -1.863 -1.863 -1.863 -1.863 -1.863 -1.759 -1.863 -1.759 -1.759 -1.863 -1.863 -1.759 -1.759 -1.759 -1.759 -1.759 -1.863 -1.863 -1.863 0.0 0.0 0.0 0.0 0.0 0.0 0.0 0.0 0.0 0.0 0.0 0.0 0.0 0.0 0.0 0.0 0.0 0.0 0.0 0.0 0.0 0.0 0.0 0.0 0.0 0.0 0.0 0.0 0.0 0.0 0.0 -1.552 -1.863 -1.863 -1.759 -1.759 -1.863 -1.759 -1.759 -1.863 -1.759 -1.759 -1.759 -1.759 -1.759 -1.759 -1.863 -1.863 -1.759 -1.759 -1.759 -1.759 -1.759 -1.759 -1.759 -1.759 -1.759 
# name: power
# type: matrix
# rows: 1
# columns: 352
 0.0 0.0 0.0 0.0 0.0 0.0 0.0 0.0 0.0 0.0 0.0 0.0 0.0 0.0 0.0 0.0 0.0 0.0 0.0 0.0 0.0 0.0 0.0 0.0 0.0 0.0 0.0 0.0 0.0 0.0 0.0 0.0 0.0 0.0 0.0 0.0 0.0 0.0 0.0 0.0 0.0 0.0 0.0 0.0 0.0 0.0 0.0 0.0 0.0 0.0 0.0 0.0 0.0 0.0 0.0 0.0 0.0 0.0 0.0 19.047 18.944 18.944 18.84 18.737 18.737 18.944 18.84 18.84 18.944 18.944 18.84 18.84 18.84 18.84 18.84 18.84 18.633 18.633 18.53 18.53 18.737 18.737 18.737 18.737 18.737 18.737 18.737 18.737 18.633 18.737 18.633 18.53 18.426 18.53 18.633 18.633 18.633 18.633 18.633 18.633 18.53 18.633 18.53 18.633 18.633 18.53 18.426 18.53 18.633 18.737 18.737 18.737 18.737 18.737 18.737 18.737 18.737 18.737 18.737 18.737 18.53 18.53 18.426 18.737 18.737 18.737 18.633 18.633 18.633 18.53 18.53 18.53 18.633 18.53 18.53 18.426 18.426 18.426 18.426 18.53 18.633 18.53 18.53 18.53 18.53 18.53 18.53 18.633 18.53 0.0 0.0 0.0 0.0 0.0 0.0 0.0 0.0 0.0 0.0 0.0 0.0 0.0 0.0 0.0 0.0 0.0 0.0 0.0 0.0 0.0 0.0 0.0 0.0 0.0 0.0 0.0 0.0 0.0 0.0 0.0 18.944 18.944 18.84 18.84 18.737 18.737 18.633 18.737 18.737 18.737 18.737 18.737 18.737 18.84 18.84 18.737 18.84 18.84 18.84 18.84 18.84 18.84 18.84 18.737 18.84 18.737 18.737 18.737 18.737 18.737 18.633 18.633 18.737 18.737 18.737 18.84 18.84 18.84 18.84 18.84 18.84 18.84 18.84 18.84 18.84 18.84 18.84 18.84 18.84 18.737 18.737 18.737 18.84 18.737 18.633 18.84 18.737 18.944 18.944 18.944 18.944 18.84 18.944 18.944 18.944 18.944 18.944 18.944 18.84 18.84 18.944 18.84 18.944 18.944 18.944 18.944 18.944 18.944 18.944 19.047 19.047 19.047 19.047 19.047 19.047 19.047 18.944 19.047 19.047 19.047 19.047 18.944 18.944 18.944 18.84 18.944 18.944 18.944 18.944 19.047 18.737 18.84 18.84 18.84 18.737 18.737 18.737 18.737 18.84 18.737 18.737 18.633 18.737 18.737 18.84 0.0 0.0 0.0 0.0 0.0 0.0 0.0 0.0 0.0 0.0 0.0 0.0 0.0 0.0 0.0 0.0 0.0 0.0 0.0 0.0 0.0 0.0 0.0 0.0 0.0 0.0 0.0 0.0 0.0 0.0 0.0 5.176 18.84 18.84 18.84 18.84 18.84 18.84 18.737 18.737 18.737 18.737 18.633 18.737 18.737 18.737 18.737 18.737 18.737 18.737 18.633 18.633 18.53 18.633 18.633 18.53 18.633 
