# name: phAngle
# type: matrix
# rows: 1
# columns: 354
 0 0 0 0 0 0 0 0 0 0 0 0 0 0 0 0 0 0 0 0 0 0 0 0 0 0 0 0 0 0 0 0 0 0 0 0 0 0 0 0 0 0 0 0 0 0 0 0 0 0 0 0 0 0 0 0 0 0 0 0 0 0 0 0 0 0 0 0 0 0 0 0 0 0 0 0 0 0 0 0 0 0 0 0 0 0 0 0 0 0 0 0 0 0 0 0 0 0 0 0 0 0 0 0 0 0 0 0 0 0 0 0 0 0 0 0 0 0 0 0 0 0 0 0 0 0 0 0 0 0 0 0 0 0 0 0 0 0 0 0 0 0 0 0 0 0 0 0 0 0 0 0 0 0 0 0 0 0 0 0 0 0 0 0 0 0 0 0 0 0 0 0 0 0 0 0 0 0 0 0 0 0 0 0 0 0 0 0 0 0 0 0 0 0 0 0 0 0 0 0 0 0 0 0 0 0 0 0 0 0 0 0 0 0 0 0 0 0 0 0 0 0 0 0 0 0 0 0 0 0 0 0 0 0 0 0 0 0 0 0 0 0 0 0 0 0 0 0 0 0 0 0 0 0 0 0 0 0 0 0 0 0 0 0 0 0 0 0 0 0 0 0 0 0 0 0 0 0 0 0 0 0 0 0 0 0 0 0 0 0 0 0 0 0 0 0 0 0 0 0 0 0 0 0 0 0 0 0 0 0 0 0 0 0 0 0 0 0 0 0 0 0 0 0 0 0 0 0 0 0 0 0 0 0 0 0 0 0 0 0 0 0 0 0 0 0 0 0 0 0 0 0 0 0 
# name: freq
# type: matrix
# rows: 1
# columns: 354
 50.0 50.0 50.0 50.0 50.0 50.0 50.0 50.0 50.0 50.0 50.0 50.0 50.0 50.0 50.0 50.0 50.0 50.0 50.0 50.0 50.0 50.0 50.0 50.0 50.0 50.0 50.0 50.0 50.0 50.0 50.0 50.0 50.0 50.0 50.0 50.0 50.0 50.0 50.0 50.0 50.0 50.0 50.0 50.0 50.0 50.0 50.0 50.0 50.0 50.0 50.0 50.0 50.0 50.0 50.0 50.0 50.0 50.0 50.0 50.0 50.0 50.0 50.0 50.0 50.0 50.0 50.0 50.0 50.0 50.0 50.0 50.0 50.0 50.0 50.0 50.0 50.0 50.0 50.0 50.0 50.0 50.0 50.0 50.0 50.0 50.0 50.0 50.0 50.0 50.0 50.0 50.0 50.0 50.0 50.0 50.0 50.0 50.0 50.0 50.0 50.0 50.0 50.0 50.0 50.0 50.0 50.0 50.0 50.0 50.0 50.0 50.0 50.0 50.0 50.0 50.0 50.0 50.0 50.0 50.0 50.0 50.0 50.0 50.0 50.0 50.0 50.0 50.0 50.0 50.0 50.0 50.0 50.0 50.0 50.0 50.0 50.0 50.0 50.0 50.0 50.0 50.0 50.0 50.0 50.0 50.0 50.0 50.0 50.0 50.0 50.0 50.0 50.0 50.0 50.0 50.0 50.0 50.0 50.0 50.0 50.0 50.0 50.0 50.0 50.0 50.0 50.0 50.0 50.0 50.0 50.0 50.0 50.0 50.0 50.0 50.0 50.0 50.0 50.0 50.0 50.0 50.0 50.0 50.0 50.0 50.0 50.0 50.0 50.0 50.0 50.0 50.0 50.0 50.0 50.0 50.0 50.0 50.0 50.0 50.0 50.0 50.0 50.0 50.0 50.0 50.0 50.0 50.0 50.0 50.0 50.0 50.0 50.0 50.0 50.0 50.0 50.0 50.0 50.0 50.0 50.0 50.0 50.0 50.0 50.0 50.0 50.0 50.0 50.0 50.0 50.0 50.0 50.0 50.0 50.0 50.0 50.0 50.0 50.0 50.0 50.0 50.0 50.0 50.0 50.0 50.0 50.0 50.0 50.0 50.0 50.0 50.0 50.0 50.0 50.0 50.0 50.0 50.0 50.0 50.0 50.0 50.0 50.0 50.0 50.0 50.0 50.0 50.0 50.0 50.0 50.0 50.0 50.0 50.0 50.0 50.0 50.0 50.0 50.0 50.0 50.0 50.0 50.0 50.0 50.0 50.0 50.0 50.0 50.0 50.0 50.0 50.0 50.0 50.0 50.0 50.0 50.0 50.0 50.0 50.0 50.0 50.0 50.0 50.0 50.0 50.0 50.0 50.0 50.0 50.0 50.0 50.0 50.0 50.0 50.0 50.0 50.0 50.0 50.0 50.0 50.0 50.0 50.0 50.0 50.0 50.0 50.0 50.0 50.0 50.0 50.0 50.0 50.0 50.0 50.0 50.0 50.0 50.0 50.0 50.0 50.0 50.0 50.0 50.0 50.0 50.0 50.0 50.0 50.0 50.0 50.0 50.0 50.0 50.0 
# name: reacPower
# type: matrix
# rows: 1
# columns: 354
 -1.863 -1.863 -1.863 -1.863 -1.863 -1.863 -1.863 -1.863 -1.863 -1.863 -1.863 -1.863 -1.863 -1.863 -1.863 -1.863 -1.863 -1.863 -1.863 -1.863 -1.863 -1.863 -1.863 -1.863 -1.863 -1.863 -1.863 -1.863 -1.863 -1.863 -1.863 -1.863 -1.863 -1.863 -1.863 -1.863 -1.863 -1.863 -1.863 -1.759 -1.863 -1.863 -1.863 -1.863 -1.759 -1.863 -1.863 -1.863 -1.759 -1.863 -1.863 -1.759 -1.863 -1.863 -1.759 -1.863 -1.759 -1.863 -1.863 -1.863 -1.759 -1.863 -1.863 -1.863 -1.863 -1.863 -1.863 -1.863 -1.759 -1.759 -1.759 -1.863 -1.863 -1.863 -1.759 -1.759 -1.863 -1.863 -1.759 -1.863 -1.863 -1.759 -1.759 -1.863 -1.759 -1.759 -1.863 -1.863 -1.863 -1.863 -1.759 -1.759 -1.863 -1.863 -1.759 -1.759 -1.863 -1.759 -1.759 -1.863 -1.863 -1.863 -1.863 -1.863 -1.863 -1.759 -1.863 -1.863 -1.759 -1.759 -1.863 -1.863 -1.759 -1.863 -1.863 -1.863 -1.759 -1.863 -1.863 -1.863 -1.863 0.0 0.0 0.0 0.0 0.0 0.0 0.0 0.0 0.0 0.0 0.0 0.0 0.0 0.0 0.0 0.0 0.0 0.0 0.0 0.0 0.0 0.0 0.0 0.0 0.0 0.0 0.0 0.0 0.0 0.0 0.0 0.0 0.0 0.0 0.0 0.0 0.0 0.0 0.0 0.0 0.0 0.0 0.0 0.0 0.0 0.0 0.0 0.0 0.0 0.0 0.0 0.0 0.0 0.0 0.0 0.0 0.0 0.0 0.0 0.0 0.0 0.0 0.0 0.0 0.0 0.0 0.0 0.0 0.0 0.0 0.0 0.0 0.0 0.0 0.0 0.0 0.0 0.0 0.0 -1.863 -1.759 -1.863 -1.863 -1.863 -1.863 -1.863 -1.863 -1.759 -1.759 -1.863 -1.863 -1.863 -1.863 -1.863 -1.863 -1.759 -1.863 -1.863 -1.863 -1.863 -1.759 -1.863 -1.863 -1.863 -1.863 -1.863 -1.863 -1.863 -1.863 -1.863 -1.863 -1.863 -1.863 -1.759 -1.759 -1.759 -1.759 -1.863 -1.863 -1.863 -1.759 -1.863 -1.863 -1.863 -1.863 -1.863 -1.863 -1.863 -1.759 -1.759 -1.863 -1.863 -1.863 -1.863 -1.759 -1.759 -1.863 -1.863 -1.863 -1.863 -1.863 -1.863 -1.863 -1.863 -1.863 -1.759 -1.863 -1.863 -1.759 -1.863 -1.863 -1.759 -1.863 -1.863 -1.759 -1.863 -1.863 -1.863 -1.863 -1.863 -1.863 -1.863 -1.759 -1.759 -1.863 -1.863 -1.863 -1.759 -1.863 -1.863 -1.863 -1.863 -1.759 -1.759 -1.863 -1.759 -1.863 -1.863 -1.863 -1.863 -1.863 -1.863 -1.759 -1.863 -1.863 -1.863 -1.863 -1.759 -1.863 0.0 0.0 0.0 0.0 0.0 0.0 0.0 0.0 0.0 0.0 0.0 0.0 0.0 0.0 0.0 0.0 0.0 0.0 0.0 0.0 0.0 0.0 0.0 0.0 0.0 0.0 0.0 0.0 0.0 0.0 0.0 0.0 0.0 0.0 0.0 0.0 0.0 0.0 0.0 0.0 0.0 0.0 0.0 0.0 
# name: power
# type: matrix
# rows: 1
# columns: 354
 38.509 38.509 38.509 38.509 38.509 38.509 38.509 38.509 38.406 38.509 38.613 38.613 38.509 38.406 38.302 38.406 38.509 38.406 38.406 38.406 38.406 38.509 38.509 38.509 38.406 38.509 38.613 38.613 38.613 38.613 37.577 37.474 37.37 37.474 37.37 38.406 38.302 38.406 38.406 37.163 38.199 38.199 38.302 38.406 37.267 38.406 38.406 38.302 37.163 38.302 37.267 37.37 38.509 38.509 37.37 37.37 37.474 38.509 38.509 38.406 37.37 38.509 38.613 38.509 38.509 38.509 37.37 38.199 37.163 37.163 37.267 38.302 38.302 38.199 37.163 37.267 37.37 38.199 37.163 38.302 38.302 37.267 37.267 38.302 37.267 37.267 38.199 38.199 38.199 38.302 37.163 36.956 38.302 38.302 37.163 37.163 38.199 37.06 37.06 38.095 38.095 38.095 38.199 38.199 38.095 37.06 38.095 38.095 37.06 37.163 38.095 38.095 36.956 38.095 38.199 38.199 37.163 38.199 38.199 38.199 38.302 0.0 0.0 0.0 0.0 0.0 0.0 0.0 0.0 0.0 0.0 0.0 0.0 0.0 0.0 0.0 0.0 0.0 0.0 0.0 0.0 0.0 0.0 0.0 0.0 0.0 0.0 0.0 0.0 0.0 0.0 0.0 0.0 0.0 0.0 0.0 0.0 0.0 0.0 0.0 0.0 0.0 0.0 0.0 0.0 0.0 0.0 0.0 0.0 0.0 0.0 0.0 0.0 0.0 0.0 0.0 0.0 0.0 0.0 0.0 0.0 0.0 0.0 0.0 0.0 0.0 0.0 0.0 0.0 0.0 0.0 0.0 0.0 0.0 0.0 0.0 0.0 0.0 0.0 0.0 37.888 36.646 37.888 37.888 37.784 37.577 37.784 37.784 36.749 36.853 37.991 37.991 37.991 37.991 38.095 38.095 37.06 38.095 38.095 37.991 38.095 36.749 37.888 37.888 37.888 37.888 37.991 37.888 37.888 37.784 37.784 37.888 37.888 37.991 36.956 36.956 36.956 36.956 37.888 37.991 37.991 36.956 37.784 37.784 37.784 37.888 37.784 37.888 37.888 36.853 36.749 37.784 37.784 37.991 37.888 36.749 36.542 37.577 37.577 37.681 37.577 37.577 37.888 37.681 37.577 37.681 36.542 37.37 37.577 36.439 37.577 37.577 36.542 37.474 37.474 36.542 37.577 37.577 37.577 37.577 37.681 37.784 37.681 36.439 36.542 37.577 37.577 37.577 36.749 37.784 37.784 37.681 37.681 36.956 36.853 37.888 36.542 37.474 37.681 37.681 37.681 37.681 37.681 36.749 37.888 37.991 37.991 37.888 37.267 37.784 0.0 0.0 0.0 0.0 0.0 0.0 0.0 0.0 0.0 0.0 0.0 0.0 0.0 0.0 0.0 0.0 0.0 0.0 0.0 0.0 0.0 0.0 0.0 0.0 0.0 0.0 0.0 0.0 0.0 0.0 0.0 0.0 0.0 0.0 0.0 0.0 0.0 0.0 0.0 0.0 0.0 0.0 0.0 0.0 
