# name: phAngle
# type: matrix
# rows: 1
# columns: 356
 0 0 0 0 0 0 0 0 0 0 0 0 0 0 0 0 0 0 0 0 0 0 0 0 0 0 0 0 0 0 0 0 0 0 0 0 0 0 0 0 0 0 0 0 0 0 0 0 0 0 0 0 0 0 0 0 0 0 0 0 0 0 0 0 0 0 0 0 0 0 0 0 0 0 0 0 0 0 0 0 0 0 0 0 0 0 0 0 0 0 0 0 0 0 0 0 0 0 0 0 0 0 0 0 0 0 0 0 0 0 0 0 0 0 0 0 0 0 0 0 0 0 0 0 0 0 0 0 0 0 0 0 0 0 0 0 0 0 0 0 0 0 0 0 0 0 0 0 0 0 0 0 0 0 0 0 0 0 0 0 0 0 0 0 0 0 0 0 0 0 0 0 0 0 0 0 0 0 0 0 0 0 0 0 0 0 0 0 0 0 0 0 0 0 0 0 0 0 0 0 0 0 0 0 0 0 0 0 0 0 0 0 0 0 0 0 0 0 0 0 0 0 0 0 0 0 0 0 0 0 0 0 0 0 0 0 0 0 0 0 0 0 0 0 0 0 0 0 0 0 0 0 0 0 0 0 0 0 0 0 0 0 0 0 0 0 0 0 0 0 0 0 0 0 0 0 0 0 0 0 0 0 0 0 0 0 0 0 0 0 0 0 0 0 0 0 0 0 0 0 0 0 0 0 0 0 0 0 0 0 0 0 0 0 0 0 0 0 0 0 0 0 0 0 0 0 0 0 0 0 0 0 0 0 0 0 0 0 0 0 0 0 0 0 0 0 0 0 0 0 0 0 0 0 0 0 
# name: freq
# type: matrix
# rows: 1
# columns: 356
 50.0 50.0 50.0 50.0 50.0 50.0 50.0 50.0 50.0 50.0 50.0 50.0 50.0 50.0 50.0 50.0 50.0 50.0 50.0 50.0 50.0 50.0 50.0 50.0 50.0 50.0 50.0 50.0 50.0 50.0 50.0 50.0 50.0 50.0 50.0 50.0 50.0 50.0 50.0 50.0 50.0 50.0 50.0 50.0 50.0 50.0 50.0 50.0 50.0 50.0 50.0 50.0 50.0 50.0 50.0 50.0 50.0 50.0 50.0 50.0 50.0 50.0 50.0 50.0 50.0 50.0 50.0 50.0 50.0 50.0 50.0 50.0 50.0 50.0 50.0 50.0 50.0 50.0 50.0 50.0 50.0 50.0 50.0 50.0 50.0 50.0 50.0 50.0 50.0 50.0 50.0 50.0 50.0 50.0 50.0 50.0 50.0 50.0 50.0 50.0 50.0 50.0 50.0 50.0 50.0 50.0 50.0 50.0 50.0 50.0 50.0 50.0 50.0 50.0 50.0 50.0 50.0 50.0 50.0 50.0 50.0 50.0 50.0 50.0 50.0 50.0 50.0 50.0 50.0 50.0 50.0 50.0 50.0 50.0 50.0 50.0 50.0 50.0 50.0 50.0 50.0 50.0 50.0 50.0 50.0 50.0 50.0 50.0 50.0 50.0 50.0 50.0 50.0 50.0 50.0 50.0 50.0 50.0 50.0 50.0 50.0 50.0 50.0 50.0 50.0 50.0 50.0 50.0 50.0 50.0 50.0 50.0 50.0 50.0 50.0 50.0 50.0 50.0 50.0 50.0 50.0 50.0 50.0 50.0 50.0 50.0 50.0 50.0 50.0 50.0 50.0 50.0 50.0 50.0 50.0 50.0 50.0 50.0 50.0 50.0 50.0 50.0 50.0 50.0 50.0 50.0 50.0 50.0 50.0 50.0 50.0 50.0 50.0 50.0 50.0 50.0 50.0 50.0 50.0 50.0 50.0 50.0 50.0 50.0 50.0 50.0 50.0 50.0 50.0 50.0 50.0 50.0 50.0 50.0 50.0 50.0 50.0 50.0 50.0 50.0 50.0 50.0 50.0 50.0 50.0 50.0 50.0 50.0 50.0 50.0 50.0 50.0 50.0 50.0 50.0 50.0 50.0 50.0 50.0 50.0 50.0 50.0 50.0 50.0 50.0 50.0 50.0 50.0 50.0 50.0 50.0 50.0 50.0 50.0 50.0 50.0 50.0 50.0 50.0 50.0 50.0 50.0 50.0 50.0 50.0 50.0 50.0 50.0 50.0 50.0 50.0 50.0 50.0 50.0 50.0 50.0 50.0 50.0 50.0 50.0 50.0 50.0 50.0 50.0 50.0 50.0 50.0 50.0 50.0 50.0 50.0 50.0 50.0 50.0 50.0 50.0 50.0 50.0 50.0 50.0 50.0 50.0 50.0 50.0 50.0 50.0 50.0 50.0 50.0 50.0 50.0 50.0 50.0 50.0 50.0 50.0 50.0 50.0 50.0 50.0 50.0 50.0 50.0 50.0 50.0 50.0 50.0 50.0 50.0 50.0 50.0 50.0 50.0 50.0 50.0 50.0 
# name: reacPower
# type: matrix
# rows: 1
# columns: 356
 -0.104 -0.104 -0.104 -0.104 -0.104 -0.104 -0.104 -0.104 -0.104 -0.104 -0.104 -0.104 -0.104 -0.104 -0.104 -0.104 -0.104 -0.104 -0.104 -0.104 -0.104 -0.104 -0.104 -0.104 -0.104 -0.104 -0.104 -0.104 -0.104 -0.104 -0.104 -0.104 -0.104 -0.104 -0.104 -0.104 -0.104 -0.104 -0.104 -0.104 -0.104 -0.104 -0.104 -0.104 -0.104 -0.104 -0.104 -0.104 -0.104 -0.104 -0.104 -0.104 -0.104 -0.104 -0.104 -0.104 -0.104 -0.104 -0.104 -0.104 -0.104 -0.104 -0.104 -0.104 -0.104 -0.104 -0.104 -0.104 -0.104 -0.104 -0.104 -0.104 -0.104 -0.104 -0.104 -0.104 -0.104 -0.104 -0.104 -0.104 -0.104 -0.104 -0.104 -0.104 -0.104 -0.104 -0.104 -0.104 -0.104 -0.104 -0.104 -0.104 -0.104 -0.104 -0.104 -0.104 -0.104 -0.104 -0.104 -0.104 -0.104 -0.104 -0.104 -0.104 -0.104 -0.104 -0.104 -0.104 -0.104 -0.104 -0.104 -0.104 -0.104 -0.104 -0.104 -0.104 -0.104 -0.104 -0.104 -0.104 -0.104 -0.104 -0.104 0.0 0.0 0.0 0.0 0.0 0.0 0.0 0.0 0.0 0.0 0.0 0.0 0.0 0.0 0.0 0.0 0.0 0.0 0.0 0.0 0.0 0.0 0.0 0.0 0.0 0.0 0.0 0.0 0.0 0.0 0.0 0.0 0.0 0.0 0.0 0.0 0.0 0.0 0.0 0.0 0.0 0.0 0.0 0.0 0.0 0.0 0.0 0.0 0.0 0.0 0.0 0.0 0.0 0.0 0.0 0.0 0.0 0.0 0.0 0.0 0.0 0.0 0.0 0.0 0.0 0.0 0.0 0.0 0.0 0.0 0.0 0.0 0.0 0.0 0.0 0.0 0.0 0.0 0.0 0.0 -0.104 -0.104 -0.104 -0.104 -0.104 -0.104 -0.104 -0.104 -0.104 -0.104 -0.104 -0.104 -0.104 -0.104 -0.104 -0.104 -0.104 -0.104 -0.104 -0.104 -0.104 -0.104 -0.104 -0.104 -0.104 -0.104 -0.104 -0.104 -0.104 -0.104 -0.104 -0.104 -0.104 -0.104 -0.104 -0.104 0.0 -0.104 -0.104 -0.104 -0.104 -0.104 -0.104 -0.104 -0.104 -0.104 -0.104 -0.104 -0.104 -0.104 -0.104 -0.104 -0.104 -0.104 -0.104 -0.104 -0.104 -0.104 -0.104 -0.104 -0.104 -0.104 -0.104 -0.104 -0.104 -0.104 -0.104 -0.104 -0.104 -0.104 -0.104 -0.104 -0.104 -0.104 -0.104 -0.104 -0.104 -0.104 -0.104 -0.104 -0.104 -0.104 -0.104 -0.104 -0.104 -0.104 -0.104 -0.104 -0.104 -0.104 -0.104 -0.104 -0.104 -0.104 -0.104 -0.104 -0.104 -0.104 -0.104 0.0 -0.104 -0.104 -0.104 -0.104 -0.104 -0.104 -0.104 -0.104 0.0 0.0 0.0 0.0 0.0 0.0 0.0 0.0 0.0 0.0 0.0 0.0 0.0 0.0 0.0 0.0 0.0 0.0 0.0 0.0 0.0 0.0 0.0 0.0 0.0 0.0 0.0 0.0 0.0 0.0 0.0 0.0 0.0 0.0 0.0 0.0 0.0 0.0 0.0 0.0 0.0 0.0 0.0 0.0 0.0 
# name: power
# type: matrix
# rows: 1
# columns: 356
 19.462 19.358 19.462 19.462 19.462 19.462 19.462 19.462 19.358 19.358 19.358 19.462 19.462 19.462 19.358 19.358 19.358 19.358 19.358 19.358 19.358 19.358 19.358 19.358 19.462 19.462 19.462 19.462 19.462 19.462 19.462 19.462 19.462 18.942 18.942 18.838 18.838 18.838 19.358 19.358 19.358 18.838 18.734 19.254 19.254 19.358 19.358 18.734 19.358 19.358 18.734 18.734 19.358 18.734 18.838 19.462 19.462 18.838 18.838 18.838 19.462 19.358 19.462 18.838 19.462 19.462 19.462 19.462 19.462 18.838 19.254 19.254 18.734 18.734 18.734 19.358 19.254 18.734 18.838 19.358 19.254 18.734 19.358 18.942 18.734 18.942 19.358 18.734 18.734 19.254 19.254 19.254 19.254 18.734 18.63 19.254 19.254 18.734 18.734 19.254 18.63 18.63 19.254 19.254 19.254 19.254 19.254 18.734 19.254 19.254 18.734 18.734 19.254 19.254 18.63 19.254 19.254 19.254 18.734 19.254 19.254 19.254 19.254 0.0 0.0 0.0 0.0 0.0 0.0 0.0 0.0 0.0 0.0 0.0 0.0 0.0 0.0 0.0 0.0 0.0 0.0 0.0 0.0 0.0 0.0 0.0 0.0 0.0 0.0 0.0 0.0 0.0 0.0 0.0 0.0 0.0 0.0 0.0 0.0 0.0 0.0 0.0 0.0 0.0 0.0 0.0 0.0 0.0 0.0 0.0 0.0 0.0 0.0 0.0 0.0 0.0 0.0 0.0 0.0 0.0 0.0 0.0 0.0 0.0 0.0 0.0 0.0 0.0 0.0 0.0 0.0 0.0 0.0 0.0 0.0 0.0 0.0 0.0 0.0 0.0 0.0 0.0 0.0 19.046 18.526 19.046 19.046 19.046 18.942 19.046 19.046 18.526 19.046 19.15 19.15 19.15 19.15 19.15 19.254 18.734 19.15 19.15 19.15 19.15 18.526 19.046 19.15 19.15 19.046 19.15 19.15 19.15 19.046 19.046 19.046 19.15 19.15 18.63 18.63 18.526 18.63 19.046 19.15 19.15 18.63 19.046 19.046 19.046 19.046 19.046 19.046 19.15 18.526 18.526 19.046 19.046 19.15 19.046 18.526 18.422 18.942 18.942 18.942 18.942 19.046 18.942 18.942 19.046 18.63 18.838 18.942 18.422 18.942 18.942 18.422 18.942 18.942 18.318 18.942 18.942 18.942 18.942 18.942 19.046 18.942 18.318 18.422 18.942 18.942 19.046 18.526 19.046 19.046 19.046 19.046 18.526 18.526 19.046 18.422 18.942 18.942 18.942 18.942 18.942 19.046 18.526 19.046 19.15 19.15 18.526 19.046 0.0 0.0 0.0 0.0 0.0 0.0 0.0 0.0 0.0 0.0 0.0 0.0 0.0 0.0 0.0 0.0 0.0 0.0 0.0 0.0 0.0 0.0 0.0 0.0 0.0 0.0 0.0 0.0 0.0 0.0 0.0 0.0 0.0 0.0 0.0 0.0 0.0 0.0 0.0 0.0 0.0 0.0 0.0 0.0 0.0 
