# name: phAngle
# type: matrix
# rows: 1
# columns: 358
 0 0 0 0 0 0 0 0 0 0 0 0 0 0 0 0 0 0 0 0 0 0 0 0 0 0 0 0 0 0 0 0 0 0 0 0 0 0 0 0 0 0 0 0 0 0 0 0 0 0 0 0 0 0 0 0 0 0 0 0 0 0 0 0 0 0 0 0 0 0 0 0 0 0 0 0 0 0 0 0 0 0 0 0 0 0 0 0 0 0 0 0 0 0 0 0 0 0 0 0 0 0 0 0 0 0 0 0 0 0 0 0 0 0 0 0 0 0 0 0 0 0 0 0 0 0 0 0 0 0 0 0 0 0 0 0 0 0 0 0 0 0 0 0 0 0 0 0 0 0 0 0 0 0 0 0 0 0 0 0 0 0 0 0 0 0 0 0 0 0 0 0 0 0 0 0 0 0 0 0 0 0 0 0 0 0 0 0 0 0 0 0 0 0 0 0 0 0 0 0 0 0 0 0 0 0 0 0 0 0 0 0 0 0 0 0 0 0 0 0 0 0 0 0 0 0 0 0 0 0 0 0 0 0 0 0 0 0 0 0 0 0 0 0 0 0 0 0 0 0 0 0 0 0 0 0 0 0 0 0 0 0 0 0 0 0 0 0 0 0 0 0 0 0 0 0 0 0 0 0 0 0 0 0 0 0 0 0 0 0 0 0 0 0 0 0 0 0 0 0 0 0 0 0 0 0 0 0 0 0 0 0 0 0 0 0 0 0 0 0 0 0 0 0 0 0 0 0 0 0 0 0 0 0 0 0 0 0 0 0 0 0 0 0 0 0 0 0 0 0 0 0 0 0 0 0 0 0 
# name: freq
# type: matrix
# rows: 1
# columns: 358
 50.0 50.0 50.0 50.0 50.0 50.0 50.0 50.0 50.0 50.0 50.0 50.0 50.0 50.0 50.0 50.0 50.0 50.0 50.0 50.0 50.0 50.0 50.0 50.0 50.0 50.0 50.0 50.0 50.0 50.0 50.0 50.0 50.0 50.0 50.0 50.0 50.0 50.0 50.0 50.0 50.0 50.0 50.0 50.0 50.0 50.0 50.0 50.0 50.0 50.0 50.0 50.0 50.0 50.0 50.0 50.0 50.0 50.0 50.0 50.0 50.0 50.0 50.0 50.0 50.0 50.0 50.0 50.0 50.0 50.0 50.0 50.0 50.0 50.0 50.0 50.0 50.0 50.0 50.0 50.0 50.0 50.0 50.0 50.0 50.0 50.0 50.0 50.0 50.0 50.0 50.0 50.0 50.0 50.0 50.0 50.0 50.0 50.0 50.0 50.0 50.0 50.0 50.0 50.0 50.0 50.0 50.0 50.0 50.0 50.0 50.0 50.0 50.0 50.0 50.0 50.0 50.0 50.0 50.0 50.0 50.0 50.0 50.0 50.0 50.0 50.0 50.0 50.0 50.0 50.0 50.0 50.0 50.0 50.0 50.0 50.0 50.0 50.0 50.0 50.0 50.0 50.0 50.0 50.0 50.0 50.0 50.0 50.0 50.0 50.0 50.0 50.0 50.0 50.0 50.0 50.0 50.0 50.0 50.0 50.0 50.0 50.0 50.0 50.0 50.0 50.0 50.0 50.0 50.0 50.0 50.0 50.0 50.0 50.0 50.0 50.0 50.0 50.0 50.0 50.0 50.0 50.0 50.0 50.0 50.0 50.0 50.0 50.0 50.0 50.0 50.0 50.0 50.0 50.0 50.0 50.0 50.0 50.0 50.0 50.0 50.0 50.0 50.0 50.0 50.0 50.0 50.0 50.0 50.0 50.0 50.0 50.0 50.0 50.0 50.0 50.0 50.0 50.0 50.0 50.0 50.0 50.0 50.0 50.0 50.0 50.0 50.0 50.0 50.0 50.0 50.0 50.0 50.0 50.0 50.0 50.0 50.0 50.0 50.0 50.0 50.0 50.0 50.0 50.0 50.0 50.0 50.0 50.0 50.0 50.0 50.0 50.0 50.0 50.0 50.0 50.0 50.0 50.0 50.0 50.0 50.0 50.0 50.0 50.0 50.0 50.0 50.0 50.0 50.0 50.0 50.0 50.0 50.0 50.0 50.0 50.0 50.0 50.0 50.0 50.0 50.0 50.0 50.0 50.0 50.0 50.0 50.0 50.0 50.0 50.0 50.0 50.0 50.0 50.0 50.0 50.0 50.0 50.0 50.0 50.0 50.0 50.0 50.0 50.0 50.0 50.0 50.0 50.0 50.0 50.0 50.0 50.0 50.0 50.0 50.0 50.0 50.0 50.0 50.0 50.0 50.0 50.0 50.0 50.0 50.0 50.0 50.0 50.0 50.0 50.0 50.0 50.0 50.0 50.0 50.0 50.0 50.0 50.0 50.0 50.0 50.0 50.0 50.0 50.0 50.0 50.0 50.0 50.0 50.0 50.0 50.0 50.0 50.0 50.0 50.0 50.0 50.0 50.0 
# name: reacPower
# type: matrix
# rows: 1
# columns: 358
 -1.863 -1.863 -1.863 -1.863 -1.863 -1.863 -1.863 -1.863 -1.759 -1.863 -1.863 -1.863 -1.863 -1.863 -1.863 -1.863 -1.863 -1.863 -1.863 -1.863 -1.863 -1.863 -1.863 -1.863 -1.863 -1.863 -1.863 -1.863 -1.863 -1.863 -1.863 -1.863 -1.863 -1.863 -1.863 -1.863 -1.863 -1.863 -1.863 -1.863 -1.863 -1.863 -1.863 -1.863 -1.863 -1.863 -1.863 -1.863 -1.863 -1.759 -1.759 -1.759 -1.863 -1.759 -1.863 -1.863 -1.863 -1.863 -1.863 -1.759 -1.863 -1.863 -1.759 -1.863 -1.863 -1.863 -1.863 -1.863 -1.759 -1.863 -1.863 -1.863 -1.863 -1.863 -1.863 -1.863 -1.863 -1.863 -1.863 -1.863 -1.863 -1.863 -1.863 -1.863 -1.863 -1.863 -1.863 -1.759 -1.863 -1.863 -1.759 -1.863 -1.863 -1.863 -1.863 -1.863 -1.759 -1.759 -1.759 -1.863 -1.759 -1.759 -1.759 -1.759 -1.759 -1.863 -1.759 -1.759 -1.863 -1.759 -1.759 -1.863 -1.863 -1.759 -1.759 -1.863 -1.759 -1.863 -1.759 -1.863 -1.759 -1.759 -1.759 -1.759 -1.759 -1.863 -1.863 -1.759 -1.759 -1.863 -1.759 -1.759 -1.759 -1.863 -1.759 -1.759 -1.759 -1.759 -1.759 -1.759 -1.863 -1.759 -1.863 -1.863 -1.863 -1.863 -1.863 -1.759 -1.863 -1.759 -1.863 -1.759 -1.863 -1.863 -1.863 -1.759 -1.863 0.0 0.0 0.0 0.0 0.0 0.0 0.0 0.0 0.0 0.0 0.0 0.0 0.0 0.0 0.0 0.0 0.0 0.0 0.0 0.0 0.0 0.0 0.0 0.0 0.0 0.0 0.0 0.0 0.0 0.0 0.0 0.0 0.0 0.0 0.0 0.0 0.0 0.0 0.0 0.0 0.0 0.0 0.0 0.0 0.0 0.0 0.0 0.0 0.0 0.0 0.0 0.0 0.0 0.0 0.0 0.0 0.0 0.0 0.0 -1.759 -1.759 -1.759 -1.759 -1.759 -1.759 -1.759 -1.759 -1.759 -1.759 -1.759 -1.759 -1.863 -1.863 -1.759 -1.863 -1.863 -1.863 -1.863 -1.863 -1.863 -1.863 -1.863 -1.863 -1.863 -1.863 -1.759 -1.863 -1.863 -1.863 -1.863 -1.863 -1.863 -1.863 -1.863 -1.863 -1.863 -1.863 -1.863 -1.863 -1.863 -1.863 -1.863 -1.863 -1.863 -1.863 -1.863 -1.759 -1.863 -1.863 -1.863 -1.759 -1.759 -1.863 0.0 0.0 0.0 0.0 0.0 0.0 0.0 0.0 0.0 0.0 0.0 0.0 0.0 0.0 0.0 0.0 0.0 0.0 0.0 0.0 0.0 0.0 0.0 0.0 0.0 0.0 0.0 0.0 0.0 0.0 0.0 0.0 0.0 0.0 0.0 0.0 0.0 0.0 0.0 0.0 0.0 0.0 0.0 0.0 0.0 0.0 0.0 0.0 0.0 0.0 0.0 0.0 0.0 0.0 0.0 0.0 0.0 0.0 0.0 0.0 0.0 0.0 0.0 0.0 0.0 0.0 0.0 0.0 0.0 0.0 0.0 0.0 0.0 0.0 0.0 0.0 0.0 0.0 0.0 0.0 0.0 0.0 0.0 0.0 0.0 0.0 0.0 0.0 
# name: power
# type: matrix
# rows: 1
# columns: 358
 39.13 39.027 39.027 39.13 39.13 39.13 39.13 39.027 38.923 38.923 39.027 38.923 38.923 38.923 38.923 38.82 38.923 38.923 38.923 39.027 38.923 38.82 38.923 38.923 39.027 38.923 39.027 39.027 39.027 39.027 39.027 39.13 39.234 39.13 39.13 39.027 39.13 39.13 39.027 39.027 39.027 39.027 39.027 38.923 39.027 39.027 39.027 39.027 39.13 38.82 38.82 38.82 38.923 38.716 38.82 38.82 38.923 38.82 38.923 38.82 39.13 39.027 39.027 38.923 38.923 38.82 38.923 38.82 38.923 38.923 38.923 38.82 39.027 38.923 39.027 39.027 39.027 38.923 39.027 38.82 38.923 38.82 38.923 38.923 39.027 38.923 39.027 38.82 38.923 38.716 38.613 38.716 38.82 38.82 38.82 38.82 38.716 38.613 38.716 38.82 38.509 38.509 38.613 38.82 38.613 38.82 38.613 38.716 38.716 38.716 38.716 38.82 38.716 38.82 38.82 38.923 38.716 38.82 38.613 38.716 38.716 38.716 38.509 38.82 38.613 38.82 38.716 38.716 38.613 38.613 38.509 38.613 38.613 38.613 38.509 38.509 38.613 38.509 38.716 38.613 38.82 38.509 38.82 38.716 38.923 38.613 38.82 38.716 38.82 38.613 38.716 38.613 38.716 38.716 38.923 38.716 38.923 0.0 0.0 0.0 0.0 0.0 0.0 0.0 0.0 0.0 0.0 0.0 0.0 0.0 0.0 0.0 0.0 0.0 0.0 0.0 0.0 0.0 0.0 0.0 0.0 0.0 0.0 0.0 0.0 0.0 0.0 0.0 0.0 0.0 0.0 0.0 0.0 0.0 0.0 0.0 0.0 0.0 0.0 0.0 0.0 0.0 0.0 0.0 0.0 0.0 0.0 0.0 0.0 0.0 0.0 0.0 0.0 0.0 0.0 0.0 37.991 37.888 37.991 37.991 37.784 37.888 37.991 37.991 37.991 38.095 37.991 38.716 38.82 38.923 38.82 39.027 39.027 39.027 39.027 39.027 38.923 39.027 39.027 39.13 39.13 39.234 38.406 39.13 38.923 39.13 39.027 39.027 39.13 39.027 39.13 39.027 39.027 39.027 39.13 39.027 39.027 39.027 39.13 39.13 38.923 39.027 39.027 39.027 39.13 39.13 39.337 38.095 38.406 39.234 0.0 0.0 0.0 0.0 0.0 0.0 0.0 0.0 0.0 0.0 0.0 0.0 0.0 0.0 0.0 0.0 0.0 0.0 0.0 0.0 0.0 0.0 0.0 0.0 0.0 0.0 0.0 0.0 0.0 0.0 0.0 0.0 0.0 0.0 0.0 0.0 0.0 0.0 0.0 0.0 0.0 0.0 0.0 0.0 0.0 0.0 0.0 0.0 0.0 0.0 0.0 0.0 0.0 0.0 0.0 0.0 0.0 0.0 0.0 0.0 0.0 0.0 0.0 0.0 0.0 0.0 0.0 0.0 0.0 0.0 0.0 0.0 0.0 0.0 0.0 0.0 0.0 0.0 0.0 0.0 0.0 0.0 0.0 0.0 0.0 0.0 0.0 0.0 
