# name: phAngle
# type: matrix
# rows: 1
# columns: 359
 71 71 71 71 71 71 71 71 71 71 71 71 71 71 71 71 71 71 71 71 71 71 71 71 71 71 71 71 71 71 71 71 71 71 71 71 71 71 71 71 71 71 71 71 71 71 71 71 71 71 71 71 71 71 71 71 71 71 71 71 71 71 71 71 71 71 71 71 71 71 71 71 71 71 71 71 71 71 71 71 71 71 71 71 71 71 71 71 71 71 71 71 71 71 71 71 71 71 71 71 71 71 71 71 71 71 71 71 71 71 71 71 71 71 71 71 71 71 71 71 71 71 71 71 71 71 71 71 71 71 71 71 71 71 71 71 71 71 71 71 71 71 71 71 71 71 71 71 71 71 71 71 71 71 71 71 71 8 8 8 8 8 8 8 8 8 8 8 8 8 8 8 8 8 8 8 8 8 8 8 8 8 8 8 8 8 8 8 8 8 8 8 8 8 8 8 8 8 8 8 8 8 8 8 8 8 8 8 8 8 8 8 8 8 8 8 63 63 63 63 63 63 63 63 63 63 63 71 71 71 71 71 71 71 71 71 71 71 71 71 71 71 71 71 71 71 71 71 71 71 71 71 71 71 71 71 71 71 71 71 71 71 71 71 71 71 71 71 63 71 71 71 71 63 71 63 63 71 63 63 71 63 63 71 63 63 71 63 63 71 71 63 71 63 63 71 63 63 71 63 63 71 71 63 71 63 63 71 71 71 71 71 71 63 71 63 63 63 71 71 63 71 63 63 71 63 63 71 63 71 63 63 71 71 71 71 71 71 71 63 71 71 71 71 63 71 71 71 71 71 71 71 71 71 71 71 71 63 71 
# name: freq
# type: matrix
# rows: 1
# columns: 359
 50.0 50.0 50.0 50.0 50.0 50.0 50.0 50.0 50.0 50.0 50.0 50.0 50.0 50.0 50.0 50.0 50.0 50.0 50.0 50.0 50.0 50.0 50.0 50.0 50.0 50.0 50.0 50.0 50.0 50.0 50.0 50.0 50.0 50.0 50.0 50.0 50.0 50.0 50.0 50.0 50.0 50.0 50.0 50.0 50.0 50.0 50.0 50.0 50.0 50.0 50.0 50.0 50.0 50.0 50.0 50.0 50.0 50.0 50.0 50.0 50.0 50.1 50.0 50.0 50.0 50.0 50.0 50.0 50.0 50.0 50.0 50.0 50.0 50.0 50.0 50.0 50.0 50.0 50.0 50.0 50.0 50.0 50.0 50.0 50.0 50.0 50.0 50.0 50.0 50.0 50.0 50.0 50.0 50.0 50.0 50.0 50.0 50.0 50.0 50.0 50.0 50.0 50.0 50.0 50.0 50.0 50.0 50.0 50.0 50.0 50.0 50.0 50.0 50.0 50.0 50.0 50.0 50.0 50.0 50.0 50.0 50.0 50.0 50.0 50.0 50.0 50.0 50.0 50.0 50.0 50.0 50.0 50.0 50.0 50.0 50.0 50.0 50.0 50.0 50.0 50.0 50.0 50.0 50.0 50.0 50.0 50.0 50.0 50.0 50.0 50.0 50.0 50.0 50.0 50.0 50.0 50.0 50.0 50.0 50.0 50.0 50.0 50.0 50.0 50.0 50.0 50.0 50.0 50.0 50.0 50.0 50.0 50.0 50.0 50.0 50.0 50.0 50.0 50.0 50.0 50.0 50.0 50.0 50.0 50.0 50.0 50.0 50.0 50.0 50.0 50.0 50.0 50.0 50.0 50.0 50.0 50.0 50.0 50.0 50.0 50.0 50.0 50.0 50.0 50.0 50.0 50.0 50.0 50.0 50.0 50.0 50.0 50.0 50.0 50.0 50.0 50.0 50.0 50.0 50.0 50.0 50.0 50.0 50.0 50.0 50.0 50.0 50.0 50.0 50.0 50.0 50.0 50.0 50.0 50.0 50.0 50.0 50.0 50.0 50.0 50.0 50.0 50.0 50.0 50.0 50.0 50.0 50.0 50.0 50.0 50.0 50.0 50.0 50.0 50.0 50.0 50.0 50.0 50.0 50.0 50.0 50.0 50.0 50.0 50.0 50.0 50.0 50.0 50.0 50.0 50.0 50.0 50.0 50.0 50.0 49.9 50.0 50.0 50.0 50.0 50.0 50.0 50.0 50.0 50.0 50.0 50.0 50.0 50.0 50.0 50.0 50.0 50.0 50.0 50.0 50.0 50.0 50.0 50.0 50.0 50.0 50.0 50.0 50.0 50.0 50.0 50.0 50.0 50.0 50.0 50.0 50.0 50.0 50.0 50.0 50.0 49.9 50.0 50.0 50.0 50.0 50.0 50.0 50.0 50.0 50.0 50.0 50.0 50.0 50.0 50.0 50.0 50.0 50.0 50.0 50.0 50.0 50.0 50.0 50.0 50.0 50.0 50.0 50.0 50.0 50.0 50.0 50.0 50.0 50.0 50.0 50.0 50.0 50.0 50.0 50.0 50.0 50.0 50.0 
# name: reacPower
# type: matrix
# rows: 1
# columns: 359
 6.625 6.625 6.625 6.625 6.728 6.625 6.625 6.625 6.521 6.521 6.625 6.521 6.521 6.521 6.521 6.521 6.521 6.625 6.521 6.521 6.521 6.521 6.521 6.625 6.521 6.521 6.625 6.625 6.521 6.625 6.625 6.625 6.625 6.625 6.625 6.625 6.625 6.625 6.521 6.521 6.521 6.521 6.521 6.521 6.521 6.521 6.521 6.521 6.625 6.418 6.418 6.521 6.521 6.418 6.521 6.418 6.521 6.418 6.521 6.418 6.625 6.521 6.521 6.521 6.418 6.418 6.521 6.521 6.521 6.418 6.521 6.418 6.521 6.418 6.521 6.521 6.521 6.521 6.625 6.521 6.521 6.418 6.521 6.521 6.521 6.521 6.521 6.521 6.521 6.314 6.418 6.418 6.418 6.521 6.418 6.418 6.418 6.418 6.418 6.418 6.314 6.314 6.418 6.418 6.314 6.418 6.211 6.418 6.418 6.418 6.314 6.418 6.418 6.521 6.418 6.521 6.418 6.418 6.314 6.418 6.314 6.418 6.314 6.418 6.314 6.521 6.418 6.418 6.314 6.418 6.314 6.418 6.314 6.314 6.314 6.418 6.314 6.418 6.314 6.418 6.418 6.418 6.418 6.418 6.418 6.418 6.418 6.418 6.418 6.314 6.418 6.314 6.418 6.314 6.418 6.418 6.418 7.867 7.764 7.764 7.349 7.66 7.66 7.246 7.66 7.556 7.246 7.556 7.556 7.142 7.556 7.453 7.142 7.453 7.453 7.039 7.453 7.453 7.349 7.349 7.349 7.349 7.349 7.349 7.349 7.246 7.246 7.349 7.349 7.246 6.935 7.246 7.246 6.935 7.349 7.349 6.935 7.246 7.246 7.246 7.349 7.246 7.349 7.246 7.246 7.246 7.246 7.246 7.246 7.246 7.246 7.246 7.349 7.349 7.246 6.935 5.9 5.9 6.004 5.9 6.004 5.9 6.004 6.004 6.004 5.9 5.9 6.418 6.418 6.521 6.521 6.521 6.625 6.521 6.625 6.521 6.521 6.418 6.625 6.625 6.625 6.728 6.625 6.625 6.625 6.625 6.625 6.625 6.625 6.728 6.625 6.625 6.625 6.625 6.625 6.728 6.625 6.625 6.521 6.625 6.625 6.521 6.521 6.625 6.625 6.625 6.728 6.728 6.107 6.625 6.728 6.314 6.211 5.9 6.211 6.107 5.693 6.211 6.107 5.693 6.211 6.004 5.693 6.211 6.004 5.59 6.211 6.107 5.693 6.211 6.211 5.693 6.211 6.004 5.693 6.211 6.107 5.59 6.211 6.107 5.693 6.211 6.211 5.693 6.211 6.107 5.693 6.211 6.211 6.211 6.211 6.107 6.211 6.107 6.211 5.9 6.107 6.107 6.211 6.107 6.107 6.107 6.107 6.107 6.211 6.107 6.107 6.211 6.107 6.107 6.004 6.107 6.107 6.211 6.211 6.211 6.211 6.211 6.211 6.107 6.107 6.107 6.211 6.211 6.107 6.211 6.314 6.418 6.211 6.211 6.314 6.314 6.314 6.314 6.314 6.314 6.314 6.004 6.314 
# name: power
# type: matrix
# rows: 1
# columns: 359
 2.277 2.277 2.277 2.277 2.277 2.277 2.277 2.277 2.277 2.277 2.277 2.277 2.277 2.277 2.277 2.277 2.277 2.277 2.277 2.277 2.277 2.277 2.277 2.277 2.277 2.277 2.277 2.277 2.277 2.277 2.277 2.277 2.277 2.277 2.277 2.277 2.277 2.277 2.277 2.277 2.277 2.277 2.277 2.277 2.277 2.277 2.277 2.277 2.277 2.277 2.277 2.277 2.277 2.277 2.277 2.277 2.277 2.277 2.277 2.277 2.277 2.277 2.277 2.277 2.277 2.277 2.277 2.277 2.277 2.277 2.277 2.277 2.277 2.277 2.277 2.277 2.277 2.277 2.277 2.277 2.277 2.277 2.277 2.277 2.277 2.277 2.277 2.277 2.277 2.277 2.277 2.277 2.277 2.277 2.277 2.277 2.277 2.277 2.277 2.277 2.277 2.277 2.277 2.277 2.277 2.277 2.277 2.277 2.277 2.277 2.277 2.277 2.277 2.277 2.277 2.277 2.277 2.277 2.277 2.277 2.277 2.277 2.277 2.277 2.277 2.277 2.277 2.277 2.277 2.277 2.277 2.277 2.277 2.277 2.277 2.277 2.277 2.277 2.277 2.277 2.277 2.277 2.277 2.277 2.277 2.277 2.277 2.277 2.277 2.277 2.277 2.277 2.277 2.277 2.277 2.277 2.277 47.515 47.308 46.998 45.652 46.791 46.894 45.238 46.584 46.48 45.238 46.377 46.584 45.031 46.377 46.066 44.824 45.963 46.066 44.513 45.963 45.963 45.859 45.859 45.756 45.756 45.652 45.652 45.652 45.548 45.548 45.548 45.652 45.548 44.203 45.445 45.548 44.41 45.652 45.652 44.099 45.548 45.548 45.548 45.652 45.548 45.652 45.548 45.548 45.445 45.445 45.445 45.445 45.445 45.445 45.445 45.963 45.756 45.445 44.41 2.173 2.173 2.173 2.173 2.173 2.173 2.173 2.173 2.173 2.173 2.173 2.173 2.173 2.277 2.277 2.277 2.277 2.277 2.277 2.277 2.277 2.277 2.277 2.277 2.277 2.277 2.277 2.277 2.173 2.277 2.277 2.277 2.277 2.277 2.277 2.277 2.277 2.277 2.277 2.277 2.277 2.277 2.277 2.277 2.277 2.277 2.277 2.277 2.277 2.277 2.277 2.277 2.173 2.277 2.277 2.173 2.173 2.173 2.173 2.173 2.07 2.173 2.173 2.07 2.173 2.173 2.07 2.173 2.173 2.07 2.173 2.173 2.07 2.173 2.173 2.07 2.173 2.173 2.173 2.173 2.173 2.07 2.173 2.173 2.07 2.173 2.173 2.07 2.173 2.173 2.173 2.173 2.173 2.173 2.173 2.173 2.173 2.173 2.173 2.173 2.173 2.173 2.173 2.173 2.173 2.173 2.173 2.173 2.173 2.173 2.173 2.173 2.173 2.173 2.173 2.173 2.173 2.173 2.173 2.173 2.173 2.173 2.173 2.173 2.173 2.173 2.173 2.173 2.173 2.173 2.277 2.277 2.173 2.173 2.173 2.173 2.173 2.277 2.277 2.173 2.277 2.173 2.173 
