# name: phAngle
# type: matrix
# rows: 1
# columns: 359
 71 71 71 71 71 71 71 71 71 71 71 71 71 71 71 71 71 71 71 71 71 71 11 11 11 11 11 11 11 11 11 11 11 11 11 11 11 11 11 11 11 11 11 11 11 11 11 11 11 11 11 11 11 11 11 11 11 11 11 11 11 11 11 11 11 11 11 11 11 11 11 11 11 11 11 11 11 11 11 11 11 11 11 11 11 11 11 11 11 11 11 11 11 11 11 11 56 71 71 71 71 71 71 71 71 71 71 71 71 71 71 71 71 71 71 71 71 71 71 71 71 71 63 71 63 71 63 71 71 71 71 71 71 71 63 71 71 71 71 63 71 71 71 71 71 71 71 71 71 71 71 71 71 71 71 71 71 71 71 71 71 71 71 71 71 71 71 71 71 71 71 71 71 63 71 71 71 71 63 63 71 71 71 71 71 71 71 71 71 71 71 71 71 71 71 71 71 71 71 71 71 71 71 71 71 11 11 11 11 11 11 11 11 11 11 11 11 11 11 11 11 11 11 11 11 11 11 11 11 11 11 11 11 11 11 11 11 11 11 11 11 11 11 11 11 11 11 11 11 11 11 11 11 11 11 11 11 11 11 11 11 11 11 11 11 11 11 11 11 11 11 11 11 11 11 11 11 11 11 11 11 11 11 11 11 11 11 11 11 11 11 71 71 71 71 71 71 71 71 71 71 71 71 71 71 71 71 71 71 71 71 71 71 71 71 71 71 71 71 71 71 71 71 71 71 71 71 71 71 71 71 71 71 71 71 71 71 71 11 11 11 11 11 11 11 11 11 11 11 11 11 11 11 11 11 11 11 11 11 
# name: freq
# type: matrix
# rows: 1
# columns: 359
 50.0 50.0 50.0 50.0 50.0 50.0 50.0 50.0 50.0 50.0 50.0 50.0 50.0 50.0 50.0 50.0 50.0 50.0 50.0 50.0 50.0 50.0 50.0 50.0 50.0 50.0 50.0 50.0 50.0 50.0 50.0 50.0 50.0 50.0 50.0 50.0 50.0 50.0 50.0 50.0 50.0 50.0 50.0 50.0 50.0 50.0 50.0 50.0 50.0 50.0 50.0 50.0 50.0 50.0 50.0 50.0 50.0 50.0 50.0 50.0 50.0 50.0 50.0 50.0 50.0 50.0 50.0 50.0 50.0 50.0 50.0 50.0 50.0 50.0 50.0 50.0 50.0 50.0 50.0 50.0 50.0 50.0 50.0 50.0 50.0 50.0 50.0 50.0 50.0 50.0 50.0 50.0 50.0 50.0 50.0 50.0 50.0 50.0 50.0 50.0 50.0 50.0 50.0 50.0 50.0 50.0 50.0 50.0 50.0 50.0 50.0 50.0 50.0 50.0 50.0 50.0 50.0 50.0 50.0 50.0 50.0 50.0 50.0 50.0 50.0 50.0 50.0 50.0 50.0 50.0 50.0 50.0 50.0 50.0 50.0 50.0 50.0 50.0 50.0 50.0 50.0 50.0 50.0 50.0 50.0 50.0 50.0 50.0 50.0 50.0 50.0 50.0 50.0 50.0 50.0 50.0 50.0 50.0 50.0 50.0 50.0 50.0 50.0 50.0 50.0 50.0 50.0 50.0 50.0 50.0 50.0 50.0 50.0 50.0 50.0 50.0 50.0 50.0 50.0 50.0 50.0 50.0 50.0 50.0 50.0 50.0 50.0 50.0 50.0 50.0 50.0 50.0 50.0 50.0 50.0 50.0 50.0 50.0 50.0 50.0 50.0 50.0 50.0 50.0 50.0 50.0 50.0 50.0 50.0 50.0 50.0 50.0 50.0 50.0 50.0 50.0 50.0 50.0 50.0 50.0 50.0 50.0 50.0 50.0 50.0 50.0 50.0 50.0 50.0 50.0 50.0 50.0 50.0 50.0 50.0 50.0 50.0 50.0 50.0 50.0 50.0 50.0 50.0 50.0 50.0 50.0 50.0 50.0 50.0 50.0 50.0 50.0 50.0 50.0 50.0 50.0 50.0 50.0 50.0 50.0 50.0 50.0 50.0 50.0 50.0 50.0 50.0 50.0 50.0 50.0 50.0 50.0 50.0 50.0 50.0 50.0 50.0 50.0 50.0 50.0 50.0 50.0 50.0 50.0 50.0 50.0 50.0 50.0 50.0 50.0 50.0 50.0 50.0 50.0 50.0 50.0 50.0 50.0 50.0 50.0 50.0 50.0 50.0 50.0 50.0 50.0 50.0 50.0 50.0 50.0 50.0 50.0 50.0 50.0 50.0 50.0 50.0 50.0 50.0 50.0 50.0 50.0 50.0 50.0 50.0 50.0 50.0 50.0 50.0 50.0 50.0 50.0 50.0 50.0 50.0 50.0 50.0 50.0 50.0 50.0 50.0 50.0 50.0 50.0 50.0 50.0 50.0 50.0 50.0 50.0 50.0 50.0 50.0 50.0 50.0 50.0 50.0 50.0 50.0 
# name: reacPower
# type: matrix
# rows: 1
# columns: 359
 6.314 6.418 6.314 6.418 6.314 6.314 6.314 6.314 6.314 6.314 6.314 6.418 6.521 6.418 6.418 6.521 6.418 6.521 6.521 6.521 6.418 6.418 5.693 5.693 5.693 5.693 5.59 5.693 5.59 5.486 5.59 5.693 5.693 5.693 5.693 5.693 5.59 5.59 5.59 5.486 5.486 5.486 5.59 5.59 5.59 5.59 5.59 5.59 5.59 5.59 5.59 5.59 5.59 5.486 5.59 5.59 5.59 5.59 5.59 5.59 5.59 5.59 5.59 5.486 5.486 5.59 5.59 5.486 5.486 5.59 5.59 5.383 5.383 5.486 5.486 5.486 5.59 5.59 5.59 5.59 5.486 5.486 5.59 5.486 5.59 5.486 5.486 5.486 5.486 5.486 5.486 5.486 5.486 5.486 5.59 5.59 6.211 6.314 6.314 6.314 6.314 6.314 6.314 6.314 6.314 6.314 6.314 6.211 6.211 6.211 6.211 6.211 6.211 6.211 6.211 6.211 6.314 6.314 6.314 6.211 6.211 6.211 6.107 6.211 6.107 6.211 6.107 6.211 6.211 6.211 6.211 6.211 6.107 6.107 6.107 6.211 6.211 6.211 6.211 6.107 6.211 6.211 6.211 6.314 6.314 6.314 6.314 6.314 6.314 6.211 6.211 6.314 6.314 6.314 6.314 6.314 6.314 6.314 6.314 6.314 6.314 6.314 6.211 6.314 6.314 6.211 6.314 6.314 6.314 6.211 6.211 6.211 6.211 6.107 6.211 6.211 6.107 6.107 6.107 6.107 6.418 6.418 6.418 6.625 6.418 6.521 6.521 6.521 6.521 6.521 6.418 6.418 6.418 6.521 6.418 6.418 6.418 6.418 6.418 6.418 6.418 6.418 6.418 6.418 6.418 5.693 5.693 5.693 5.693 5.693 5.693 5.693 5.693 5.693 5.693 5.693 5.693 5.693 5.693 5.693 5.693 5.693 5.693 5.693 5.693 5.59 5.59 5.693 5.693 5.693 5.693 5.693 5.693 5.693 5.693 5.693 5.693 5.693 5.797 5.797 5.797 5.797 5.59 5.797 5.797 5.693 5.693 5.693 5.693 5.797 5.693 5.693 5.797 5.797 5.797 5.797 5.797 5.797 5.693 5.797 5.797 5.797 5.693 5.693 5.693 5.693 5.693 5.693 5.693 5.693 5.693 5.693 5.693 5.59 5.59 5.59 5.693 5.59 5.59 5.59 5.59 5.59 5.693 5.59 5.59 5.59 5.59 5.59 5.59 5.59 5.693 6.521 6.418 6.521 6.521 6.521 6.418 6.521 6.521 6.521 6.625 6.625 6.521 6.314 6.521 6.521 6.521 6.521 6.521 6.521 6.418 6.418 6.418 6.625 6.625 6.625 6.625 6.625 6.625 6.625 6.625 6.521 6.521 6.521 6.521 6.625 6.625 6.521 6.521 6.521 6.521 6.521 6.521 6.418 6.521 6.521 6.521 6.521 5.693 5.59 5.693 5.59 5.59 5.693 5.59 5.693 5.59 5.486 5.59 5.693 5.693 5.59 5.59 5.59 5.59 5.693 5.59 5.59 5.693 
# name: power
# type: matrix
# rows: 1
# columns: 359
 2.277 2.277 2.277 2.277 2.277 2.277 2.277 2.277 2.277 2.277 2.277 2.277 2.277 2.277 2.277 2.277 2.277 2.277 2.277 2.277 2.277 2.277 22.256 22.153 22.153 22.153 22.049 22.049 22.049 21.842 21.946 22.049 22.049 22.049 22.049 22.049 21.946 21.842 21.946 21.739 21.842 21.842 21.842 21.842 21.946 21.946 21.946 21.946 21.946 21.946 21.842 21.946 21.842 21.842 21.842 21.946 21.842 21.946 21.842 21.946 21.946 21.842 21.946 21.842 21.842 21.946 21.842 21.842 21.842 21.842 21.842 21.635 21.739 21.739 21.739 21.842 21.842 21.842 21.842 21.946 21.842 21.842 21.842 21.842 21.842 21.739 21.842 21.739 21.739 21.739 21.842 21.842 21.842 21.842 21.842 21.842 4.14 2.277 2.277 2.277 2.277 2.277 2.173 2.277 2.173 2.277 2.277 2.173 2.277 2.173 2.277 2.173 2.277 2.173 2.173 2.277 2.277 2.277 2.277 2.173 2.277 2.277 2.173 2.173 2.173 2.173 2.173 2.173 2.173 2.277 2.173 2.173 2.173 2.173 2.173 2.173 2.173 2.277 2.173 2.173 2.173 2.277 2.277 2.277 2.277 2.277 2.277 2.277 2.277 2.277 2.277 2.277 2.277 2.277 2.173 2.173 2.277 2.277 2.277 2.277 2.173 2.277 2.277 2.277 2.277 2.173 2.277 2.277 2.277 2.277 2.277 2.277 2.277 2.277 2.173 2.277 2.173 2.173 2.173 2.173 2.277 2.277 2.277 2.277 2.277 2.277 2.277 2.277 2.277 2.277 2.277 2.277 2.277 2.277 2.277 2.277 2.277 2.277 2.277 2.277 2.277 2.277 2.277 2.277 2.277 22.256 22.153 22.153 22.153 22.049 22.049 22.049 22.049 22.049 21.946 22.049 22.049 22.049 22.049 22.049 22.049 22.049 22.049 22.049 22.049 21.946 22.049 22.049 22.153 22.153 22.049 22.049 22.049 22.049 22.049 22.049 22.049 22.049 22.153 22.256 22.256 22.153 21.946 22.153 22.153 22.153 22.153 22.153 22.153 22.153 22.049 22.049 22.153 22.153 22.153 22.153 22.153 22.153 22.153 22.153 22.153 22.153 22.049 22.049 22.049 22.153 22.049 22.049 22.049 22.049 22.049 22.049 22.049 21.946 21.946 21.946 21.946 21.946 21.946 21.946 21.946 21.946 22.049 21.946 21.946 21.946 21.946 21.946 21.946 21.946 22.049 2.277 2.277 2.277 2.277 2.277 2.277 2.277 2.277 2.277 2.277 2.277 2.277 2.277 2.277 2.277 2.277 2.277 2.277 2.277 2.277 2.277 2.277 2.277 2.277 2.277 2.277 2.277 2.277 2.277 2.277 2.277 2.277 2.277 2.277 2.277 2.277 2.277 2.277 2.277 2.277 2.277 2.277 2.277 2.277 2.277 2.277 2.277 22.256 22.153 22.153 22.049 22.049 22.049 21.946 22.049 21.946 21.739 21.946 22.049 21.946 21.946 21.946 21.946 21.946 22.049 21.946 21.946 22.049 
