# name: phAngle
# type: matrix
# rows: 1
# columns: 342
 71 71 71 71 71 71 71 11 11 11 11 11 11 11 11 11 11 11 11 11 11 11 11 11 11 11 11 11 11 11 11 11 11 11 11 11 11 11 11 11 11 11 11 11 11 11 11 11 11 11 11 11 11 11 11 11 11 11 11 11 11 11 11 11 11 71 71 71 71 71 71 71 71 71 63 71 63 63 71 71 71 71 71 63 63 63 63 63 63 63 63 71 71 71 71 71 71 71 71 71 71 71 71 71 71 71 71 71 71 71 71 71 71 71 71 71 71 71 71 71 71 71 71 71 71 71 71 71 71 71 71 71 71 71 71 63 63 63 71 63 63 71 71 71 63 63 71 71 71 63 63 71 71 63 63 71 71 71 71 71 71 71 71 71 71 71 71 63 63 71 63 63 71 71 71 71 71 71 71 71 71 71 71 71 71 71 71 71 71 71 71 71 71 71 71 71 71 71 71 71 71 71 11 11 11 11 11 11 11 11 11 11 11 11 11 11 11 11 11 11 11 11 11 11 11 11 11 11 11 11 11 11 11 11 11 11 11 11 11 11 11 11 11 11 11 11 11 11 11 11 11 11 11 11 11 11 11 11 71 71 71 71 71 71 71 71 71 71 71 71 71 71 71 71 71 71 71 71 71 71 71 71 71 71 71 71 71 71 71 71 71 56 11 11 11 11 11 11 11 11 11 11 11 11 11 11 11 11 11 11 11 11 11 11 11 11 11 71 71 71 71 71 71 71 71 71 71 71 71 71 71 71 71 71 71 71 71 71 71 71 71 71 
# name: freq
# type: matrix
# rows: 1
# columns: 342
 50.0 50.0 50.0 50.0 50.0 50.0 50.0 50.0 50.0 50.0 50.0 50.0 50.0 50.0 50.0 50.0 50.0 50.0 50.1 50.0 50.0 50.0 50.0 50.0 50.0 50.0 50.0 50.0 50.0 50.0 50.0 50.0 50.0 50.0 50.0 50.0 50.0 50.0 50.0 50.0 50.0 50.0 50.0 50.0 50.0 50.0 50.0 50.0 50.0 50.0 50.0 50.0 50.0 50.0 50.0 50.0 50.0 50.0 50.0 50.0 50.0 50.0 50.0 50.0 50.0 50.0 50.0 50.0 50.0 50.0 50.0 50.0 50.0 50.0 50.0 50.0 50.0 50.0 50.0 50.0 50.0 50.0 50.0 50.0 50.0 50.0 50.0 50.0 50.0 50.0 50.0 50.0 50.0 50.0 50.0 50.0 50.0 50.0 50.0 50.0 50.0 50.0 50.0 50.0 50.0 50.0 50.0 50.0 50.0 50.0 50.0 50.0 50.0 50.0 50.0 50.0 50.0 50.0 50.0 50.0 50.0 50.0 50.0 50.0 50.0 50.0 50.0 50.0 50.0 50.0 50.0 50.0 50.0 50.0 50.0 50.0 50.0 50.0 50.0 50.0 50.0 50.0 50.0 50.0 50.0 50.0 50.0 50.0 50.0 50.0 50.0 50.0 50.0 50.0 50.0 50.1 50.0 50.1 50.0 50.0 50.0 50.0 50.0 50.0 50.0 50.0 50.0 50.0 50.0 50.0 50.0 50.0 50.0 50.0 50.0 50.0 50.0 50.0 50.0 50.0 50.0 50.0 50.0 50.0 50.0 50.0 50.0 50.0 50.0 50.0 50.0 50.0 50.0 50.0 50.0 50.0 50.0 50.0 50.0 50.0 50.0 50.0 50.0 50.0 50.0 50.0 50.0 50.0 50.0 50.0 50.0 50.0 50.0 50.0 50.0 50.0 50.0 50.0 50.0 50.0 50.0 50.0 50.0 50.0 50.0 50.0 50.0 50.0 50.0 50.0 50.0 50.0 50.0 50.0 50.0 50.0 50.0 50.0 50.0 50.0 50.0 50.0 50.0 50.0 50.0 50.0 50.0 50.0 50.0 50.0 50.0 50.0 50.0 50.0 50.0 50.0 50.0 50.0 50.0 50.0 50.0 50.1 50.0 50.0 50.0 50.0 50.0 50.0 50.0 50.0 50.0 50.0 50.0 50.0 50.0 50.0 50.0 50.0 50.0 50.0 50.0 50.0 50.0 50.0 50.0 50.0 50.0 50.0 50.0 50.0 50.0 50.0 50.0 50.0 50.0 50.0 50.0 50.1 50.0 50.0 50.0 50.0 50.0 50.0 50.0 50.0 50.0 50.0 50.0 50.0 50.0 50.0 50.0 50.0 50.0 50.0 50.0 50.0 50.0 50.0 50.0 50.0 50.0 50.0 50.0 50.0 50.0 50.0 50.0 50.0 50.0 50.0 50.0 50.0 50.0 50.0 50.0 50.0 50.0 50.0 50.0 50.0 
# name: reacPower
# type: matrix
# rows: 1
# columns: 342
 6.521 6.418 6.418 6.418 6.521 6.625 6.625 5.797 5.9 5.797 5.693 5.693 5.693 5.59 5.59 5.59 5.693 5.693 5.59 5.693 5.59 5.693 5.693 5.693 5.693 5.59 5.59 5.59 5.693 5.693 5.693 5.59 5.59 5.693 5.693 5.693 5.693 5.693 5.693 5.693 5.797 5.797 5.797 5.797 5.693 5.797 5.693 5.693 5.693 5.59 5.693 5.693 5.693 5.693 5.693 5.59 5.693 5.693 5.59 5.693 5.693 5.59 5.59 5.59 5.59 6.314 6.314 6.314 6.211 6.211 6.211 6.211 6.211 6.211 6.107 6.211 6.004 6.004 6.107 6.107 6.211 6.211 6.107 6.107 6.107 6.004 6.004 6.107 6.107 6.107 6.107 6.211 6.211 6.211 6.314 6.314 6.211 6.211 6.314 6.211 6.211 6.314 6.314 6.211 6.314 6.418 6.418 6.211 6.211 6.211 6.211 6.314 6.314 6.314 6.314 6.314 6.211 6.211 6.314 6.314 6.314 6.211 6.107 6.211 6.211 6.314 6.211 6.211 6.211 6.211 6.314 6.314 6.211 6.107 6.211 6.107 6.107 6.107 6.211 6.107 6.107 6.211 6.211 6.211 6.107 6.107 6.211 6.211 6.211 6.107 6.107 6.107 6.211 6.107 6.107 6.211 6.211 6.211 6.211 6.211 6.211 6.314 6.211 6.314 6.314 6.211 6.211 6.107 6.107 6.211 6.107 6.107 6.211 6.314 6.418 6.314 6.418 6.521 6.521 6.418 6.314 6.418 6.418 6.314 6.314 6.418 6.314 6.314 6.418 6.418 6.418 6.418 6.418 6.314 6.314 6.418 6.418 6.314 6.314 6.211 6.314 6.314 5.693 5.59 5.693 5.693 5.59 5.486 5.486 5.59 5.693 5.59 5.59 5.693 5.693 5.59 5.59 5.693 5.693 5.693 5.693 5.693 5.693 5.693 5.797 5.693 5.693 5.693 5.693 5.693 5.693 5.693 5.693 5.693 5.59 5.59 5.486 5.486 5.59 5.59 5.59 5.486 5.59 5.59 5.59 5.59 5.59 5.59 5.59 5.59 5.59 5.59 5.59 5.59 5.693 5.693 5.486 5.693 6.418 6.314 6.418 6.418 6.314 6.314 6.314 6.418 6.418 6.314 6.314 6.314 6.314 6.314 6.314 6.211 6.314 6.211 6.314 6.211 6.211 6.314 6.314 6.314 6.314 6.314 6.418 6.418 6.418 6.418 6.418 6.314 6.314 6.521 5.59 5.59 5.59 5.59 5.693 5.59 5.59 5.59 5.59 5.59 5.59 5.59 5.59 5.59 5.59 5.59 5.693 5.59 5.59 5.59 5.59 5.59 5.59 5.59 5.59 6.314 6.314 6.314 6.314 6.314 6.314 6.418 6.314 6.314 6.314 6.314 6.314 6.314 6.314 6.418 6.418 6.418 6.314 6.314 6.314 6.314 6.314 6.314 6.314 6.314 
# name: power
# type: matrix
# rows: 1
# columns: 342
 2.277 2.277 2.277 2.277 2.277 2.277 2.277 22.36 22.36 22.153 22.049 22.049 22.049 21.946 21.946 21.946 22.049 22.049 22.049 22.049 21.842 22.049 22.049 21.946 21.946 21.946 21.946 21.946 22.049 22.049 22.049 21.946 21.946 22.049 22.049 22.049 22.049 21.946 21.946 22.049 22.153 22.153 22.153 22.153 22.049 22.153 22.049 22.049 22.049 22.049 21.946 21.946 22.049 22.049 22.049 21.946 22.049 22.049 21.946 21.946 22.049 21.946 21.946 21.946 21.842 2.277 2.277 2.277 2.277 2.277 2.277 2.277 2.277 2.277 2.277 2.277 2.173 2.277 2.277 2.277 2.277 2.277 2.277 2.173 2.277 2.173 2.173 2.277 2.173 2.173 2.173 2.277 2.277 2.277 2.277 2.277 2.277 2.277 2.277 2.173 2.277 2.277 2.277 2.277 2.277 2.277 2.277 2.277 2.277 2.277 2.277 2.277 2.277 2.277 2.277 2.277 2.277 2.277 2.277 2.277 2.277 2.277 2.173 2.277 2.277 2.277 2.277 2.277 2.277 2.277 2.277 2.277 2.277 2.277 2.277 2.173 2.173 2.173 2.173 2.173 2.173 2.277 2.277 2.277 2.277 2.277 2.277 2.277 2.173 2.277 2.277 2.277 2.173 2.173 2.173 2.277 2.277 2.277 2.277 2.277 2.277 2.277 2.277 2.277 2.277 2.277 2.277 2.277 2.173 2.277 2.277 2.277 2.277 2.277 2.277 2.277 2.277 2.277 2.277 2.277 2.277 2.277 2.277 2.277 2.277 2.277 2.277 2.277 2.277 2.277 2.277 2.277 2.277 2.277 2.277 2.277 2.277 2.277 2.277 2.173 2.277 2.277 22.049 22.049 21.946 21.946 21.842 21.739 21.739 21.842 21.946 21.842 21.946 21.946 22.049 21.946 21.946 22.049 22.049 22.049 22.049 22.049 22.049 22.049 22.049 22.049 22.049 22.049 22.049 22.049 22.049 22.049 22.049 22.049 21.946 21.842 21.739 21.842 21.842 21.842 21.842 21.842 21.842 21.842 21.946 21.842 21.842 21.842 21.946 21.946 21.842 21.842 21.842 21.842 21.946 21.946 21.739 21.946 2.277 2.277 2.277 2.277 2.277 2.277 2.277 2.277 2.277 2.277 2.277 2.277 2.277 2.277 2.277 2.277 2.277 2.277 2.277 2.277 2.277 2.277 2.173 2.277 2.277 2.277 2.277 2.277 2.277 2.277 2.277 2.277 2.277 5.072 22.049 22.049 22.049 22.049 22.049 21.946 21.946 21.842 21.842 21.946 21.842 21.946 21.946 21.946 21.946 21.946 22.049 21.946 21.946 21.946 21.946 21.946 21.946 21.842 21.946 2.277 2.277 2.277 2.277 2.277 2.277 2.277 2.277 2.277 2.277 2.277 2.277 2.277 2.277 2.277 2.277 2.277 2.277 2.277 2.277 2.277 2.277 2.277 2.277 2.277 
