# name: phAngle
# type: matrix
# rows: 1
# columns: 359
 0 0 0 0 0 0 0 0 0 0 0 0 0 0 0 0 0 0 0 0 0 0 0 0 0 0 0 0 0 0 0 0 0 0 0 0 0 0 0 0 0 0 0 0 0 0 0 0 0 0 0 0 0 0 0 0 0 0 0 0 0 0 0 0 0 0 0 0 0 0 0 0 0 0 0 0 0 0 0 0 0 0 0 0 0 0 0 0 0 0 0 0 0 0 0 0 0 0 0 0 0 0 0 0 0 0 0 0 0 0 0 0 0 0 0 0 0 0 0 0 0 0 0 0 0 0 0 0 0 0 0 0 0 0 0 0 0 0 0 0 0 0 0 0 0 0 0 0 0 0 0 0 0 0 0 0 0 0 0 0 0 0 0 0 0 0 0 0 0 0 0 0 0 0 0 0 0 0 0 0 0 0 0 0 0 0 0 0 0 0 0 0 0 0 0 0 0 0 0 0 0 0 0 0 0 0 0 0 0 0 0 0 0 0 0 0 0 0 0 0 0 0 0 0 0 0 0 0 0 0 0 0 0 0 0 0 0 0 0 0 0 0 0 0 0 0 0 0 0 0 0 0 0 0 0 0 0 0 0 0 0 0 0 0 0 0 0 0 0 0 0 0 0 0 0 0 0 0 0 0 0 0 0 0 0 0 0 0 0 0 0 0 0 0 0 0 0 0 0 0 0 0 0 0 0 0 0 0 0 0 0 0 0 0 0 0 0 0 0 0 0 0 0 0 0 0 0 0 0 0 0 0 0 0 0 0 0 0 0 0 0 0 0 0 0 0 0 0 0 0 0 0 0 0 0 0 0 0 0 
# name: freq
# type: matrix
# rows: 1
# columns: 359
 50.0 50.0 50.0 50.0 50.0 50.0 50.0 50.0 50.1 50.0 50.0 50.0 50.0 50.0 50.0 50.0 50.1 50.0 50.0 50.0 50.0 50.0 50.0 50.0 50.0 50.0 50.0 50.0 50.0 50.0 50.0 50.0 50.0 50.0 50.0 50.0 50.0 50.0 50.0 50.0 50.0 50.0 50.0 50.0 50.0 50.0 50.0 50.0 50.0 50.0 50.0 50.0 50.0 50.0 50.0 50.0 50.0 50.0 50.0 50.0 50.0 50.0 50.0 50.0 50.0 50.0 50.0 50.0 50.0 50.0 50.0 50.0 50.0 50.0 50.0 50.0 50.0 50.0 50.0 50.0 50.0 50.0 50.0 50.0 50.0 50.0 50.0 50.0 50.0 50.0 50.0 50.0 50.0 50.0 50.0 50.0 50.0 50.0 50.0 50.0 50.0 50.0 50.0 50.0 50.0 50.0 50.0 50.0 50.0 50.0 50.0 50.0 50.0 50.0 50.0 50.0 50.0 50.0 50.0 50.0 50.0 50.0 50.0 50.0 50.0 50.0 50.0 50.0 50.0 50.0 50.0 50.0 50.0 50.0 50.0 50.0 50.0 50.0 50.0 50.0 50.0 50.0 50.0 50.0 50.0 50.0 50.0 50.0 50.0 50.0 50.0 50.0 50.0 50.0 50.0 50.0 50.0 50.0 50.0 50.0 50.0 50.0 50.0 50.0 50.0 50.0 50.0 50.0 50.0 50.0 50.0 50.0 50.0 50.0 50.0 50.0 50.0 50.0 50.0 50.0 50.0 50.0 50.0 50.0 50.0 50.0 50.0 50.0 50.0 50.0 50.0 50.0 50.0 50.0 50.0 50.0 50.0 50.0 50.0 50.1 50.0 50.0 50.0 50.0 50.0 50.0 50.0 50.0 50.0 50.0 50.0 50.0 50.0 50.0 50.0 50.0 50.0 50.0 50.0 50.0 50.0 50.0 50.0 50.0 50.0 50.0 50.0 50.0 50.0 50.0 50.0 50.0 50.0 50.0 50.0 50.0 50.0 50.0 50.0 50.0 50.0 50.0 50.0 50.0 50.0 50.0 50.0 50.0 50.0 50.0 50.0 50.0 50.0 50.0 50.0 50.0 50.0 50.0 50.0 50.0 50.0 50.0 50.0 50.0 50.0 50.0 50.0 50.0 50.0 50.0 50.0 50.0 50.0 50.0 50.0 50.0 50.0 50.0 50.0 50.0 50.0 50.0 50.0 50.0 50.0 50.0 50.0 50.0 50.0 50.0 50.0 50.0 50.0 50.0 50.0 50.0 50.0 50.0 50.0 50.0 50.1 50.0 50.0 50.0 50.1 50.0 50.1 50.1 50.0 50.1 50.0 50.0 50.0 50.0 50.1 50.0 50.0 50.0 50.0 50.1 50.0 50.0 50.0 50.1 50.1 50.0 50.0 50.0 50.0 50.0 50.0 50.0 50.0 50.0 50.0 50.0 50.0 50.0 50.0 50.0 50.0 50.0 50.0 50.0 50.0 50.0 50.0 50.0 50.0 50.0 50.0 50.0 50.0 50.0 50.0 50.0 50.0 50.0 50.0 
# name: reacPower
# type: matrix
# rows: 1
# columns: 359
 0.0 0.0 -1.863 -1.863 -1.966 -1.966 -1.863 -1.863 -1.966 -1.863 -1.863 -1.966 -1.863 -1.966 -1.966 -1.863 -1.966 -1.966 -1.966 -1.966 -1.966 -1.966 -1.966 -1.966 -1.966 -1.966 -1.966 -1.966 -1.863 -1.863 -1.863 -1.863 -1.863 -1.863 -1.863 -1.863 -1.863 -1.863 -1.863 -1.863 -1.966 -1.966 -1.966 0.0 0.0 0.0 0.0 0.0 0.0 0.0 0.0 0.0 0.0 0.0 0.0 0.0 0.0 0.0 0.0 0.0 0.0 0.0 0.0 0.0 0.0 0.0 0.0 0.0 0.0 0.0 0.0 0.0 0.0 0.0 0.0 0.0 0.0 0.0 0.0 -1.863 -1.966 -1.863 -1.863 -1.863 -1.966 -1.966 -1.966 -1.863 -1.966 -1.966 -1.966 -1.966 -1.966 -1.966 -1.966 -1.966 -1.966 -1.966 -1.966 -1.966 -1.966 -1.966 -1.966 -1.966 -1.966 -1.966 -1.966 -1.966 -1.966 -1.966 -1.966 -1.966 -1.966 -1.863 -1.966 -1.966 -1.966 -1.966 -1.966 -1.863 -1.863 -1.966 -1.966 -1.966 -1.966 -1.966 -1.863 -1.966 -1.863 -1.863 -1.966 -1.863 -1.863 -1.863 -1.966 -1.966 -1.966 -1.863 -1.966 -1.966 -1.966 -1.966 -1.966 -1.966 -1.863 0.0 0.0 0.0 0.0 0.0 0.0 0.0 0.0 0.0 0.0 0.0 0.0 0.0 0.0 0.0 0.0 0.0 0.0 0.0 0.0 0.0 0.0 0.0 0.0 0.0 0.0 0.0 0.0 0.0 0.0 0.0 0.0 0.0 0.0 0.0 0.0 0.0 0.0 0.0 0.0 0.0 0.0 0.0 0.0 0.0 0.0 0.0 0.0 0.0 0.0 0.0 0.0 0.0 0.0 0.0 0.0 0.0 0.0 0.0 0.0 0.0 0.0 0.0 0.0 0.0 0.0 0.0 0.0 0.0 0.0 -1.966 -1.966 -1.966 -1.966 -1.966 -1.966 -1.966 -1.966 -1.966 -1.966 -1.966 -1.966 -1.966 -1.966 -1.966 -1.966 -1.966 -1.966 -1.966 -1.966 -1.966 -1.966 -1.966 -1.966 -1.966 -1.966 -1.966 -1.966 -1.966 -1.966 -1.966 -1.966 -1.966 -1.966 -1.966 -1.966 -1.966 -1.966 -1.966 -1.966 -1.966 -1.966 -1.966 -1.966 -1.966 -1.966 -1.966 -1.966 -1.966 -1.966 -1.966 -1.966 -1.966 -1.966 -1.966 -1.863 0.0 0.0 0.0 0.0 0.0 0.0 0.0 0.0 0.0 0.0 0.0 0.0 0.0 0.0 0.0 0.0 0.0 0.0 0.0 0.0 0.0 0.0 0.0 0.0 0.0 0.0 0.0 0.0 0.0 0.0 0.0 0.0 0.0 0.0 0.0 0.0 0.0 0.0 0.0 0.0 0.0 0.0 0.0 0.0 0.0 0.0 0.0 0.0 0.0 0.0 0.0 0.0 0.0 0.0 0.0 0.0 -1.966 -1.966 -1.966 -1.966 -1.966 -1.966 -1.966 -1.966 -1.966 -1.966 -1.966 -1.966 -1.966 -1.966 -1.966 -1.966 -1.966 -1.966 -1.966 -1.966 -1.966 -1.966 -1.966 -1.966 -1.966 -1.966 -1.966 -1.966 -1.966 -1.966 -1.966 -1.966 
# name: power
# type: matrix
# rows: 1
# columns: 359
 0.0 0.0 38.199 38.199 38.406 38.302 38.302 38.302 38.095 38.095 38.199 38.199 38.302 38.199 38.302 38.199 38.302 38.406 38.509 38.509 38.406 38.406 38.509 38.509 38.406 38.406 38.406 38.509 38.095 37.888 37.888 37.888 37.991 37.991 37.888 37.888 37.888 37.888 37.784 37.888 38.406 38.509 39.337 0.0 0.0 0.0 0.0 0.0 0.0 0.0 0.0 0.0 0.0 0.0 0.0 0.0 0.0 0.0 0.0 0.0 0.0 0.0 0.0 0.0 0.0 0.0 0.0 0.0 0.0 0.0 0.0 0.0 0.0 0.0 0.0 0.0 0.0 0.0 0.0 38.199 38.199 38.199 38.199 38.199 38.199 38.302 38.302 38.199 38.406 38.406 38.302 38.406 38.509 38.509 38.509 38.406 38.406 38.509 38.406 38.406 38.406 38.302 38.509 38.613 38.613 38.509 38.509 38.509 38.509 38.406 38.406 38.509 38.509 38.406 38.509 38.406 38.509 38.406 38.302 38.302 38.199 38.302 38.302 38.302 38.302 38.509 38.302 38.302 38.302 38.406 38.302 38.302 38.199 38.199 38.302 38.302 38.199 38.302 38.406 38.406 38.406 38.406 38.302 38.509 37.888 0.0 0.0 0.0 0.0 0.0 0.0 0.0 0.0 0.0 0.0 0.0 0.0 0.0 0.0 0.0 0.0 0.0 0.0 0.0 0.0 0.0 0.0 0.0 0.0 0.0 0.0 0.0 0.0 0.0 0.0 0.0 0.0 0.0 0.0 0.0 0.0 0.0 0.0 0.0 0.0 0.0 0.0 0.0 0.0 0.0 0.0 0.0 0.0 0.0 0.0 0.0 0.0 0.0 0.0 0.0 0.0 0.0 0.0 0.0 0.0 0.0 0.0 0.0 0.0 0.0 0.0 0.0 0.0 0.0 0.0 38.613 38.509 38.613 38.716 38.716 38.716 38.716 38.716 38.82 38.82 38.82 38.716 38.716 38.82 38.716 38.82 38.716 38.716 38.82 38.82 38.82 38.716 38.716 38.923 38.82 38.923 38.923 39.027 39.027 38.923 39.027 39.027 38.923 38.923 38.923 38.923 38.923 38.923 38.923 38.923 38.923 38.923 38.923 38.923 38.82 38.82 38.923 38.923 38.923 38.923 38.923 38.923 38.923 38.923 38.923 38.199 0.0 0.0 0.0 0.0 0.0 0.0 0.0 0.0 0.0 0.0 0.0 0.0 0.0 0.0 0.0 0.0 0.0 0.0 0.0 0.0 0.0 0.0 0.0 0.0 0.0 0.0 0.0 0.0 0.0 0.0 0.0 0.0 0.0 0.0 0.0 0.0 0.0 0.0 0.0 0.0 0.0 0.0 0.0 0.0 0.0 0.0 0.0 0.0 0.0 0.0 0.0 0.0 0.0 0.0 0.0 0.0 38.82 38.716 38.716 38.613 38.82 38.613 38.509 38.82 38.613 38.82 38.82 38.82 38.82 38.82 38.716 38.82 38.716 38.716 38.716 38.716 38.82 38.716 38.716 38.613 38.613 38.716 38.509 38.509 38.716 38.716 38.613 38.509 
