# name: phAngle
# type: matrix
# rows: 1
# columns: 359
 0 0 0 0 0 0 0 0 0 0 0 0 0 0 0 0 0 0 0 0 0 0 0 0 0 0 0 0 0 0 0 0 0 0 0 0 0 0 0 0 0 0 0 0 0 0 0 0 0 0 0 0 0 0 0 0 0 0 0 0 0 0 0 0 0 0 0 0 0 0 0 0 0 0 0 0 0 0 0 0 0 0 0 0 0 0 0 0 0 0 0 0 0 0 0 0 0 0 0 0 0 0 0 0 0 0 0 0 0 0 0 0 0 0 0 0 0 0 0 0 0 0 0 0 0 0 0 0 0 0 0 0 0 0 0 0 0 0 0 0 0 0 0 0 0 0 0 0 0 0 0 0 0 0 0 0 0 0 0 0 0 0 0 0 0 0 0 0 0 0 0 0 0 0 0 0 0 0 0 0 0 0 0 0 0 0 0 0 0 0 0 0 0 0 0 0 0 0 0 0 0 0 0 0 0 0 0 0 0 0 0 0 0 0 0 0 0 0 0 0 0 0 0 0 0 0 0 0 0 0 0 0 0 0 0 0 0 0 0 0 0 0 0 0 0 0 0 0 0 0 0 0 0 0 0 0 0 0 0 0 0 0 0 0 0 0 0 0 0 0 0 0 0 0 0 0 0 0 0 0 0 0 0 0 0 0 0 0 0 0 0 0 0 0 0 0 0 0 0 0 0 0 0 0 0 0 0 0 0 0 0 0 0 0 0 0 0 0 0 0 0 0 0 0 0 0 0 0 0 0 0 0 0 0 0 0 0 0 0 0 0 0 0 0 0 0 0 0 0 0 0 0 0 0 0 0 0 0 0 
# name: freq
# type: matrix
# rows: 1
# columns: 359
 50.0 50.0 50.0 50.0 50.0 50.0 50.0 50.0 50.0 50.0 50.0 50.0 50.0 50.0 50.0 50.0 50.0 50.0 50.0 50.0 50.0 50.0 50.0 50.0 50.0 50.0 50.0 50.0 50.0 50.0 50.0 50.0 50.0 50.0 50.0 50.0 50.0 50.0 50.0 50.0 50.0 50.0 50.0 50.0 50.0 50.0 50.0 50.0 50.0 50.0 50.0 50.0 50.0 50.0 50.0 50.0 50.0 50.0 50.0 50.0 50.0 50.0 50.0 50.0 50.0 50.0 50.0 50.0 50.0 50.0 50.0 50.0 50.0 50.0 50.0 50.0 50.0 50.0 50.0 50.0 50.0 50.0 50.0 50.0 50.0 50.0 50.1 50.0 50.0 50.1 50.1 50.1 50.0 50.0 50.0 50.0 50.0 50.0 50.0 50.0 50.0 50.1 50.1 50.0 50.0 50.0 50.0 50.0 50.1 50.1 50.0 50.1 50.0 50.0 50.0 50.0 50.0 50.0 50.0 50.0 50.1 50.0 50.0 50.0 50.0 50.0 50.0 50.0 50.0 50.0 50.0 50.0 50.0 50.0 50.0 50.0 50.0 50.0 50.0 50.0 50.0 50.0 50.0 50.0 50.0 50.0 50.0 50.0 50.0 50.0 50.0 50.0 50.0 50.0 50.0 50.0 50.0 50.0 50.0 50.0 50.0 50.0 50.0 50.0 50.0 50.0 50.0 50.0 50.0 50.0 50.0 50.0 50.0 50.0 50.0 50.0 50.0 50.0 50.0 50.0 50.0 50.0 50.0 50.0 50.0 50.0 50.0 50.0 50.0 50.0 50.0 50.0 50.0 50.0 50.0 50.0 50.0 50.0 50.0 50.0 50.0 50.0 50.0 50.0 50.0 50.0 50.0 50.0 50.0 50.0 50.0 50.0 50.0 50.0 50.0 50.0 50.0 50.0 50.0 50.0 50.0 50.0 50.0 50.0 50.0 50.0 50.0 50.0 50.0 50.0 50.0 50.0 50.0 50.0 50.0 50.0 50.0 50.0 50.0 50.0 50.0 50.0 50.0 50.0 50.0 50.0 50.0 50.0 50.0 50.0 50.0 50.0 50.0 50.0 50.0 50.0 50.0 50.0 50.0 50.0 50.0 50.0 50.0 50.0 50.0 50.0 50.0 50.0 50.0 50.0 50.0 50.0 50.0 50.0 50.0 50.0 50.0 50.0 50.0 50.0 50.0 50.0 50.0 50.0 50.0 50.0 50.0 50.0 50.0 50.0 50.0 50.0 50.0 50.0 50.0 50.0 50.0 50.0 50.0 50.0 50.0 50.0 50.0 50.0 50.0 50.0 50.0 50.0 50.0 50.0 50.0 50.0 50.0 50.0 50.0 50.0 50.0 50.0 50.0 50.0 50.0 50.0 50.0 50.0 50.0 50.0 50.0 50.0 50.0 50.0 50.0 50.0 50.0 50.0 50.0 50.0 50.0 50.0 50.0 50.0 50.0 50.0 50.0 50.0 50.0 50.0 50.0 50.0 50.0 50.0 50.0 50.0 50.0 50.0 50.0 50.0 50.0 50.0 50.0 
# name: reacPower
# type: matrix
# rows: 1
# columns: 359
 0.0 0.0 0.0 0.0 0.0 0.0 0.0 0.0 0.0 0.0 0.0 0.0 0.0 0.0 0.0 0.0 0.0 0.0 0.0 0.0 0.0 0.0 0.0 0.0 0.0 0.0 0.0 0.0 0.0 0.0 0.0 0.0 0.0 0.0 0.0 0.0 0.0 0.0 0.0 0.0 0.0 0.0 -0.312 -0.312 -0.312 -0.312 -0.312 -0.312 -0.312 -0.312 -0.312 -0.312 -0.312 -0.312 -0.312 -0.312 -0.312 -0.312 -0.312 -0.312 -0.312 -0.312 -0.312 -0.312 -0.312 -0.312 -0.312 -0.312 -0.312 -0.312 -0.312 -0.312 -0.312 -0.312 -0.312 -0.312 -0.312 -0.312 -0.312 -0.312 -0.312 -0.312 -0.312 -0.312 -0.312 -0.312 -0.312 -0.312 -0.312 -0.312 -0.312 -0.312 -0.312 -0.312 -0.312 -0.312 -0.312 -0.312 -0.312 -0.312 -0.312 -0.312 -0.312 -0.312 -0.312 -0.312 -0.312 -0.312 -0.312 -0.312 -0.312 -0.312 -0.312 -0.312 -0.312 -0.312 -0.312 -0.312 -0.312 -0.312 -0.312 -0.312 -0.312 -0.312 -0.312 -0.312 -0.312 -0.312 -0.312 -0.312 -0.312 -0.312 -0.312 -0.312 -0.312 -0.312 0.0 0.0 0.0 0.0 0.0 0.0 0.0 0.0 0.0 0.0 0.0 0.0 0.0 0.0 0.0 0.0 0.0 0.0 0.0 0.0 0.0 0.0 0.0 0.0 0.0 0.0 0.0 0.0 0.0 0.0 0.0 0.0 0.0 0.0 0.0 0.0 0.0 0.0 0.0 0.0 0.0 0.0 0.0 0.0 0.0 0.0 0.0 0.0 0.0 0.0 0.0 0.0 0.0 0.0 0.0 0.0 0.0 0.0 0.0 0.0 0.0 0.0 0.0 0.0 0.0 0.0 0.0 0.0 0.0 0.0 0.0 0.0 0.0 0.0 0.0 0.0 0.0 0.0 0.0 0.0 0.0 0.0 0.0 0.0 0.0 0.0 0.0 0.0 0.0 0.0 0.0 0.0 0.0 0.0 0.0 0.0 0.0 0.0 0.0 0.0 0.0 0.0 0.0 0.0 0.0 0.0 0.0 0.0 0.0 0.0 0.0 0.0 0.0 0.0 0.0 0.0 0.0 0.0 0.0 0.0 0.0 0.0 0.0 0.0 0.0 0.0 0.0 0.0 0.0 0.0 0.0 0.0 0.0 0.0 0.0 0.0 0.0 0.0 0.0 0.0 0.0 0.0 0.0 -0.312 -0.312 -0.312 -0.312 -0.312 -0.312 -0.312 -0.312 -0.312 -0.312 -0.312 -0.312 -0.312 -0.312 -0.312 -0.312 -0.312 -0.312 -0.312 -0.312 -0.312 -0.312 -0.312 -0.312 -0.312 -0.312 -0.312 -0.312 -0.312 -0.312 -0.312 -0.312 -0.312 -0.312 -0.312 -0.312 -0.312 -0.312 -0.312 -0.312 -0.312 -0.312 -0.312 -0.312 -0.312 -0.312 -0.312 -0.312 -0.312 -0.312 -0.312 -0.312 -0.312 -0.312 -0.312 -0.312 -0.312 -0.312 -0.312 -0.312 -0.312 -0.312 -0.312 -0.312 -0.312 -0.312 -0.312 -0.312 -0.312 -0.312 -0.312 -0.312 -0.312 -0.312 -0.312 -0.312 -0.312 -0.312 -0.312 -0.312 
# name: power
# type: matrix
# rows: 1
# columns: 359
 0.0 0.0 0.0 0.0 0.0 0.0 0.0 0.0 0.0 0.0 0.0 0.0 0.0 0.0 0.0 0.0 0.0 0.0 0.0 0.0 0.0 0.0 0.0 0.0 0.0 0.0 0.0 0.0 0.0 0.0 0.0 0.0 0.0 0.0 0.0 0.0 0.0 0.0 0.0 0.0 0.0 0.0 46.939 46.835 46.835 46.731 46.835 46.731 46.731 46.731 46.627 46.627 46.627 46.523 46.627 46.523 46.523 46.523 46.523 46.523 46.627 46.627 46.731 46.731 46.627 46.523 46.523 46.627 46.523 46.523 46.523 46.523 46.627 46.627 46.523 46.627 46.627 46.627 46.731 46.627 46.731 46.627 46.627 46.627 46.627 46.731 46.731 46.731 46.627 46.627 46.731 46.731 46.731 46.731 46.835 46.939 46.939 46.939 46.939 46.835 47.044 46.835 46.939 46.835 46.835 46.835 46.835 46.731 46.523 46.523 46.419 46.419 46.419 46.523 46.419 46.419 46.419 46.523 46.419 46.419 46.315 46.315 46.211 46.211 46.315 46.315 46.315 46.315 46.315 46.315 46.211 46.315 46.315 46.419 46.419 46.419 0.0 0.0 0.0 0.0 0.0 0.0 0.0 0.0 0.0 0.0 0.0 0.0 0.0 0.0 0.0 0.0 0.0 0.0 0.0 0.0 0.0 0.0 0.0 0.0 0.0 0.0 0.0 0.0 0.0 0.0 0.0 0.0 0.0 0.0 0.0 0.0 0.0 0.0 0.0 0.0 0.0 0.0 0.0 0.0 0.0 0.0 0.0 0.0 0.0 0.0 0.0 0.0 0.0 0.0 0.0 0.0 0.0 0.0 0.0 0.0 0.0 0.0 0.0 0.0 0.0 0.0 0.0 0.0 0.0 0.0 0.0 0.0 0.0 0.0 0.0 0.0 0.0 0.0 0.0 0.0 0.0 0.0 0.0 0.0 0.0 0.0 0.0 0.0 0.0 0.0 0.0 0.0 0.0 0.0 0.0 0.0 0.0 0.0 0.0 0.0 0.0 0.0 0.0 0.0 0.0 0.0 0.0 0.0 0.0 0.0 0.0 0.0 0.0 0.0 0.0 0.0 0.0 0.0 0.0 0.0 0.0 0.0 0.0 0.0 0.0 0.0 0.0 0.0 0.0 0.0 0.0 0.0 0.0 0.0 0.0 0.0 0.0 0.0 0.0 0.0 0.0 0.0 0.0 46.731 46.627 46.627 46.627 46.627 46.419 46.523 46.419 46.315 46.315 46.419 46.315 46.211 46.211 46.211 46.315 46.315 46.315 46.315 46.315 46.315 46.315 46.211 46.211 46.107 46.211 46.211 46.107 46.211 46.315 46.211 46.315 46.211 46.211 46.315 46.315 46.211 46.315 46.211 46.211 46.211 46.211 46.211 46.211 46.107 46.211 46.107 46.107 46.107 46.107 46.107 46.211 46.315 46.315 46.315 46.419 46.419 46.315 46.419 46.419 46.523 46.523 46.523 46.731 46.627 46.731 46.627 46.627 46.731 46.731 46.731 46.731 46.731 46.835 46.731 46.731 46.731 46.731 46.731 46.731 
