# name: phAngle
# type: matrix
# rows: 1
# columns: 357
 71 71 71 71 71 71 71 71 71 71 71 71 71 71 71 71 71 71 71 71 71 71 71 71 71 71 71 71 71 71 71 71 71 71 71 71 71 71 71 71 71 71 71 71 71 71 71 71 71 71 71 71 71 71 71 71 71 71 71 71 71 71 71 71 71 71 71 71 71 71 71 71 71 71 71 71 71 71 71 71 71 71 71 71 71 71 71 71 71 71 71 71 71 71 71 71 71 71 71 71 71 71 71 71 71 71 71 71 71 71 71 71 71 71 71 71 71 71 71 71 71 71 71 71 71 71 71 71 71 71 71 71 71 71 71 71 71 71 71 71 71 71 71 71 71 71 71 71 71 71 71 71 71 71 71 8 8 8 8 8 8 8 8 8 8 8 8 8 8 8 8 8 8 8 8 8 8 8 8 8 8 8 8 8 8 8 8 8 8 8 8 8 8 8 8 8 8 8 8 8 8 8 8 8 8 8 8 8 8 8 8 8 8 8 8 8 8 8 71 71 71 71 71 71 71 71 71 71 71 71 71 71 63 71 71 63 71 71 71 71 71 71 71 71 71 71 71 71 71 71 71 71 71 71 71 71 63 71 71 71 71 71 71 71 71 63 63 71 63 63 71 63 63 71 63 63 71 71 63 71 71 71 71 71 71 71 71 71 71 71 71 71 71 71 71 71 71 71 71 71 71 71 71 71 71 17 8 8 8 8 8 8 8 8 8 8 8 8 8 8 8 8 8 8 8 8 8 8 8 8 8 8 8 8 8 63 71 71 63 71 71 63 71 71 71 71 71 71 71 71 71 71 71 71 71 71 71 
# name: freq
# type: matrix
# rows: 1
# columns: 357
 50.0 50.0 50.0 50.0 50.0 50.0 50.0 50.0 50.0 50.0 50.0 50.0 50.0 50.0 50.0 50.0 50.0 50.0 50.0 50.0 50.0 50.0 50.0 50.0 50.0 50.0 50.0 50.0 50.0 50.0 50.0 50.0 50.0 50.0 50.0 50.0 50.0 50.0 50.0 50.0 50.0 50.0 50.0 50.0 50.0 50.0 50.0 50.0 50.0 50.0 50.0 50.0 50.0 50.0 50.0 50.0 50.0 50.0 50.0 50.0 50.0 50.0 50.0 50.0 50.0 50.0 50.0 50.0 50.0 50.0 50.0 50.0 50.0 50.0 50.0 50.0 50.0 50.0 50.0 50.0 50.0 50.0 50.0 50.0 50.0 50.0 50.0 50.0 50.0 50.0 50.0 50.0 50.0 50.0 50.0 50.0 50.0 50.0 50.0 50.0 50.0 50.0 50.0 50.0 50.0 50.0 50.0 50.0 50.0 50.0 50.0 50.0 50.0 50.0 50.0 50.0 50.0 50.0 50.0 50.0 50.0 50.0 50.0 50.0 50.0 50.0 50.0 50.0 50.0 50.0 50.0 50.0 50.0 50.0 50.0 50.0 50.0 50.0 50.0 50.0 50.0 50.0 50.0 50.0 50.0 50.0 50.0 50.0 50.0 50.0 50.0 50.0 50.1 50.0 50.0 50.0 50.0 50.0 50.0 50.0 50.0 50.0 50.0 50.0 50.0 50.0 50.0 50.0 50.0 50.0 50.0 50.0 50.0 50.0 50.0 50.0 50.0 50.0 50.0 50.0 50.0 50.0 50.0 50.0 50.0 50.0 50.0 50.0 50.0 50.0 50.0 50.0 50.0 50.0 50.0 50.0 50.0 50.0 50.0 50.0 50.0 50.0 50.0 50.0 50.0 50.0 50.0 50.0 50.0 50.0 50.0 50.0 50.0 50.0 50.0 50.0 50.0 50.0 50.0 50.0 50.0 50.0 50.0 50.0 50.0 50.0 50.0 50.0 50.0 50.0 50.0 50.0 50.0 50.0 50.0 50.0 50.0 50.0 50.0 50.0 50.0 50.0 50.0 50.0 50.0 50.0 50.0 50.0 50.0 50.0 50.0 50.0 50.0 50.0 50.0 50.0 50.0 50.0 50.0 50.0 50.0 50.0 50.0 50.0 50.0 50.0 50.0 50.0 50.0 50.0 50.0 50.0 50.0 50.0 50.0 50.0 50.0 50.0 50.0 50.0 50.0 50.0 50.0 50.0 50.0 50.0 50.0 50.0 50.0 50.0 50.0 50.0 50.0 50.0 50.0 50.0 50.0 50.0 50.0 50.0 50.0 50.0 50.0 50.0 50.0 50.0 50.0 50.0 50.0 50.0 50.0 50.0 50.0 50.0 50.0 50.0 50.0 50.0 50.0 50.0 50.0 50.0 50.0 50.0 50.0 50.0 50.0 50.0 50.0 50.0 50.0 50.0 50.0 50.0 50.0 50.0 50.0 50.0 50.0 50.0 50.0 50.0 50.0 50.0 50.0 50.0 50.0 50.0 50.0 50.0 50.0 50.0 50.0 50.0 50.0 50.0 50.0 
# name: reacPower
# type: matrix
# rows: 1
# columns: 357
 6.521 6.521 6.521 6.521 6.521 6.521 6.521 6.418 6.418 6.418 6.418 6.521 6.418 6.418 6.418 6.314 6.314 6.418 6.314 6.418 6.625 6.521 6.521 6.625 6.625 6.625 6.728 6.728 6.832 6.728 6.728 6.832 6.728 6.728 6.728 6.625 6.521 6.728 6.625 6.625 6.625 6.521 6.521 6.625 6.625 6.625 6.625 6.625 6.728 6.728 6.728 6.728 6.728 6.728 6.625 6.728 6.728 6.728 6.728 6.728 6.728 6.728 6.832 6.728 6.728 6.832 6.625 6.728 6.625 6.521 6.625 6.625 6.728 6.625 6.728 6.728 6.625 6.521 6.521 6.521 6.418 6.521 6.418 6.521 6.625 6.521 6.418 6.418 6.418 6.521 6.418 6.418 6.521 6.521 6.418 6.418 6.418 6.418 6.418 6.314 6.418 6.314 6.314 6.314 6.418 6.314 6.418 6.418 6.418 6.418 6.418 6.418 6.314 6.314 6.314 6.418 6.418 6.521 6.521 6.418 6.418 6.418 6.418 6.521 6.418 6.418 6.418 6.418 6.418 6.418 6.521 6.418 6.418 6.418 6.418 6.418 6.418 6.418 6.418 6.418 6.521 6.521 6.521 6.521 6.418 6.418 6.418 6.521 6.521 6.521 6.418 6.418 6.418 6.418 6.521 7.867 8.074 7.764 7.764 7.971 7.971 7.556 7.971 7.867 7.66 7.867 7.867 7.867 7.764 7.764 7.764 7.764 7.66 7.764 7.66 7.66 7.66 7.556 7.66 7.66 7.66 7.556 7.66 7.66 7.66 7.453 7.142 7.556 7.349 7.246 7.66 7.349 7.246 7.556 7.453 7.246 7.66 7.453 7.142 7.556 7.349 7.556 7.556 7.66 7.556 7.556 7.556 7.556 7.453 7.556 7.556 7.453 7.453 7.556 7.246 7.453 7.453 7.453 6.625 6.625 6.625 6.521 6.418 6.107 6.521 6.418 6.521 6.521 6.521 6.521 6.521 6.418 6.107 6.418 6.418 6.107 6.521 6.418 6.418 6.418 6.418 6.314 6.314 6.418 6.418 6.418 6.418 6.418 6.418 6.314 6.418 6.418 6.418 6.418 6.314 6.418 6.107 6.418 6.418 6.418 6.418 6.418 6.418 6.314 6.521 5.9 5.9 6.521 6.004 6.004 6.625 6.004 6.004 6.521 6.004 6.004 6.625 6.521 6.004 6.418 6.521 6.521 6.521 6.521 6.521 6.521 6.521 6.521 6.521 6.521 6.625 6.521 6.521 6.521 6.418 6.418 6.418 6.418 6.314 6.314 6.418 6.521 6.521 6.521 6.418 10.352 7.971 7.867 7.867 7.764 7.66 7.66 7.66 7.66 7.66 7.556 7.556 7.556 7.66 7.556 7.556 7.556 7.556 7.246 7.556 7.556 7.142 7.556 7.453 7.142 7.453 7.453 7.142 7.453 7.453 5.797 6.418 6.521 5.9 6.521 6.521 6.004 6.521 6.625 6.521 6.521 6.521 6.521 6.521 6.521 6.521 6.625 6.625 6.521 6.521 6.625 6.625 
# name: power
# type: matrix
# rows: 1
# columns: 357
 2.38 2.38 2.38 2.38 2.38 2.38 2.38 2.38 2.38 2.38 2.38 2.38 2.38 2.38 2.38 2.38 2.38 2.38 2.38 2.38 2.38 2.38 2.38 2.38 2.38 2.38 2.38 2.38 2.38 2.38 2.38 2.38 2.38 2.38 2.484 2.38 2.38 2.38 2.38 2.38 2.38 2.38 2.38 2.38 2.38 2.38 2.38 2.38 2.38 2.38 2.38 2.38 2.38 2.38 2.38 2.38 2.38 2.38 2.38 2.38 2.484 2.38 2.38 2.38 2.38 2.38 2.38 2.38 2.38 2.38 2.38 2.38 2.38 2.38 2.38 2.38 2.38 2.38 2.38 2.38 2.38 2.38 2.38 2.38 2.38 2.38 2.38 2.38 2.38 2.38 2.38 2.38 2.38 2.38 2.38 2.38 2.38 2.38 2.38 2.38 2.38 2.38 2.38 2.38 2.38 2.38 2.38 2.38 2.38 2.38 2.38 2.38 2.38 2.38 2.38 2.38 2.38 2.38 2.38 2.38 2.38 2.38 2.38 2.38 2.38 2.38 2.38 2.38 2.38 2.38 2.38 2.38 2.38 2.38 2.38 2.38 2.38 2.38 2.38 2.38 2.38 2.38 2.38 2.38 2.38 2.38 2.38 2.38 2.38 2.38 2.38 2.38 2.38 2.38 2.38 46.998 47.826 46.791 46.584 47.619 47.515 46.066 47.308 47.205 46.48 47.205 47.101 47.101 46.894 46.791 46.894 46.894 46.584 46.687 46.273 46.377 46.584 46.377 46.377 46.584 46.377 46.273 46.377 46.48 46.584 46.066 44.72 46.17 45.548 45.031 46.584 45.652 45.031 46.377 45.859 45.134 46.48 45.859 44.927 46.273 45.756 46.273 46.48 46.584 46.377 46.273 46.273 46.273 46.17 46.377 46.48 46.17 46.273 46.273 45.445 46.066 46.17 46.066 2.277 2.38 2.38 2.277 2.277 2.277 2.277 2.277 2.277 2.277 2.277 2.277 2.277 2.277 2.277 2.277 2.277 2.173 2.277 2.277 2.277 2.277 2.277 2.277 2.277 2.277 2.277 2.277 2.277 2.277 2.277 2.277 2.277 2.277 2.277 2.277 2.277 2.277 2.173 2.277 2.277 2.277 2.277 2.277 2.277 2.277 2.277 2.173 2.173 2.277 2.173 2.173 2.277 2.173 2.173 2.277 2.173 2.173 2.277 2.277 2.173 2.277 2.277 2.277 2.277 2.277 2.277 2.277 2.277 2.277 2.277 2.277 2.277 2.277 2.277 2.277 2.277 2.277 2.277 2.277 2.277 2.277 2.277 2.277 2.277 2.277 2.277 33.954 47.929 47.412 47.308 47.101 46.894 46.687 46.894 46.584 46.584 46.48 46.48 46.48 46.687 46.687 46.584 46.584 46.48 45.134 46.48 46.377 45.031 46.48 46.273 44.824 46.273 46.17 44.927 45.963 45.963 2.173 2.277 2.277 2.173 2.277 2.277 2.173 2.277 2.277 2.277 2.277 2.277 2.277 2.277 2.277 2.277 2.277 2.277 2.277 2.277 2.277 2.277 
