# name: phAngle
# type: matrix
# rows: 1
# columns: 349
 0 0 0 0 0 0 0 0 0 0 0 0 0 0 0 0 0 0 0 0 0 0 0 0 0 0 0 0 0 0 0 0 0 0 0 0 0 0 0 0 0 0 0 0 0 0 0 0 0 0 0 0 0 0 0 0 0 0 0 0 0 0 0 0 0 0 0 0 0 0 0 0 0 0 0 0 0 0 0 0 0 0 0 0 0 0 0 0 0 0 0 0 0 0 0 0 0 0 0 0 0 0 0 0 0 0 0 0 0 0 0 0 0 0 0 0 0 0 0 0 0 0 0 0 0 0 0 0 0 0 0 0 0 0 0 0 0 0 0 0 0 0 0 0 0 0 0 0 0 0 0 0 0 0 0 0 0 0 0 0 0 0 0 0 0 0 0 0 0 0 0 0 0 0 0 0 0 0 0 0 0 0 0 0 0 0 0 0 0 0 0 0 0 0 0 0 0 0 0 0 0 0 0 0 0 0 0 0 0 0 0 0 0 0 0 0 0 0 0 0 0 0 0 0 0 0 0 0 0 0 0 0 0 0 0 0 0 0 0 0 0 0 0 0 0 0 0 0 0 0 0 0 0 0 0 0 0 0 0 0 0 0 0 0 0 0 0 0 0 0 0 0 0 0 0 0 0 0 0 0 0 0 0 0 0 0 0 0 0 0 0 0 0 0 0 0 0 0 0 0 0 0 0 0 0 0 0 0 0 0 0 0 0 0 0 0 0 0 0 0 0 0 0 0 0 0 0 0 0 0 0 0 0 0 0 0 0 0 0 0 0 0 0 0 0 0 0 0 0 
# name: freq
# type: matrix
# rows: 1
# columns: 349
 50.0 50.0 50.0 50.0 50.0 50.0 50.0 50.0 50.0 50.0 50.0 50.0 50.0 50.0 50.0 50.0 50.0 50.0 50.0 50.0 50.0 50.0 50.0 50.0 50.0 50.0 50.0 50.0 50.0 50.0 50.0 50.0 50.0 50.0 50.0 50.0 50.0 50.0 50.0 50.0 50.0 50.0 50.0 50.0 50.0 50.0 50.0 50.0 50.0 50.0 50.0 50.0 50.0 50.0 50.0 50.0 50.0 50.0 50.0 50.0 50.0 50.0 50.0 50.0 50.0 50.0 50.0 50.0 50.0 50.0 50.0 50.0 50.0 50.0 50.0 50.0 50.0 50.0 50.0 50.0 50.0 50.0 50.0 50.0 50.0 50.0 50.0 50.0 50.0 50.0 50.0 50.0 50.0 50.0 50.0 50.0 50.0 50.0 50.0 50.0 50.0 50.0 50.0 50.0 50.0 50.0 50.0 50.0 50.0 50.0 50.0 50.0 50.0 50.0 50.0 50.0 50.0 50.0 50.0 50.0 50.0 50.0 50.0 50.0 50.0 50.0 50.0 50.0 50.0 50.0 50.0 50.0 50.0 50.0 50.0 50.0 50.0 50.0 50.0 50.0 50.0 50.0 50.0 50.0 50.0 50.0 50.0 50.0 50.0 50.0 50.0 50.0 50.0 50.0 50.0 50.0 50.0 50.0 50.0 50.0 50.0 50.0 50.0 50.0 50.0 50.0 50.0 50.0 50.0 50.0 50.0 50.0 50.0 50.0 50.0 50.1 50.0 50.0 50.0 50.0 50.0 50.0 50.0 50.0 50.0 50.0 50.0 50.0 50.0 50.0 50.0 50.0 50.0 50.0 50.0 50.0 50.0 50.0 50.0 50.0 50.0 50.0 50.0 50.0 50.0 50.0 50.0 50.0 50.0 50.0 50.0 50.0 50.0 50.0 50.0 50.0 50.0 50.0 50.0 50.0 50.0 50.0 50.0 50.0 50.0 50.0 50.0 50.0 50.0 50.0 50.0 50.0 50.0 50.0 50.0 50.0 50.0 50.0 50.0 50.0 50.0 50.0 50.0 50.0 50.0 50.0 50.0 50.0 50.0 50.0 50.0 50.0 50.0 50.0 50.0 50.0 50.0 50.0 50.0 50.0 50.0 50.0 50.0 50.0 50.0 50.0 50.0 50.0 50.0 50.0 50.0 50.0 50.0 50.0 50.0 50.0 50.0 50.0 50.0 50.0 50.0 50.0 50.0 50.0 50.0 50.0 50.0 50.0 50.0 50.0 50.0 50.0 50.0 50.0 50.0 50.0 50.0 50.0 50.0 50.0 50.0 50.0 50.0 50.0 50.0 50.0 50.0 50.0 50.0 50.0 50.0 50.0 50.0 50.0 50.0 50.0 50.0 50.0 50.0 50.0 50.0 50.0 50.0 50.0 50.0 50.0 50.0 50.0 50.0 50.0 50.0 50.0 50.0 50.0 50.0 50.0 50.0 50.0 50.0 50.0 50.0 50.0 50.0 50.0 50.0 50.0 50.0 50.0 50.0 
# name: reacPower
# type: matrix
# rows: 1
# columns: 349
 -1.863 -1.759 -1.759 -1.759 -1.863 -1.863 -1.759 -1.863 -1.863 -1.863 -1.863 -1.863 -1.863 -1.863 -1.759 -1.759 -1.863 -1.863 -1.759 -1.863 -1.759 -1.863 -1.863 -1.759 -1.863 -1.759 -1.759 -1.863 -1.759 -1.759 -1.759 -1.759 -1.759 -1.759 -1.759 -1.759 -1.759 -1.759 -1.759 -1.759 -1.759 -1.759 -1.759 -1.759 -1.759 -1.759 -1.759 -1.759 -1.759 -1.759 -1.759 -1.759 -1.759 -1.759 -1.759 -1.759 -1.759 -1.759 -1.759 -1.759 -1.759 -1.759 -1.759 -1.759 -1.759 -1.759 -1.759 -1.759 -1.759 -1.759 -1.759 -1.759 -1.759 -1.759 -1.759 -1.759 -1.759 -1.759 -1.759 -1.759 -1.759 -1.759 -1.759 -1.759 -1.759 -1.759 -1.759 -1.759 -1.759 -1.759 -1.759 -1.759 -1.759 -1.759 -1.759 -1.759 -1.759 -1.759 -1.759 -1.759 -1.759 -1.759 -1.759 -1.759 -1.759 -1.759 -1.759 -1.759 -1.759 -1.759 -1.759 -1.759 -1.759 -1.759 -1.759 -1.759 -1.759 -1.759 -1.759 -1.759 -1.759 -1.759 -1.759 -1.759 -1.759 -1.759 -1.759 -1.759 0.0 0.0 0.0 0.0 0.0 0.0 0.0 0.0 0.0 0.0 0.0 0.0 0.0 0.0 0.0 0.0 0.0 0.0 0.0 0.0 0.0 0.0 0.0 0.0 0.0 0.0 0.0 0.0 0.0 0.0 0.0 0.0 0.0 0.0 0.0 0.0 0.0 0.0 0.0 0.0 0.0 0.0 0.0 0.0 0.0 0.0 0.0 0.0 0.0 0.0 0.0 0.0 0.0 0.0 0.0 0.0 0.0 0.0 0.0 0.0 0.0 0.0 0.0 0.0 0.0 0.0 0.0 0.0 0.0 0.0 0.0 0.0 0.0 0.0 0.0 0.0 0.0 0.0 0.0 0.0 0.0 0.0 0.0 0.0 0.0 0.0 0.0 0.0 0.0 0.0 0.0 0.0 0.0 0.0 0.0 0.0 0.0 0.0 0.0 0.0 0.0 0.0 0.0 0.0 0.0 0.0 0.0 0.0 0.0 0.0 0.0 0.0 0.0 0.0 0.0 0.0 0.0 0.0 0.0 0.0 0.0 0.0 0.0 0.0 0.0 0.0 0.0 0.0 0.0 0.0 0.0 0.0 0.0 0.0 0.0 0.0 -1.759 -1.759 -1.759 -1.759 -1.759 -1.759 -1.759 -1.759 -1.759 -1.759 -1.759 -1.759 -1.759 -1.759 -1.759 -1.759 -1.759 -1.759 -1.759 -1.759 -1.759 -1.759 -1.759 -1.759 -1.759 -1.759 -1.759 -1.759 -1.759 -1.759 -1.759 -1.759 -1.759 -1.759 -1.759 -1.759 -1.759 -1.759 -1.759 -1.759 -1.759 -1.759 -1.759 -1.759 -1.759 -1.759 -1.759 -1.759 -1.759 -1.759 -1.759 -1.759 -1.759 -1.759 -1.759 -1.759 0.0 0.0 0.0 0.0 0.0 0.0 0.0 0.0 0.0 0.0 0.0 0.0 0.0 0.0 0.0 0.0 0.0 0.0 0.0 0.0 0.0 0.0 0.0 0.0 0.0 0.0 0.0 0.0 0.0 
# name: power
# type: matrix
# rows: 1
# columns: 349
 18.737 18.737 18.633 18.737 18.737 18.737 18.633 18.737 18.84 18.84 18.84 18.84 18.84 18.737 18.737 18.84 18.84 18.84 18.737 18.737 18.737 18.737 18.737 18.633 18.737 18.737 18.737 18.737 18.737 18.633 18.633 18.633 18.633 18.633 18.53 18.53 18.53 18.53 18.633 18.426 18.53 18.53 18.53 18.633 18.53 18.53 18.53 18.53 18.53 18.53 18.53 18.53 18.426 18.53 18.426 18.53 18.53 18.53 18.53 18.53 18.53 18.53 18.53 18.53 18.53 18.53 18.633 18.53 18.53 18.53 18.426 18.426 18.426 18.53 18.53 18.53 18.53 18.53 18.53 18.53 18.53 18.53 18.426 18.633 18.53 18.633 18.633 18.633 18.53 18.633 18.53 18.633 18.53 18.53 18.53 18.53 18.53 18.53 18.53 18.53 18.53 18.53 18.53 18.53 18.633 18.633 18.53 18.633 18.633 18.633 18.53 18.633 18.53 18.53 18.53 18.53 18.53 18.633 18.53 18.53 18.53 18.53 18.53 18.53 18.426 18.53 18.53 18.426 0.0 0.0 0.0 0.0 0.0 0.0 0.0 0.0 0.0 0.0 0.0 0.0 0.0 0.0 0.0 0.0 0.0 0.0 0.0 0.0 0.0 0.0 0.0 0.0 0.0 0.0 0.0 0.0 0.0 0.0 0.0 0.0 0.0 0.0 0.0 0.0 0.0 0.0 0.0 0.0 0.0 0.0 0.0 0.0 0.0 0.0 0.0 0.0 0.0 0.0 0.0 0.0 0.0 0.0 0.0 0.0 0.0 0.0 0.0 0.0 0.0 0.0 0.0 0.0 0.0 0.0 0.0 0.0 0.0 0.0 0.0 0.0 0.0 0.0 0.0 0.0 0.0 0.0 0.0 0.0 0.0 0.0 0.0 0.0 0.0 0.0 0.0 0.0 0.0 0.0 0.0 0.0 0.0 0.0 0.0 0.0 0.0 0.0 0.0 0.0 0.0 0.0 0.0 0.0 0.0 0.0 0.0 0.0 0.0 0.0 0.0 0.0 0.0 0.0 0.0 0.0 0.0 0.0 0.0 0.0 0.0 0.0 0.0 0.0 0.0 0.0 0.0 0.0 0.0 0.0 0.0 0.0 0.0 0.0 0.0 0.0 18.737 18.633 18.633 18.633 18.633 18.53 18.53 18.53 18.53 18.53 18.53 18.426 18.426 18.53 18.53 18.426 18.426 18.426 18.426 18.53 18.426 18.426 18.53 18.323 18.323 18.53 18.633 18.53 18.53 18.633 18.53 18.633 18.633 18.53 18.53 18.633 18.53 18.633 18.633 18.633 18.633 18.633 18.633 18.633 18.633 18.633 18.633 18.633 18.633 18.633 18.633 18.633 18.53 18.633 18.53 18.633 0.0 0.0 0.0 0.0 0.0 0.0 0.0 0.0 0.0 0.0 0.0 0.0 0.0 0.0 0.0 0.0 0.0 0.0 0.0 0.0 0.0 0.0 0.0 0.0 0.0 0.0 0.0 0.0 0.0 
