# name: phAngle
# type: matrix
# rows: 1
# columns: 360
 271 271 271 271 271 271 271 271 271 271 271 271 271 271 271 271 271 271 271 271 271 271 271 271 271 271 271 271 271 271 271 271 271 271 271 271 271 271 271 271 271 271 271 271 271 271 271 271 271 271 271 271 271 271 271 271 271 271 271 271 271 271 271 271 271 271 271 271 271 271 271 271 271 271 271 271 271 271 271 271 271 271 271 271 271 271 271 271 271 271 271 271 271 271 271 271 271 271 271 271 271 271 271 271 271 271 271 271 271 271 271 271 271 271 271 271 271 271 271 271 271 271 271 271 271 271 271 271 271 271 271 271 271 271 271 271 271 271 271 271 271 271 271 271 271 271 271 271 271 28 8 8 28 8 7 28 7 7 28 6 271 271 271 271 271 271 271 271 271 271 271 271 271 271 271 271 271 271 271 271 271 271 271 271 271 271 271 271 271 271 271 271 271 271 271 271 271 271 271 271 271 271 271 271 271 271 271 271 271 271 271 271 271 271 271 271 271 271 271 271 271 271 271 271 271 271 271 271 271 271 271 271 271 271 271 271 271 271 271 271 271 271 271 271 271 271 271 271 271 271 271 271 271 271 271 271 271 271 271 271 271 271 271 271 271 271 271 271 271 271 271 271 271 271 271 271 271 271 271 271 271 271 271 271 271 271 271 271 271 271 271 271 271 271 271 271 271 271 271 271 271 271 271 271 271 271 271 271 271 271 271 271 271 271 271 271 271 271 271 271 271 271 271 271 29 73 7 27 71 7 27 73 6 27 72 5 28 73 5 27 27 4 28 271 271 271 271 271 271 271 271 271 271 271 271 271 271 271 271 271 
# name: freq
# type: matrix
# rows: 1
# columns: 360
 50.0 50.0 50.0 50.0 50.0 50.0 50.0 50.0 50.0 50.0 50.0 50.0 50.0 50.0 50.0 50.0 50.0 50.0 50.0 50.0 50.0 50.0 50.0 50.0 50.0 50.0 50.0 50.0 50.0 50.0 50.0 50.0 50.0 50.0 50.0 50.0 50.0 50.0 50.0 50.0 50.0 50.0 50.0 50.0 50.0 50.0 50.0 50.0 50.0 50.0 50.0 50.0 50.0 50.0 50.0 50.0 50.0 50.0 50.0 50.0 50.0 50.0 50.0 50.0 50.0 50.0 50.0 50.0 50.0 50.0 50.0 50.0 50.0 50.0 50.0 50.0 50.0 50.0 50.0 50.0 50.0 50.0 50.0 50.0 50.0 50.0 50.0 50.0 50.0 50.0 49.9 50.0 50.0 50.0 50.0 49.9 50.0 50.0 50.0 50.0 50.0 50.0 50.0 50.0 50.0 50.0 50.0 50.0 50.0 50.0 50.0 49.9 50.0 50.0 50.0 50.0 49.9 50.0 50.0 50.0 50.0 50.0 50.0 50.0 50.0 50.0 50.0 50.0 50.0 50.0 50.0 50.0 50.0 50.0 50.0 50.0 49.9 50.0 50.0 49.9 50.0 50.0 50.0 50.0 50.0 50.0 50.0 49.9 50.0 50.0 50.0 50.0 50.0 49.9 50.0 50.0 50.0 50.0 50.0 50.0 50.0 49.9 49.9 50.0 50.0 50.0 50.0 50.0 50.0 50.0 50.0 50.0 50.0 50.0 50.0 50.0 50.0 50.0 50.0 50.0 50.0 50.0 50.0 50.0 50.0 50.0 50.0 50.0 50.0 50.0 50.0 50.0 50.1 50.0 50.1 50.1 50.1 50.1 50.1 50.1 50.1 50.1 50.1 50.1 50.1 50.1 50.1 50.1 50.1 50.1 50.1 50.1 50.1 50.1 50.1 50.1 50.1 50.0 50.1 50.0 50.0 50.1 50.1 50.0 50.1 50.0 50.0 50.0 50.0 50.0 50.0 50.0 50.0 50.0 50.0 50.0 50.0 50.0 50.0 50.0 50.0 50.0 50.0 50.0 50.0 50.0 50.0 50.0 50.0 50.1 50.0 50.0 50.0 50.0 50.0 50.0 50.0 50.0 50.0 50.0 50.0 50.0 50.0 50.0 50.0 50.0 50.0 50.0 50.0 50.0 50.0 50.0 50.0 50.0 50.0 50.0 50.0 50.0 50.0 50.0 50.0 50.0 50.0 50.0 50.0 50.0 50.0 50.0 50.0 50.0 50.0 50.0 50.0 50.0 50.0 50.0 50.0 50.0 50.0 50.0 50.0 50.0 50.0 50.0 50.0 50.0 50.0 50.0 50.0 50.0 50.0 50.0 50.0 50.0 50.0 50.0 50.0 50.0 50.0 50.0 50.0 50.0 50.0 50.0 50.0 50.0 50.0 50.0 50.0 50.0 50.0 50.0 50.0 50.0 50.0 50.0 50.0 50.0 50.0 50.0 50.0 50.0 50.0 50.0 50.0 50.0 50.0 50.0 50.0 50.0 50.0 50.0 50.0 50.0 50.0 50.0 50.0 50.0 50.0 50.0 
# name: reacPower
# type: matrix
# rows: 1
# columns: 360
 -5.724 -5.724 -5.724 -5.724 -5.724 -5.724 -5.724 -5.724 -5.724 -5.724 -5.724 -5.724 -5.724 -5.724 -5.62 -5.62 -5.62 -5.62 -5.62 -5.62 -5.62 -5.62 -5.62 -5.62 -5.516 -5.516 -5.516 -5.516 -5.516 -5.516 -5.516 -5.516 -5.516 -5.516 -5.516 -5.516 -5.516 -5.516 -5.516 -5.516 -5.516 -5.516 -5.516 -5.516 -5.516 -5.516 -5.516 -5.516 -5.516 -5.516 -5.516 -5.516 -5.516 -5.516 -5.516 -5.516 -5.516 -5.516 -5.516 -5.516 -5.516 -5.516 -5.516 -5.516 -5.516 -5.516 -5.516 -5.516 -5.516 -5.516 -5.516 -5.516 -5.516 -5.516 -5.516 -5.516 -5.516 -5.516 -5.516 -5.516 -5.516 -5.516 -5.516 -5.516 -5.516 -5.516 -5.516 -5.516 -5.516 -5.516 -5.516 -5.516 -5.516 -5.516 -5.516 -5.516 -5.516 -5.516 -5.516 -5.516 -5.516 -5.516 -5.516 -5.516 -5.412 -5.516 -5.516 -5.516 -5.516 -5.516 -5.516 -5.516 -5.516 -5.516 -5.516 -5.516 -5.516 -5.516 -5.516 -5.412 -5.516 -5.516 -5.516 -5.516 -5.516 -5.516 -5.516 -5.516 -5.516 -5.516 -5.516 -5.516 -5.516 -5.516 -5.516 -5.516 -5.516 -5.516 -5.516 -5.516 -5.516 -5.516 -5.516 -5.516 -5.516 -5.516 -5.516 -5.516 -5.516 23.626 176.207 186.719 23.105 176.727 162.364 22.793 151.956 147.585 22.585 137.281 -5.516 -5.516 -5.516 -5.516 -5.516 -5.516 -5.516 -5.412 -5.516 -5.412 -5.516 -5.203 -5.203 -5.203 -5.516 -5.412 -5.516 -5.412 -5.516 -5.516 -5.412 -5.412 -5.412 -5.516 -5.412 -5.412 -5.516 -5.412 -5.412 -5.412 -5.412 -5.412 -5.412 -5.412 -5.516 -5.412 -5.412 -5.412 -5.412 -5.516 -5.412 -5.412 -5.412 -5.516 -5.516 -5.516 -5.516 -5.516 -5.516 -5.516 -5.516 -5.516 -5.516 -5.516 -5.516 -5.516 -5.516 -5.516 -5.516 -5.516 -5.516 -5.516 -5.516 -5.516 -5.516 -5.516 -5.516 -5.516 -5.516 -5.516 -5.516 -5.516 -5.516 -5.516 -5.516 -5.516 -5.516 -5.516 -5.516 -5.516 -5.516 -5.516 -5.516 -5.516 -5.516 -5.516 -5.516 -5.516 -5.516 -5.516 -5.516 -5.516 -5.516 -5.516 -5.516 -5.516 -5.516 -5.516 -5.516 -5.516 -5.516 -5.516 -5.516 -5.516 -5.516 -5.516 -5.516 -5.516 -5.516 -5.516 -5.516 -5.516 -5.516 -5.516 -5.516 -5.516 -5.516 -5.516 -5.516 -5.516 -5.516 -5.516 -5.516 -5.516 -5.516 -5.516 -5.516 -5.516 -5.516 -5.516 -5.516 -5.516 -5.516 -5.516 -5.516 -5.516 -5.516 -5.516 -5.516 -5.516 -5.516 -5.516 -5.516 -5.516 -5.516 -5.516 -5.516 -5.516 -5.516 -5.516 -5.516 -5.516 -5.516 -5.516 -5.516 -5.516 -5.516 -5.516 -5.516 -5.516 -5.516 -5.516 -5.516 -5.516 23.834 494.066 160.282 23.417 490.215 143.838 22.793 483.45 128.642 22.793 481.889 115.32 22.481 480.015 102.414 22.377 482.721 90.028 22.377 -5.516 -5.516 -5.516 -5.516 -5.516 -5.516 -5.516 -5.516 -5.516 -5.516 -5.516 -5.516 -5.516 -5.516 -5.516 -5.412 -5.516 
