# name: phAngle
# type: matrix
# rows: 1
# columns: 356
 271 270 271 271 271 271 271 270 271 271 270 270 271 271 270 271 271 270 270 270 271 271 270 271 271 271 270 271 270 271 271 271 270 270 271 270 270 271 270 270 270 271 270 271 271 271 270 270 270 270 270 270 271 270 271 271 271 271 270 271 270 270 270 270 270 271 271 270 271 271 270 271 271 270 271 271 271 270 271 270 271 271 271 270 271 270 271 270 271 271 271 271 270 271 271 270 271 271 271 270 271 270 271 271 271 270 271 271 271 270 271 271 271 270 271 271 271 271 271 271 271 270 271 271 270 271 271 271 271 271 270 270 271 271 271 271 271 270 270 270 271 271 271 271 271 271 271 271 271 271 271 270 270 271 271 271 271 271 270 270 271 271 271 271 270 271 270 271 271 271 271 271 271 271 271 271 271 271 271 271 271 270 270 271 271 6 5 24 6 5 24 5 5 24 5 5 24 5 5 24 4 271 270 271 271 271 270 271 270 270 270 271 270 271 271 271 271 271 271 271 271 271 271 271 271 271 270 271 271 271 271 271 271 271 271 271 271 271 271 271 270 270 270 271 271 271 270 271 270 271 271 270 271 271 270 271 271 271 270 271 270 270 68 73 5 5 73 5 5 74 4 4 73 3 3 271 270 271 270 271 270 271 271 271 271 271 271 271 271 271 270 271 271 270 270 271 271 271 271 271 271 271 271 271 271 271 271 271 270 271 270 271 271 270 271 271 270 271 270 271 23 24 3 23 24 3 24 24 3 24 24 3 24 24 2 24 24 2 24 24 3 0 270 270 271 271 271 271 271 270 271 271 271 271 271 271 
# name: freq
# type: matrix
# rows: 1
# columns: 356
 50.0 50.0 50.0 50.0 50.0 50.0 50.0 50.0 50.0 50.0 50.0 50.0 50.0 50.0 50.0 50.0 50.0 50.0 50.0 50.0 50.0 50.0 50.0 50.1 50.0 50.0 50.0 50.0 50.0 50.0 50.0 50.0 50.0 50.0 50.0 50.0 50.0 50.0 50.0 50.0 50.0 50.0 50.0 50.0 50.0 50.0 50.0 50.0 50.0 50.0 50.0 50.0 50.0 50.0 50.0 50.0 50.0 50.0 50.0 50.0 50.0 50.0 50.0 50.0 50.0 50.0 50.0 50.0 50.0 50.0 50.0 50.0 50.0 50.0 50.0 50.0 50.0 50.0 50.0 50.0 50.0 50.0 50.0 50.0 50.0 50.0 50.0 50.0 50.0 50.0 50.0 50.0 50.0 50.0 50.0 50.0 50.0 50.0 50.0 50.0 50.0 50.0 50.0 50.0 50.0 50.0 50.0 50.0 50.0 50.0 50.0 50.0 50.0 50.0 50.0 50.0 50.0 50.0 50.0 50.0 50.0 50.0 50.0 50.0 50.0 50.0 50.0 50.0 50.0 50.0 50.0 50.0 50.0 50.0 50.0 50.0 50.0 50.0 50.0 50.0 50.0 50.0 50.0 50.0 50.0 50.0 50.0 50.0 50.0 50.0 50.0 50.0 50.0 50.0 50.0 50.0 50.0 50.0 50.0 50.0 50.0 50.0 50.0 50.0 50.0 50.0 50.0 50.0 50.0 50.0 50.0 50.0 50.0 50.0 50.0 50.0 50.0 50.0 50.0 50.0 50.0 50.0 50.0 50.0 50.0 50.0 50.0 50.0 50.0 50.0 50.0 50.0 50.0 50.0 50.0 50.0 50.0 50.0 50.0 50.0 50.0 50.0 50.0 50.0 50.0 50.0 50.0 50.0 50.0 50.0 50.0 50.0 50.0 50.0 50.0 50.0 50.0 50.0 50.0 50.0 50.0 50.0 50.0 50.0 50.0 50.0 50.0 50.0 50.0 50.0 50.0 50.0 50.0 50.0 50.0 50.0 50.0 50.0 50.0 50.0 50.0 50.0 50.0 50.0 50.0 50.0 50.0 50.0 50.0 50.0 50.0 50.0 50.0 50.0 50.0 50.0 50.0 50.0 50.0 50.0 50.0 50.0 50.0 50.0 50.0 50.0 50.0 50.0 50.0 50.0 50.0 50.0 50.0 50.0 50.0 50.0 50.0 50.0 50.0 50.0 50.0 50.0 50.0 50.0 50.0 50.0 50.0 50.0 50.0 50.0 50.0 50.0 50.0 50.0 50.0 50.0 50.0 50.0 50.0 50.0 50.0 50.0 50.0 50.0 50.0 50.0 50.0 50.0 50.0 50.0 50.0 50.0 50.0 50.0 50.0 50.0 50.0 50.0 50.0 50.0 50.0 50.0 50.0 50.0 50.0 50.0 50.0 50.0 50.0 50.0 50.0 50.0 50.0 50.0 50.0 50.0 50.0 50.0 50.0 50.0 50.0 50.0 50.0 50.0 50.0 50.0 50.0 50.0 50.0 50.0 50.0 50.0 50.0 50.0 50.0 50.0 
# name: reacPower
# type: matrix
# rows: 1
# columns: 356
 -5.308 -5.308 -5.308 -5.308 -5.308 -5.308 -5.308 -5.308 -5.308 -5.308 -5.308 -5.308 -5.308 -5.308 -5.308 -5.308 -5.203 -5.308 -5.203 -5.203 -5.308 -5.308 -5.308 -5.308 -5.308 -5.308 -5.412 -5.412 -5.412 -5.412 -5.412 -5.412 -5.412 -5.412 -5.412 -5.308 -5.308 -5.412 -5.308 -5.308 -5.308 -5.308 -5.308 -5.308 -5.308 -5.308 -5.308 -5.308 -5.308 -5.412 -5.412 -5.308 -5.308 -5.412 -5.308 -5.412 -5.412 -5.412 -5.412 -5.412 -5.412 -5.412 -5.412 -5.412 -5.412 -5.412 -5.308 -5.412 -5.308 -5.308 -5.308 -5.308 -5.308 -5.308 -5.308 -5.308 -5.308 -5.308 -5.308 -5.308 -5.308 -5.308 -5.308 -5.308 -5.308 -5.308 -5.308 -5.308 -5.308 -5.308 -5.308 -5.308 -5.308 -5.308 -5.308 -5.308 -5.308 -5.203 -5.308 -5.308 -5.203 -5.203 -5.203 -5.203 -5.308 -5.203 -5.308 -5.308 -5.308 -5.308 -5.308 -5.308 -5.203 -5.203 -5.203 -5.308 -5.308 -5.308 -5.308 -5.308 -5.203 -5.308 -5.308 -5.308 -5.308 -5.308 -5.308 -5.308 -5.308 -5.308 -5.308 -5.308 -5.308 -5.308 -5.308 -5.308 -5.308 -5.308 -5.308 -5.308 -5.308 -5.308 -5.308 -5.308 -5.308 -5.308 -5.308 -5.308 -5.308 -5.308 -5.308 -5.308 -5.308 -5.308 -5.308 -5.099 -5.308 -5.308 -5.203 -5.308 -5.308 -5.308 -5.308 -5.308 -5.308 -5.308 -5.308 -5.308 -5.308 -4.995 -5.308 -5.308 -5.308 -5.203 -5.203 -5.099 -5.308 -5.203 -5.099 -5.308 -5.203 -5.203 -5.203 -5.203 -5.308 191.506 101.894 16.965 103.663 105.12 16.965 98.043 101.165 16.86 96.898 101.581 16.86 94.504 94.504 16.652 86.906 -5.203 -5.308 -5.308 -5.308 -5.308 -5.308 -5.203 -5.203 -5.308 -5.308 -5.203 -5.308 -5.308 -5.308 -5.308 -5.308 -5.203 -5.308 -5.308 -5.308 -5.308 -5.308 -5.203 -5.308 -5.203 -5.308 -5.203 -5.308 -5.308 -5.308 -5.308 -5.203 -5.308 -5.203 -5.203 -5.308 -5.203 -5.308 -5.203 -5.203 -5.203 -5.203 -5.203 -5.203 -5.203 -5.203 -5.203 -5.203 -5.203 -5.203 -5.203 -5.203 -5.203 -5.308 -5.203 -5.203 -5.203 -5.308 -5.203 -5.203 -5.203 519.462 491.464 88.675 87.635 451.81 90.757 89.404 501.768 71.294 77.123 462.322 64.737 60.678 -5.308 -5.308 -5.099 -5.308 -5.308 -5.308 -5.308 -5.308 -5.308 -5.308 -5.308 -5.308 -5.203 -5.308 -5.308 -5.203 -5.203 -5.203 -5.203 -5.203 -5.203 -5.203 -5.203 -5.203 -5.203 -5.203 -5.203 -5.203 -5.203 -5.308 -5.308 -5.203 -5.203 -5.203 -5.203 -5.203 -5.203 -5.203 -5.203 -5.203 -5.203 -5.203 -5.308 -5.308 -5.203 17.173 17.069 57.556 16.965 16.86 57.66 16.86 16.756 49.958 16.652 16.756 51.623 16.548 16.548 44.858 16.548 16.652 47.044 16.548 16.548 52.352 0.104 -5.308 -5.308 -5.308 -5.308 -5.308 -5.308 -5.308 -5.308 -5.308 -5.308 -5.308 -5.308 -5.308 -5.308 
# name: power
# type: matrix
# rows: 1
# columns: 356
 0.0 0.0 0.0 0.0 0.0 0.0 0.0 0.0 0.0 0.0 0.0 0.0 0.0 0.0 0.0 0.0 0.0 0.0 0.0 0.0 0.0 0.0 0.0 0.0 0.0 0.0 0.0 0.0 0.0 0.0 0.0 0.0 0.0 0.0 0.0 0.0 0.0 0.0 0.0 0.0 0.0 0.0 0.0 0.0 0.0 0.0 0.0 0.0 0.0 0.0 0.0 0.0 0.0 0.0 0.0 0.0 0.0 0.0 0.0 0.0 0.0 0.0 0.0 0.0 0.0 0.0 0.0 0.0 0.0 0.0 0.0 0.0 0.0 0.0 0.0 0.0 0.0 0.0 0.0 0.0 0.0 0.0 0.0 0.0 0.0 0.0 0.0 0.0 0.0 0.0 0.0 0.0 0.0 0.0 0.0 0.0 0.0 0.0 0.0 0.0 0.0 0.0 0.0 0.0 0.0 0.0 0.0 0.0 0.0 0.0 0.0 0.0 0.0 0.0 0.0 0.0 0.0 0.0 0.0 0.0 0.0 0.0 0.0 0.0 0.0 0.0 0.0 0.0 0.0 0.0 0.0 0.0 0.0 0.0 0.0 0.0 0.0 0.0 0.0 0.0 0.0 0.0 0.0 0.0 0.0 0.0 0.0 0.0 0.0 0.0 0.0 0.0 0.0 0.0 0.0 0.0 0.0 0.0 0.0 0.0 0.0 0.0 0.0 0.0 0.0 0.0 0.0 0.0 0.0 0.0 0.0 0.0 0.0 0.0 0.0 0.0 0.0 0.0 0.0 0.0 0.0 0.0 0.0 0.0 0.0 962.321 1091.276 37.26 1089.506 1094.814 37.468 1089.923 1088.674 37.468 1090.963 1089.09 37.572 1087.113 1077.329 37.26 1077.641 0.0 0.0 0.0 0.0 0.0 0.0 0.0 0.0 0.0 0.0 0.0 0.0 0.0 0.0 0.0 0.0 0.0 0.0 0.0 0.0 0.0 0.0 0.0 0.0 0.0 0.0 0.0 0.0 0.0 0.0 0.0 0.0 0.0 0.0 0.0 0.0 0.0 0.0 0.0 0.0 0.0 0.0 0.0 0.0 0.0 0.0 0.0 0.0 0.0 0.0 0.0 0.0 0.0 0.0 0.0 0.0 0.0 0.0 0.0 0.0 0.0 207.535 146.96 1078.058 1076.392 135.407 1075.56 1076.392 143.421 1066.401 1072.333 139.466 1064.631 1066.817 0.0 0.0 0.0 0.0 0.0 0.0 0.0 0.0 0.0 0.0 0.0 0.0 0.0 0.0 0.0 0.0 0.0 0.0 0.0 0.0 0.0 0.0 0.0 0.0 0.0 0.0 0.0 0.0 0.0 0.0 0.0 0.0 0.0 0.0 0.0 0.0 0.0 0.0 0.0 0.0 0.0 0.0 0.0 0.0 0.0 37.676 37.572 1060.26 37.676 37.572 1059.531 37.572 37.468 1056.201 37.468 37.572 1058.178 37.26 37.364 1054.431 37.26 37.364 1057.554 37.364 37.364 1058.387 9.575 0.0 0.0 0.0 0.0 0.0 0.0 0.0 0.0 0.0 0.0 0.0 0.0 0.0 0.0 
