# name: phAngle
# type: matrix
# rows: 1
# columns: 356
 271 271 271 271 271 271 271 271 271 271 271 271 271 271 271 271 271 271 271 271 271 271 271 271 271 271 271 271 271 271 271 271 271 271 271 271 271 271 271 271 271 271 271 271 271 271 271 271 271 271 271 271 271 271 271 271 271 271 271 271 271 271 271 271 271 271 271 271 271 271 271 271 271 271 271 271 271 271 271 271 271 271 271 271 271 271 271 271 271 271 271 271 271 271 271 271 271 271 271 271 271 271 271 271 271 271 271 271 271 271 271 271 31 31 31 31 29 29 29 29 29 29 29 29 30 30 30 30 30 30 30 30 30 30 30 30 30 24 271 271 271 271 271 271 271 271 271 271 271 271 271 271 271 271 271 271 271 271 271 271 271 27 20 28 28 27 28 28 21 28 28 25 29 29 19 271 271 271 271 271 271 271 271 271 271 271 271 271 271 271 271 271 271 271 271 271 271 271 271 271 271 271 271 271 271 271 271 271 271 271 271 271 271 271 271 271 271 271 271 271 271 271 271 271 271 271 271 271 271 271 271 271 271 271 271 271 271 271 271 271 271 271 271 271 271 271 271 271 271 271 271 271 271 271 271 271 271 271 271 271 271 271 271 69 56 19 19 52 19 19 63 16 18 45 19 18 63 15 15 56 271 271 271 271 271 271 271 271 271 271 271 271 271 271 271 271 271 271 271 271 271 271 271 271 271 17 14 29 73 16 29 73 14 29 73 16 29 73 14 29 73 17 29 73 14 30 75 19 29 75 16 30 75 19 30 75 16 30 75 19 30 75 17 30 75 19 30 75 271 271 271 271 271 271 271 271 
# name: freq
# type: matrix
# rows: 1
# columns: 356
 50.0 50.0 50.0 50.0 50.1 50.0 50.0 50.0 50.0 50.0 50.0 50.0 50.0 50.0 50.0 50.0 50.0 50.0 50.0 50.0 50.0 50.0 50.0 50.0 50.0 50.0 50.0 50.0 50.0 50.0 50.0 50.0 50.0 50.0 50.0 50.0 50.0 50.0 50.0 50.0 50.0 50.0 50.0 50.0 50.0 50.1 50.0 50.1 50.0 50.0 50.0 50.0 50.1 50.0 50.0 50.0 50.0 50.0 50.0 50.0 50.1 50.1 50.1 50.0 50.1 50.0 50.0 50.0 50.1 50.1 50.1 50.1 50.0 50.0 50.0 50.1 50.1 50.0 50.0 50.0 50.1 50.0 50.0 50.0 50.0 50.0 50.0 50.0 50.0 50.0 50.0 50.0 50.0 50.1 50.0 50.0 50.0 50.0 50.0 50.0 50.0 50.0 50.0 50.0 50.0 50.0 50.0 50.0 50.0 50.0 50.0 50.0 50.0 50.0 50.0 50.0 50.0 50.0 50.0 50.0 50.0 50.0 50.0 50.0 50.0 50.0 50.0 50.0 50.0 50.0 50.0 50.0 50.0 50.0 50.0 50.0 50.0 50.0 50.0 50.0 50.0 50.0 50.0 50.0 50.0 50.0 50.0 50.0 50.0 50.0 50.0 50.0 50.0 50.0 50.0 50.0 50.0 50.0 50.0 50.0 50.0 50.0 50.0 50.0 50.0 50.0 50.0 50.0 50.0 50.0 50.0 50.0 50.0 50.0 50.0 50.0 50.0 50.0 50.0 50.0 50.0 50.0 50.0 50.0 50.0 50.0 50.0 50.0 50.0 50.0 50.0 50.0 50.0 50.0 50.0 50.0 50.0 50.0 50.0 50.0 50.0 50.0 50.0 50.0 50.0 50.0 50.0 50.0 50.0 50.0 50.0 50.0 50.0 50.0 50.0 50.0 50.0 50.0 50.0 50.0 50.0 50.0 50.0 50.0 50.0 50.0 50.0 50.0 50.0 50.0 50.0 50.0 50.0 50.0 50.0 50.0 50.0 50.0 50.0 50.0 50.0 50.0 50.0 50.0 50.0 50.0 50.0 50.0 50.0 50.0 50.0 50.0 50.0 50.0 50.0 50.0 50.0 50.0 50.0 50.0 50.0 50.0 50.0 50.0 50.0 50.0 50.0 50.0 50.0 50.0 50.0 50.0 50.0 50.0 50.0 50.0 50.0 50.0 50.0 50.0 50.0 50.0 50.0 50.0 50.0 50.0 50.0 50.0 50.0 50.0 50.0 50.0 50.0 50.0 50.0 50.0 50.0 50.0 50.0 50.0 50.0 50.0 50.0 50.0 50.0 50.0 50.0 50.0 50.0 50.0 50.0 50.0 50.0 49.9 49.9 50.0 50.0 50.0 50.0 50.0 50.0 50.0 50.0 50.0 50.0 50.0 50.0 50.0 50.0 50.0 50.0 50.0 50.0 50.0 50.0 50.0 50.0 50.0 50.0 50.0 50.0 50.0 50.0 50.0 50.0 50.0 50.0 50.0 50.0 50.0 50.0 50.0 50.0 50.0 50.0 50.0 
# name: reacPower
# type: matrix
# rows: 1
# columns: 356
 -5.59 -5.59 -5.59 -5.59 -5.59 -5.59 -5.486 -5.486 -5.486 -5.486 -5.59 -5.59 -5.59 -5.59 -5.59 -5.59 -5.59 -5.59 -5.59 -5.59 -5.59 -5.486 -5.486 -5.59 -5.486 -5.59 -5.59 -5.59 -5.59 -5.59 -5.59 -5.59 -5.59 -5.59 -5.59 -5.59 -5.59 -5.59 -5.59 -5.59 -5.59 -5.59 -5.59 -5.59 -5.59 -5.59 -5.59 -5.59 -5.59 -5.59 -5.59 -5.59 -5.59 -5.59 -5.59 -5.59 -5.59 -5.59 -5.59 -5.59 -5.59 -5.59 -5.59 -5.59 -5.59 -5.59 -5.486 -5.59 -5.59 -5.59 -5.486 -5.59 -5.59 -5.176 -5.176 -5.176 -5.176 -5.176 -5.176 -5.176 -5.176 -5.176 -5.176 -5.176 -5.176 -5.176 -5.176 -5.176 -5.176 -5.176 -5.176 -5.176 -5.176 -5.176 -5.176 -5.176 -5.176 -5.176 -5.176 -5.176 -5.176 -5.59 -5.59 -5.486 -5.486 -5.486 -5.486 -5.59 -5.59 -5.59 -5.486 -5.59 25.362 25.051 24.948 24.741 24.43 24.43 24.327 24.223 24.12 24.12 24.12 24.016 23.913 23.809 23.706 23.809 23.809 23.706 23.809 23.706 23.706 23.706 23.602 23.602 23.706 11.49 -5.486 -5.486 -5.486 -5.486 -5.486 -5.486 -5.486 -5.486 -5.486 -5.486 -5.176 -5.176 -5.176 -5.176 -5.176 -5.176 -5.176 -5.176 -5.176 -5.176 -5.176 -5.176 -5.176 12.525 324.432 19.047 18.944 357.87 18.944 18.944 313.873 18.737 18.944 343.791 21.221 21.118 310.25 -5.176 -5.176 -5.176 -5.486 -5.486 -5.486 -5.486 -5.486 -5.176 -5.176 -5.176 -5.486 -5.486 -5.486 -5.486 -5.486 -5.486 -5.486 -5.486 -5.486 -5.486 -5.486 -5.486 -5.486 -5.486 -5.486 -5.486 -5.486 -5.176 -5.176 -5.486 -5.486 -5.486 -5.486 -5.486 -5.486 -5.486 -5.486 -5.486 -5.486 -5.486 -5.486 -5.486 -5.486 -5.486 -5.486 -5.486 -5.486 -5.486 -5.486 -5.486 -5.486 -5.486 -5.486 -5.486 -5.486 -5.486 -5.486 -5.486 -5.486 -5.486 -5.486 -5.486 -5.486 -5.486 -5.486 -5.486 -5.486 -5.486 -5.486 -5.486 -5.486 -5.486 -5.486 -5.486 -5.486 -5.486 -5.486 -5.486 -5.486 -5.486 -5.486 -5.486 -5.486 -5.486 -5.486 -5.486 -5.486 536.96 511.908 349.07 339.339 593.482 347.31 352.59 528.471 275.881 319.463 554.765 339.65 330.851 643.068 258.076 258.593 511.597 -5.176 -5.176 -5.176 -5.176 -5.176 -5.279 -5.486 -5.486 -5.486 -5.486 -5.486 -5.486 -5.486 -5.486 -5.486 -5.486 -5.486 -5.486 -5.486 -5.486 -5.486 -5.486 -5.486 -5.59 -5.486 316.461 242.03 21.428 559.424 266.565 21.118 566.567 237.993 21.118 558.803 273.604 21.014 559.424 229.194 21.014 558.699 279.194 21.014 563.565 229.194 23.706 702.075 342.341 23.809 701.04 292.238 23.602 698.038 340.478 23.292 684.373 290.064 23.292 678.783 341.617 23.188 687.064 300.002 23.188 678.99 334.681 23.188 682.613 -5.486 -5.486 -5.486 -5.486 -5.486 -5.486 -5.486 -5.486 
# name: power
# type: matrix
# rows: 1
# columns: 356
 0.103 0.0 0.0 0.103 0.103 0.0 0.103 0.103 0.103 0.103 0.103 0.0 0.0 0.103 0.0 0.0 0.103 0.103 0.103 0.103 0.0 0.103 0.103 0.0 0.103 0.103 0.0 0.103 0.103 0.103 0.0 0.103 0.0 0.103 0.103 0.0 0.103 0.103 0.103 0.0 0.0 0.0 0.103 0.103 0.103 0.103 0.103 0.103 0.0 0.0 0.0 0.0 0.103 0.0 0.103 0.103 0.103 0.0 0.0 0.103 0.0 0.103 0.103 0.0 0.103 0.0 0.0 0.103 0.103 0.103 0.0 0.103 0.0 0.0 0.0 0.0 0.0 0.103 0.103 0.103 0.0 0.103 0.0 0.103 0.103 0.103 0.0 0.103 0.0 0.103 0.0 0.103 0.0 0.0 0.0 0.0 0.0 0.0 0.0 0.0 0.103 0.103 0.0 0.103 0.0 0.103 0.103 0.103 0.0 0.0 0.0 0.0 41.822 41.718 41.615 41.615 41.511 41.511 41.511 41.408 41.408 41.408 41.408 41.304 41.201 41.097 41.097 41.201 41.097 41.097 41.201 41.097 41.097 41.097 41.097 40.994 41.097 23.913 0.103 0.103 0.103 0.0 0.0 0.0 0.103 0.0 0.0 0.103 0.0 0.103 0.103 0.0 0.0 0.0 0.0 0.0 0.0 0.0 0.0 0.0 0.103 25.466 913.981 35.611 35.611 715.74 35.611 35.714 801.972 35.507 35.714 749.177 38.199 38.302 929.302 0.0 0.0 0.0 0.0 0.103 0.103 0.103 0.103 0.103 0.103 0.0 0.0 0.103 0.103 0.0 0.0 0.0 0.103 0.103 0.103 0.103 0.103 0.103 0.103 0.103 0.0 0.103 0.0 0.0 0.0 0.0 0.0 0.0 0.0 0.103 0.103 0.103 0.0 0.103 0.103 0.103 0.103 0.103 0.0 0.103 0.103 0.0 0.103 0.103 0.103 0.0 0.0 0.103 0.103 0.103 0.0 0.0 0.103 0.0 0.103 0.103 0.103 0.103 0.103 0.103 0.0 0.103 0.103 0.103 0.103 0.103 0.103 0.103 0.103 0.0 0.103 0.103 0.0 0.103 0.0 0.0 0.0 0.103 0.103 0.103 0.103 0.103 0.0 201.968 345.033 1002.388 1012.843 457.249 1001.352 998.454 264.391 947.211 1015.431 549.072 1003.009 1007.149 330.023 948.557 947.729 348.656 0.0 0.103 0.0 0.0 0.0 0.0 0.103 0.103 0.103 0.103 0.0 0.103 0.103 0.103 0.103 0.103 0.103 0.103 0.103 0.0 0.103 0.0 0.0 0.103 0.103 1014.706 957.77 38.302 168.117 941.207 38.199 168.841 960.462 38.199 168.945 932.304 38.199 166.978 960.151 38.199 167.185 931.373 38.095 167.496 959.944 41.201 189.856 1006.218 41.408 189.752 1019.572 41.201 189.752 1000.938 40.89 186.854 1013.982 40.89 186.44 990.897 40.683 187.164 1015.224 40.787 186.647 988.412 40.683 186.44 0.103 0.103 0.103 0.103 0.103 0.103 0.0 0.0 
