# name: phAngle
# type: matrix
# rows: 1
# columns: 357
 270 271 271 271 270 270 271 271 271 270 271 271 270 271 271 271 271 270 271 271 271 271 270 271 270 271 271 270 270 271 271 271 271 271 271 271 270 271 271 271 271 271 271 271 30 11 28 28 11 28 28 11 28 28 11 28 28 13 30 30 11 28 28 11 29 29 11 29 29 11 28 28 11 28 28 11 28 30 13 30 30 12 30 30 12 28 29 10 29 29 10 29 29 11 29 29 11 28 29 10 29 29 11 28 270 271 270 271 271 271 271 271 271 270 271 271 271 271 271 270 270 271 271 271 270 271 270 270 271 271 270 270 271 271 270 270 270 270 271 271 270 271 270 271 270 271 270 271 271 271 73 13 13 13 12 11 10 10 9 9 9 9 8 8 8 8 8 8 8 7 7 7 7 7 7 270 271 271 270 271 270 271 271 270 271 271 271 271 271 271 271 270 271 271 271 271 271 270 271 271 270 271 271 271 271 271 271 271 271 270 271 271 271 271 271 271 271 271 271 271 270 270 271 10 7 28 7 7 29 7 6 29 7 6 29 7 7 29 7 7 28 6 6 28 6 6 29 7 7 30 10 6 29 7 7 29 6 7 29 6 6 29 6 270 270 270 270 270 271 271 270 271 270 271 270 270 270 270 271 271 270 270 271 271 271 271 270 271 270 271 270 271 271 271 271 271 271 271 271 271 271 271 271 271 271 271 271 271 271 271 270 270 271 271 270 271 271 271 270 271 270 271 271 271 271 271 271 271 271 271 271 270 270 271 271 271 270 271 271 270 270 271 271 271 271 271 271 271 271 271 271 270 270 270 271 271 271 
# name: freq
# type: matrix
# rows: 1
# columns: 357
 50.0 50.0 50.0 50.0 50.0 50.0 50.0 50.0 50.0 50.0 50.0 50.0 50.0 50.0 50.0 50.0 50.0 50.0 50.0 50.0 50.0 50.0 50.0 50.0 50.0 50.0 50.0 50.0 50.0 50.0 50.0 50.0 50.0 50.0 50.0 50.0 50.0 50.0 50.0 50.0 50.0 50.0 50.0 50.0 50.0 50.0 50.0 50.0 50.0 50.0 50.0 50.0 50.0 50.0 50.0 50.0 50.0 50.0 50.0 50.0 50.0 50.0 50.0 50.0 50.0 50.0 50.0 50.0 50.0 50.0 50.0 50.0 50.0 50.0 50.0 50.0 50.0 50.0 50.0 50.0 50.0 50.0 50.0 50.0 50.0 50.0 50.0 50.0 50.0 50.0 50.0 50.0 50.0 50.0 50.0 50.0 50.0 50.0 50.0 50.0 50.0 50.0 50.0 50.0 50.0 50.0 50.0 50.0 50.0 50.0 50.0 50.0 50.0 50.0 50.0 50.0 50.0 50.0 50.0 50.0 50.0 50.0 50.0 50.0 50.0 50.0 50.0 50.0 50.0 50.0 50.0 50.0 50.0 50.0 50.0 50.0 50.0 50.0 50.0 50.0 50.0 50.0 50.0 50.0 50.0 50.0 50.0 50.0 50.0 50.0 50.0 50.0 50.0 50.0 50.0 50.0 50.0 50.0 50.0 50.0 50.0 50.0 50.0 50.0 50.0 50.0 50.0 50.0 50.0 50.0 50.0 50.0 50.0 50.0 50.0 50.0 50.0 50.0 50.0 50.0 50.0 50.0 50.0 50.0 50.0 50.0 50.0 50.0 50.0 50.0 50.0 50.0 50.0 50.0 50.0 50.0 50.0 50.0 50.0 50.0 50.0 50.0 50.0 50.0 50.0 50.0 50.0 50.0 50.0 50.0 50.0 50.0 50.0 50.0 50.0 50.0 50.0 50.0 50.0 50.0 50.0 50.0 50.0 50.0 50.0 50.0 50.0 50.0 50.0 50.0 50.0 50.0 50.0 50.0 50.0 50.0 50.0 50.0 50.0 50.0 50.0 50.0 50.0 50.0 50.0 50.0 50.0 50.0 50.0 50.0 50.0 50.0 50.0 50.0 50.0 50.0 50.0 50.0 50.0 50.0 50.0 50.0 50.0 50.0 50.0 50.0 50.0 50.0 50.0 50.0 50.0 50.0 50.0 50.0 50.0 50.0 50.0 50.0 50.0 50.0 50.0 50.0 50.0 50.0 50.0 50.0 50.0 50.0 50.0 50.0 50.0 50.0 50.0 50.0 50.0 50.0 50.0 50.0 50.0 50.0 50.0 50.0 50.0 50.0 50.0 50.0 50.0 50.0 50.0 50.0 50.0 50.0 50.0 50.0 50.0 50.0 50.0 50.0 50.0 50.0 50.0 50.0 50.0 50.0 50.0 50.0 50.0 50.0 50.0 50.0 50.0 50.0 50.0 50.0 50.0 50.0 50.0 50.0 50.0 50.0 50.0 50.0 50.0 50.0 50.0 50.0 50.0 50.0 50.0 50.0 50.0 50.0 50.0 50.0 50.0 50.0 50.0 
# name: reacPower
# type: matrix
# rows: 1
# columns: 357
 -3.519 -3.519 -3.519 -3.519 -3.519 -3.519 -3.519 -3.519 -3.519 -3.519 -3.519 -3.519 -3.519 -3.519 -3.519 -3.519 -3.519 -3.519 -3.519 -3.519 -3.519 -3.519 -3.519 -3.519 -3.519 -3.519 -3.519 -3.519 -3.519 -3.519 -3.519 -3.519 -3.519 -3.519 -3.519 -3.519 -3.519 -3.519 -3.416 -3.416 -3.416 -3.416 -3.416 -3.416 22.67 209.421 22.567 22.567 207.247 22.256 22.153 206.212 22.153 21.946 209.732 22.049 21.842 258.179 23.188 23.188 203.521 21.842 21.842 205.28 21.635 21.635 206.937 21.739 21.739 204.97 21.842 21.842 208.386 21.946 21.946 208.904 21.842 23.188 260.043 22.981 22.878 247.62 22.981 22.981 248.241 21.739 21.532 196.274 21.635 21.532 202.071 21.532 21.532 203.624 21.635 21.739 202.899 21.739 21.635 202.071 21.532 21.532 205.073 21.739 -3.416 -3.416 -3.416 -3.416 -3.416 -3.416 -3.519 -3.519 -3.519 -3.519 -3.519 -3.519 -3.519 -3.519 -3.519 -3.416 -3.416 -3.416 -3.416 -3.416 -3.416 -3.416 -3.416 -3.416 -3.416 -3.416 -3.416 -3.416 -3.312 -3.416 -3.416 -3.416 -3.416 -3.416 -3.519 -3.519 -3.519 -3.416 -3.312 -3.416 -3.416 -3.416 -3.416 -3.416 -3.416 -3.416 594.103 266.357 254.66 257.765 249.173 226.295 189.752 183.541 181.367 175.674 168.427 167.081 159.317 158.8 150.001 150.208 146.584 145.032 145.135 138.406 138.82 134.99 129.296 124.638 125.156 -3.519 -3.519 -3.519 -3.519 -3.519 -3.519 -3.519 -3.519 -3.519 -3.519 -3.519 -3.519 -3.519 -3.519 -3.519 -3.519 -3.519 -3.519 -3.519 -3.519 -3.519 -3.519 -3.519 -3.519 -3.519 -3.519 -3.519 -3.519 -3.519 -3.519 -3.519 -3.519 -3.519 -3.519 -3.519 -3.519 -3.519 -3.519 -3.519 -3.519 -3.519 -3.519 -3.519 -3.519 -3.519 -3.519 -3.519 -3.519 190.166 133.541 22.36 133.127 130.746 21.946 136.646 119.566 21.842 126.501 117.909 21.739 125.466 128.882 21.842 129.193 125.57 21.739 117.806 119.151 21.739 120.808 113.665 21.739 131.884 135.818 23.085 181.781 121.739 21.532 124.949 124.535 21.532 120.187 125.466 21.325 115.218 119.566 21.428 118.944 -3.312 -3.312 -3.416 -3.312 -3.416 -3.519 -3.519 -3.312 -3.416 -3.416 -3.416 -3.416 -3.312 -3.312 -3.312 -3.312 -3.416 -3.416 -3.416 -3.416 -3.416 -3.416 -3.416 -3.416 -3.416 -3.416 -3.416 -3.519 -3.519 -3.519 -3.519 -3.519 -3.519 -3.519 -3.519 -3.519 -3.519 -3.519 -3.519 -3.519 -3.519 -3.519 -3.519 -3.519 -3.519 -3.519 -3.519 -3.519 -3.519 -3.519 -3.519 -3.519 -3.519 -3.519 -3.519 -3.519 -3.519 -3.519 -3.519 -3.519 -3.519 -3.519 -3.519 -3.519 -3.519 -3.519 -3.519 -3.519 -3.519 -3.519 -3.519 -3.519 -3.519 -3.519 -3.519 -3.519 -3.519 -3.519 -3.519 -3.519 -3.519 -3.519 -3.519 -3.519 -3.519 -3.519 -3.519 -3.519 -3.519 -3.519 -3.519 -3.519 -3.519 -3.519 
# name: power
# type: matrix
# rows: 1
# columns: 357
 0.0 0.0 0.0 0.0 0.0 0.0 0.0 0.0 0.0 0.0 0.0 0.0 0.0 0.0 0.0 0.0 0.0 0.0 0.0 0.0 0.0 0.0 0.0 0.0 0.0 0.0 0.0 0.0 0.0 0.0 0.0 0.0 0.0 0.0 0.0 0.0 0.0 0.0 0.0 0.0 0.0 0.0 0.0 0.0 39.441 1106.115 39.648 39.544 1103.63 39.441 39.337 1102.285 39.441 39.234 1103.113 39.337 39.13 1136.861 40.89 40.787 1098.869 39.234 39.337 1100.214 39.027 39.027 1102.285 39.13 39.13 1099.904 39.234 39.234 1103.113 39.441 39.441 1103.527 39.234 40.89 1137.585 40.683 40.579 1130.442 40.787 40.683 1130.649 39.234 39.027 1095.452 39.027 39.027 1100.628 39.027 38.923 1101.871 39.13 39.13 1102.699 39.234 39.027 1098.869 39.027 38.923 1101.042 39.234 0.0 0.0 0.0 0.0 0.0 0.0 0.0 0.0 0.0 0.0 0.0 0.0 0.0 0.0 0.0 0.0 0.0 0.0 0.0 0.0 0.0 0.0 0.0 0.0 0.0 0.0 0.0 0.0 0.0 0.0 0.0 0.0 0.0 0.0 0.0 0.0 0.0 0.0 0.0 0.0 0.0 0.0 0.0 0.0 0.0 0.0 180.125 1142.244 1141.933 1140.38 1134.997 1123.506 1097.109 1095.763 1094.314 1092.761 1086.653 1088.413 1084.79 1086.032 1081.684 1083.444 1082.409 1082.512 1082.305 1079.717 1079.821 1076.508 1075.266 1073.506 1073.817 0.0 0.0 0.0 0.0 0.0 0.0 0.0 0.0 0.0 0.0 0.0 0.0 0.0 0.0 0.0 0.0 0.0 0.0 0.0 0.0 0.0 0.0 0.0 0.0 0.0 0.0 0.0 0.0 0.0 0.0 0.0 0.0 0.0 0.0 0.0 0.0 0.0 0.0 0.0 0.0 0.0 0.0 0.0 0.0 0.0 0.0 0.0 0.0 1093.071 1076.922 39.337 1073.195 1071.85 39.027 1077.854 1065.224 39.027 1072.574 1063.982 39.027 1072.16 1072.885 39.13 1069.676 1073.92 39.234 1063.465 1066.156 39.234 1066.363 1062.636 39.13 1072.16 1075.162 40.787 1094.831 1061.291 38.923 1064.189 1066.881 38.923 1067.502 1065.639 38.716 1059.324 1064.396 38.716 1062.533 0.0 0.0 0.0 0.0 0.0 0.0 0.0 0.0 0.0 0.0 0.0 0.0 0.0 0.0 0.0 0.0 0.0 0.0 0.0 0.0 0.0 0.0 0.0 0.0 0.0 0.0 0.0 0.0 0.0 0.0 0.0 0.0 0.0 0.0 0.0 0.0 0.0 0.0 0.0 0.0 0.0 0.0 0.0 0.0 0.0 0.0 0.0 0.0 0.0 0.0 0.0 0.0 0.0 0.0 0.0 0.0 0.0 0.0 0.0 0.0 0.0 0.0 0.0 0.0 0.0 0.0 0.0 0.0 0.0 0.0 0.0 0.0 0.0 0.0 0.0 0.0 0.0 0.0 0.0 0.0 0.0 0.0 0.0 0.0 0.0 0.0 0.0 0.0 0.0 0.0 0.0 0.0 0.0 0.0 
