# name: phAngle
# type: matrix
# rows: 1
# columns: 359
 271 271 271 271 271 271 271 271 271 271 271 271 271 271 271 271 271 271 271 271 271 271 271 271 271 271 271 271 271 271 271 271 271 271 271 271 271 271 271 271 271 271 271 271 271 271 271 271 271 271 271 271 271 271 271 271 271 271 271 271 271 271 271 271 271 271 271 271 271 271 271 271 271 271 271 271 271 271 271 271 271 271 271 271 271 271 271 271 271 271 271 271 271 271 271 271 271 271 271 271 271 271 271 271 271 271 271 271 271 271 271 271 271 271 271 271 271 271 271 271 271 271 271 2 2 2 2 2 2 2 2 2 2 2 2 2 2 2 2 2 2 2 2 2 2 2 2 2 2 2 2 2 2 271 271 271 271 271 271 271 271 271 271 271 271 271 271 271 271 271 271 271 271 271 271 271 271 271 271 271 271 271 271 271 271 271 271 271 271 271 271 271 271 271 271 271 271 271 271 271 271 271 271 271 271 271 271 271 271 271 271 271 271 271 271 271 271 271 271 271 271 271 271 271 271 271 271 271 271 271 271 271 271 271 271 271 271 271 271 271 271 271 271 271 271 271 271 271 271 271 271 271 271 271 271 271 271 271 271 271 271 71 12 12 2 12 11 2 10 14 2 10 10 2 9 14 2 9 13 2 271 271 271 271 271 271 271 271 271 271 271 271 271 271 271 271 271 271 271 271 271 271 271 271 271 271 271 271 271 271 271 271 271 271 271 271 271 271 271 271 271 271 271 271 271 271 271 271 271 271 271 271 271 271 271 271 271 271 271 271 271 271 271 271 271 271 271 271 271 271 271 271 271 271 271 271 271 271 271 
# name: freq
# type: matrix
# rows: 1
# columns: 359
 50.0 50.0 50.0 50.0 50.0 50.0 50.0 50.0 50.0 50.0 50.0 50.0 50.0 50.0 50.0 50.0 50.0 50.0 50.0 50.0 50.0 50.0 50.0 50.0 50.0 50.0 50.0 50.0 50.0 50.0 50.0 50.0 50.0 50.0 50.0 50.0 50.0 50.0 50.0 50.0 50.0 50.0 50.0 50.0 50.0 50.0 50.0 50.0 50.0 50.0 50.0 50.0 50.0 50.0 50.0 50.0 50.0 50.0 50.0 50.0 50.0 50.0 50.0 50.0 50.0 50.0 50.0 50.0 50.0 50.0 50.0 50.0 50.0 50.0 50.0 50.0 50.0 50.0 50.0 50.0 50.0 50.0 50.0 50.0 50.0 50.0 50.0 50.0 50.0 50.0 50.0 50.0 50.0 50.0 50.0 50.0 50.0 50.0 50.0 50.0 50.0 50.0 50.0 50.0 50.0 50.0 50.0 50.0 50.0 50.0 50.0 50.0 50.0 50.0 50.0 50.0 50.0 50.0 50.0 50.0 50.0 50.0 50.0 50.0 50.0 50.0 50.0 50.0 50.0 50.0 50.0 50.0 50.0 50.0 50.0 50.0 50.0 50.0 50.0 50.0 50.0 50.0 50.0 50.0 50.0 50.0 50.0 50.0 50.0 50.0 50.0 50.0 50.0 50.0 50.0 50.0 50.0 50.0 50.0 50.0 50.0 50.0 50.0 50.0 50.0 50.0 50.0 50.0 50.0 50.0 50.0 50.0 50.0 50.0 50.0 50.0 50.0 50.0 50.0 50.0 50.0 50.0 50.0 50.0 50.0 50.0 50.0 50.0 50.0 50.0 50.0 50.0 50.0 50.0 50.0 50.0 50.0 50.0 50.0 50.0 50.0 50.0 50.0 50.0 50.0 50.0 50.0 50.0 50.0 50.0 50.0 50.0 50.0 50.0 50.0 50.0 50.0 50.0 50.0 50.0 50.0 50.0 50.0 50.0 50.0 50.0 50.0 50.0 50.0 50.0 50.0 50.0 50.0 50.0 50.0 50.0 50.0 50.0 50.0 50.0 50.0 50.0 50.0 50.0 50.0 50.0 50.0 50.0 50.0 50.0 50.0 50.0 50.0 50.0 50.0 50.0 50.0 50.0 50.0 50.0 50.0 50.0 50.0 50.0 50.0 50.0 50.0 50.0 50.0 50.0 50.0 50.0 50.0 50.0 50.0 50.0 50.0 50.0 50.0 50.0 50.0 50.0 50.0 50.0 50.0 50.0 50.0 50.0 50.0 50.0 50.0 50.0 50.0 50.0 50.0 50.0 50.0 50.0 50.0 50.0 50.0 50.0 50.0 50.0 50.0 50.0 50.0 50.0 50.0 50.0 50.0 50.0 50.0 50.0 50.0 50.0 50.0 50.0 50.0 50.0 50.0 50.0 50.0 50.0 50.0 50.0 50.0 50.0 50.0 50.0 50.0 50.0 50.0 50.0 50.0 50.0 50.0 50.0 50.0 50.0 50.0 50.0 50.0 50.0 50.0 50.0 50.0 50.0 50.0 50.0 50.0 50.0 50.0 50.0 50.0 50.0 50.0 50.0 50.0 
# name: reacPower
# type: matrix
# rows: 1
# columns: 359
 -5.62 -5.62 -5.62 -5.62 -5.62 -5.62 -5.62 -5.62 -5.62 -5.62 -5.62 -5.62 -5.62 -5.62 -5.62 -5.62 -5.62 -5.62 -5.62 -5.62 -5.62 -5.62 -5.62 -5.62 -5.62 -5.62 -5.62 -5.62 -5.62 -5.62 -5.62 -5.62 -5.62 -5.62 -5.62 -5.62 -5.62 -5.62 -5.62 -5.62 -5.62 -5.62 -5.62 -5.62 -5.62 -5.62 -5.62 -5.62 -5.62 -5.62 -5.62 -5.62 -5.62 -5.62 -5.62 -5.62 -5.62 -5.62 -5.62 -5.62 -5.62 -5.62 -5.62 -5.62 -5.62 -5.62 -5.62 -5.62 -5.62 -5.62 -5.62 -5.62 -5.62 -5.62 -5.62 -5.62 -5.62 -5.62 -5.62 -5.62 -5.62 -5.62 -5.62 -5.62 -5.62 -5.62 -5.62 -5.62 -5.62 -5.62 -5.62 -5.62 -5.62 -5.62 -5.62 -5.62 -5.62 -5.62 -5.62 -5.62 -5.62 -5.62 -5.62 -5.62 -5.62 -5.62 -5.62 -5.62 -5.62 -5.62 -5.62 -5.62 -5.62 -5.62 -5.62 -5.62 -5.62 -5.62 -5.62 -5.62 -5.62 -5.62 -5.62 28.205 27.893 27.685 27.581 27.372 27.268 27.164 27.164 26.956 26.956 26.852 26.852 26.748 26.644 26.644 26.748 26.644 26.54 26.748 26.644 26.644 26.644 26.54 26.644 26.54 26.436 26.436 26.54 26.54 26.644 -5.62 -5.62 -5.62 -5.62 -5.62 -5.62 -5.62 -5.62 -5.62 -5.62 -5.62 -5.62 -5.62 -5.62 -5.62 -5.62 -5.62 -5.62 -5.62 -5.62 -5.62 -5.62 -5.62 -5.62 -5.62 -5.62 -5.62 -5.62 -5.724 -5.724 -5.724 -5.724 -5.62 -5.62 -5.62 -5.724 -5.62 -5.62 -5.724 -5.724 -5.724 -5.724 -5.62 -5.724 -5.724 -5.724 -5.62 -5.724 -5.724 -5.724 -5.724 -5.724 -5.724 -5.724 -5.724 -5.724 -5.724 -5.724 -5.724 -5.724 -5.724 -5.724 -5.724 -5.724 -5.724 -5.724 -5.62 -5.724 -5.62 -5.724 -5.724 -5.62 -5.62 -5.62 -5.62 -5.62 -5.62 -5.62 -5.62 -5.724 -5.62 -5.62 -5.62 -5.62 -5.62 -5.62 -5.724 -5.62 -5.62 -5.62 -5.62 -5.62 -5.724 -5.724 -5.724 -5.724 -5.62 -5.724 -5.724 -5.724 -5.724 -5.724 -5.724 -5.724 -5.724 -5.62 -5.724 -5.724 506.66 212.01 33.201 27.893 214.092 30.911 27.685 185.366 31.015 27.372 190.674 26.956 26.852 162.572 32.056 26.956 172.147 29.766 26.956 -5.724 -5.724 -5.724 -5.724 -5.724 -5.724 -5.724 -5.724 -5.724 -5.724 -5.724 -5.724 -5.724 -5.724 -5.724 -5.724 -5.724 -5.724 -5.724 -5.724 -5.62 -5.724 -5.62 -5.62 -5.62 -5.62 -5.62 -5.62 -5.62 -5.62 -5.62 -5.62 -5.724 -5.724 -5.724 -5.724 -5.724 -5.724 -5.724 -5.828 -5.724 -5.828 -5.724 -5.724 -5.724 -5.62 -5.62 -5.62 -5.62 -5.62 -5.62 -5.62 -5.62 -5.62 -5.62 -5.62 -5.724 -5.62 -5.62 -5.62 -5.62 -5.62 -5.62 -5.62 -5.62 -5.62 -5.62 -5.62 -5.62 -5.62 -5.62 -5.62 -5.62 -5.62 -5.62 -5.62 -5.62 -5.724 -5.724 
# name: power
# type: matrix
# rows: 1
# columns: 359
 0.104 0.104 0.104 0.104 0.104 0.104 0.104 0.104 0.104 0.104 0.104 0.104 0.104 0.104 0.104 0.104 0.104 0.104 0.104 0.104 0.104 0.104 0.104 0.104 0.104 0.104 0.104 0.104 0.104 0.104 0.104 0.104 0.104 0.104 0.104 0.104 0.104 0.104 0.104 0.104 0.104 0.104 0.104 0.104 0.104 0.104 0.104 0.104 0.104 0.104 0.104 0.104 0.104 0.104 0.104 0.104 0.104 0.104 0.104 0.104 0.104 0.104 0.104 0.104 0.104 0.104 0.104 0.104 0.104 0.104 0.104 0.104 0.104 0.104 0.104 0.104 0.104 0.104 0.104 0.104 0.104 0.104 0.104 0.104 0.104 0.104 0.104 0.104 0.104 0.104 0.104 0.104 0.104 0.104 0.104 0.104 0.104 0.104 0.104 0.104 0.104 0.104 0.104 0.104 0.104 0.104 0.104 0.104 0.104 0.104 0.104 0.104 0.104 0.104 0.104 0.104 0.104 0.104 0.104 0.104 0.104 0.104 0.104 754.682 754.37 752.912 749.061 743.233 738.445 736.364 736.364 734.282 733.762 734.074 733.137 732.825 733.762 731.992 732.617 731.472 731.264 732.096 732.201 731.368 731.16 731.16 731.992 731.368 728.974 730.223 730.223 730.848 732.096 0.104 0.104 0.104 0.104 0.104 0.104 0.104 0.104 0.104 0.104 0.104 0.104 0.104 0.104 0.104 0.104 0.104 0.104 0.104 0.104 0.104 0.104 0.104 0.104 0.104 0.104 0.104 0.104 0.104 0.104 0.104 0.104 0.104 0.104 0.104 0.104 0.104 0.104 0.104 0.104 0.104 0.104 0.104 0.104 0.104 0.104 0.104 0.104 0.104 0.104 0.104 0.104 0.104 0.104 0.104 0.104 0.104 0.104 0.104 0.104 0.104 0.104 0.104 0.104 0.104 0.104 0.104 0.104 0.104 0.104 0.104 0.104 0.104 0.104 0.104 0.104 0.104 0.104 0.104 0.104 0.104 0.104 0.104 0.104 0.104 0.104 0.104 0.104 0.104 0.104 0.104 0.104 0.104 0.104 0.104 0.104 0.104 0.104 0.104 0.104 0.104 0.104 0.104 0.104 0.104 0.104 0.104 0.104 171.419 1043.711 157.993 758.429 1045.689 159.658 759.053 1058.491 126.248 753.017 1053.703 153.205 744.898 1062.237 130.516 742.192 1061.093 129.787 741.36 0.104 0.104 0.104 0.104 0.104 0.104 0.104 0.104 0.104 0.104 0.104 0.104 0.104 0.104 0.104 0.104 0.104 0.104 0.104 0.104 0.104 0.104 0.104 0.104 0.104 0.104 0.104 0.104 0.104 0.104 0.104 0.104 0.104 0.104 0.104 0.104 0.104 0.104 0.104 0.104 0.104 0.104 0.104 0.104 0.104 0.104 0.104 0.104 0.104 0.104 0.104 0.104 0.104 0.104 0.104 0.104 0.104 0.104 0.104 0.104 0.104 0.104 0.104 0.104 0.104 0.104 0.104 0.104 0.104 0.104 0.104 0.104 0.104 0.104 0.104 0.104 0.104 0.104 0.104 
