# name: phAngle
# type: matrix
# rows: 1
# columns: 359
 271 27 4 27 35 1 28 27 1 25 27 1 25 27 1 25 27 0 25 25 0 271 271 271 271 271 271 271 271 271 271 271 271 271 271 271 271 271 271 271 271 271 271 271 271 271 271 271 271 271 271 271 271 271 271 271 271 271 271 271 271 271 271 271 271 271 271 271 271 271 271 271 271 271 271 271 271 271 271 25 72 2 27 72 4 28 73 3 28 73 3 28 73 3 28 71 2 28 271 271 271 271 271 271 271 271 271 271 271 271 271 271 271 271 271 271 271 271 271 271 271 271 271 271 271 271 271 271 271 271 271 271 271 271 271 271 271 271 271 271 271 271 271 271 271 271 271 271 271 271 271 271 271 271 271 271 271 271 271 271 271 271 271 271 271 271 271 271 271 271 271 271 271 271 271 271 271 271 271 271 271 271 271 271 271 271 271 271 271 271 271 271 271 271 271 271 271 271 271 271 271 271 271 271 271 271 271 271 271 271 271 271 271 271 271 271 271 271 271 271 271 271 271 271 271 271 271 271 271 271 271 271 271 271 271 271 271 271 271 271 271 271 271 271 271 271 271 271 6 6 28 6 5 28 5 5 28 271 271 271 271 271 271 271 271 271 271 271 271 271 271 271 271 271 271 271 271 271 271 271 271 271 271 271 271 271 271 271 271 271 271 271 271 271 271 271 271 271 271 271 271 271 271 271 271 271 271 271 271 271 271 271 271 271 271 271 271 271 271 271 271 271 271 271 271 271 271 271 271 271 271 271 271 271 271 271 271 271 271 271 271 271 271 271 271 271 271 271 271 271 271 271 271 271 271 271 271 271 271 
# name: freq
# type: matrix
# rows: 1
# columns: 359
 50.0 50.0 50.0 50.0 50.0 50.0 50.0 50.0 50.0 50.0 50.0 50.0 50.0 50.0 50.0 50.0 50.0 50.0 50.0 50.0 50.0 50.0 50.0 50.0 50.0 50.0 50.0 50.0 50.0 50.0 50.0 50.0 50.0 49.9 50.0 50.0 50.0 50.0 50.0 50.0 49.9 50.0 50.0 50.0 50.0 50.0 50.0 49.9 50.0 50.0 49.9 49.9 50.0 50.0 49.9 49.9 50.0 50.0 49.9 49.9 49.9 49.9 50.0 49.9 49.9 49.9 49.9 49.9 49.9 49.9 49.9 49.9 49.9 49.9 49.9 49.9 49.9 49.9 49.9 49.9 49.9 49.9 49.9 49.9 49.9 49.9 49.9 49.9 49.9 49.9 49.9 49.9 49.9 49.9 49.9 49.9 49.9 49.9 49.9 49.9 49.9 49.9 49.9 49.9 49.9 49.9 49.9 49.9 49.9 49.9 49.9 49.9 49.9 49.9 49.9 49.9 49.9 49.9 49.9 49.9 49.9 49.9 49.9 49.9 49.9 49.9 49.9 49.9 49.9 49.9 49.9 49.9 49.9 49.9 49.9 49.9 49.9 49.9 49.9 49.9 49.9 49.9 49.9 49.9 49.9 49.9 49.9 49.9 49.9 49.9 49.9 49.9 49.9 49.9 49.9 49.9 49.9 49.9 49.9 49.9 49.9 49.9 49.9 49.9 49.9 49.9 49.9 49.9 49.9 49.9 49.9 49.9 50.0 50.0 49.9 50.0 50.0 49.9 50.0 50.0 50.0 50.0 50.0 50.0 50.0 50.0 50.0 50.0 50.0 50.0 50.0 50.0 50.0 50.0 50.0 50.0 50.0 50.0 50.0 50.0 50.0 50.0 50.0 50.0 50.0 50.0 50.0 50.0 50.0 50.0 50.0 50.0 50.0 50.0 50.0 50.0 50.0 50.0 50.0 50.0 50.0 50.0 50.0 50.0 50.0 50.0 50.0 50.0 50.0 50.0 50.0 50.0 50.0 50.0 50.0 50.0 50.0 50.0 50.0 50.0 50.0 50.0 50.0 50.0 50.0 50.0 50.0 50.0 50.0 50.0 50.0 50.0 50.0 50.0 50.0 50.0 50.0 50.0 50.0 50.0 50.0 50.0 50.0 50.0 50.0 50.0 50.0 50.0 50.0 50.0 50.0 50.0 50.0 50.0 50.0 50.0 50.0 50.0 50.0 50.0 50.0 50.0 50.0 50.0 50.0 50.0 50.0 50.0 49.9 50.0 49.9 50.0 49.9 50.0 49.9 50.0 50.0 49.9 50.0 49.9 50.0 49.9 49.9 50.0 49.9 49.9 49.9 49.9 49.9 50.0 49.9 50.0 49.9 50.0 50.0 50.0 49.9 49.9 50.0 49.9 50.0 50.0 49.9 49.9 49.9 49.9 49.9 49.9 49.9 49.9 49.9 49.9 49.9 49.9 49.9 50.0 49.9 49.9 49.9 49.9 49.9 49.9 49.9 50.0 50.0 50.0 50.0 49.9 50.0 49.9 50.0 49.9 49.9 49.9 49.9 50.0 49.9 49.9 49.9 
# name: reacPower
# type: matrix
# rows: 1
# columns: 359
 -5.516 23.313 82.327 21.128 40.07 30.495 22.377 20.92 25.811 20.815 20.711 21.648 20.815 20.607 16.652 20.815 20.607 11.761 20.711 20.711 3.122 -5.516 -5.516 -5.516 -5.516 -5.516 -5.516 -5.516 -5.516 -5.516 -5.516 -5.516 -5.516 -5.516 -5.412 -5.412 -5.412 -5.412 -5.412 -5.412 -5.412 -5.412 -5.412 -5.412 -5.412 -5.412 -5.412 -5.412 -5.412 -5.412 -5.412 -5.412 -5.412 -5.412 -5.412 -5.412 -5.412 -5.412 -5.412 -5.412 -5.412 -5.412 -5.412 -5.412 -5.412 -5.412 -5.412 -5.412 -5.412 -5.412 -5.412 -5.412 -5.308 -5.412 -5.412 -5.412 -5.412 -5.412 -5.412 21.44 423.812 38.717 21.128 425.998 74.521 22.377 483.034 69.213 22.273 478.662 63.592 22.064 482.097 56.827 22.064 436.406 52.143 22.064 -5.412 -5.412 -5.412 -5.412 -5.412 -5.412 -5.412 -5.412 -5.412 -5.412 -5.412 -5.412 -5.412 -5.412 -5.308 -5.412 -5.412 -5.308 -5.308 -5.412 -5.412 -5.308 -5.308 -5.308 -5.308 -5.308 -5.308 -5.308 -5.308 -5.308 -5.308 -5.308 -5.308 -5.308 -5.308 -5.308 -5.308 -5.308 -5.412 -5.308 -5.308 -5.412 -5.412 -5.412 -5.412 -5.412 -5.308 -5.412 -5.412 -5.412 -5.412 -5.412 -5.412 -5.412 -5.412 -5.412 -5.412 -5.412 -5.412 -5.412 -5.412 -5.412 -5.412 -5.412 -5.412 -5.412 -5.412 -5.412 -5.412 -5.412 -5.412 -5.412 -5.412 -5.412 -5.412 -5.412 -5.412 -5.412 -5.412 -5.412 -5.412 -5.412 -5.412 -5.412 -5.412 -5.412 -5.412 -5.412 -5.412 -5.412 -5.412 -5.412 -5.412 -5.412 -5.412 -5.412 -5.412 -5.412 -5.412 -5.412 -5.516 -5.412 -5.516 -5.412 -5.516 -5.412 -5.412 -5.516 -5.516 -5.516 -5.516 -5.412 -5.412 -5.412 -5.412 -5.412 -5.412 -5.412 -5.412 -5.412 -5.412 -5.412 -5.412 -5.412 -5.412 -5.412 -5.412 -5.412 -5.412 -5.412 -5.412 -5.412 -5.412 -5.412 -5.412 -5.412 -5.412 -5.412 -5.412 -5.412 -5.412 -5.412 -5.412 -5.412 -5.412 -5.412 -5.412 -5.412 -5.412 -5.412 124.791 120.316 22.793 123.646 112.822 22.481 108.971 102.102 22.273 -5.516 -5.412 -5.412 -5.516 -5.516 -5.412 -5.412 -5.412 -5.412 -5.412 -5.412 -5.412 -5.412 -5.412 -5.412 -5.412 -5.412 -5.412 -5.412 -5.412 -5.412 -5.412 -5.412 -5.412 -5.412 -5.412 -5.412 -5.412 -5.412 -5.412 -5.412 -5.412 -5.412 -5.412 -5.412 -5.412 -5.412 -5.412 -5.412 -5.412 -5.412 -5.412 -5.412 -5.412 -5.412 -5.412 -5.412 -5.412 -5.412 -5.412 -5.412 -5.412 -5.412 -5.412 -5.412 -5.412 -5.412 -5.412 -5.412 -5.412 -5.412 -5.412 -5.099 -5.412 -5.412 -5.412 -5.412 -5.099 -5.099 -5.412 -5.412 -5.412 -5.412 -5.412 -5.412 -5.412 -5.412 -5.412 -5.412 -5.412 -5.412 -5.412 -5.412 -5.412 -5.412 -5.412 -5.412 -5.412 -5.412 -5.412 -5.412 -5.412 -5.412 -5.412 -5.412 -5.516 -5.412 -5.412 -5.516 -5.412 -5.412 -5.412 
