# name: phAngle
# type: matrix
# rows: 1
# columns: 359
 271 271 271 271 271 271 271 271 271 271 271 271 271 271 271 271 271 271 271 271 271 271 271 271 271 271 271 271 271 271 271 271 271 271 271 271 271 271 271 271 271 271 271 271 271 271 271 271 271 271 271 271 271 271 271 271 271 271 271 271 271 271 271 271 271 271 271 271 271 20 30 49 16 30 61 19 30 52 16 30 58 19 29 64 13 29 64 17 29 61 13 29 66 17 29 71 271 271 271 271 271 271 271 271 271 271 271 271 271 271 271 271 271 271 271 271 271 271 271 271 271 271 271 271 271 271 271 271 271 271 75 29 18 18 29 15 16 29 18 18 29 15 16 29 18 18 29 14 15 29 17 17 28 14 271 271 271 271 271 271 271 271 271 271 271 271 271 271 271 271 271 271 271 271 271 271 271 271 271 271 271 271 271 271 271 271 271 271 271 271 271 271 271 271 271 271 271 271 271 271 271 271 271 271 271 16 16 29 29 17 29 29 16 29 29 17 29 29 16 29 29 18 29 29 16 29 29 18 29 29 16 29 29 18 29 29 16 29 29 18 29 29 17 29 29 18 30 30 17 30 30 18 30 30 17 30 29 17 271 271 271 271 271 271 271 271 271 271 271 271 271 271 271 271 271 271 271 271 271 271 271 271 271 271 271 271 271 271 271 271 271 271 271 271 271 271 271 271 271 271 271 271 271 271 271 271 271 271 271 271 271 271 271 271 271 271 271 271 271 271 271 271 271 271 271 271 271 271 271 67 18 16 68 17 18 68 17 16 70 17 17 271 271 271 271 271 271 271 271 271 271 271 271 271 271 271 271 271 271 
# name: freq
# type: matrix
# rows: 1
# columns: 359
 50.0 50.0 50.0 50.0 50.0 50.0 50.0 50.0 50.0 50.0 50.0 50.0 50.0 50.0 50.0 50.0 50.0 50.0 50.0 50.0 50.0 50.0 50.0 50.0 50.0 50.0 50.0 50.0 50.0 50.0 50.0 50.0 50.0 50.0 50.0 50.0 50.0 50.0 50.0 50.0 50.0 50.0 50.0 50.0 50.0 50.0 50.0 50.0 50.0 50.0 50.0 50.0 50.0 50.0 50.0 50.0 50.0 50.0 50.0 50.0 50.0 50.0 50.0 50.0 50.0 50.0 50.0 50.0 50.0 50.0 50.0 50.0 50.0 50.0 50.0 50.0 50.0 50.1 50.0 50.0 50.0 50.0 50.0 50.0 50.0 50.0 50.0 50.0 50.0 50.0 50.0 50.0 50.0 50.0 50.0 50.0 50.0 50.0 50.0 50.0 50.0 50.0 50.0 50.0 50.0 50.0 50.0 50.0 50.0 50.0 50.0 50.0 50.0 50.0 50.0 50.0 50.0 50.0 50.0 50.0 50.0 50.0 50.0 50.0 50.0 50.0 50.0 50.0 50.0 50.0 50.0 50.0 50.0 50.0 50.0 50.0 50.0 50.0 50.0 50.0 50.0 50.0 50.0 50.0 50.0 50.0 50.0 50.0 50.0 50.0 50.0 50.0 50.0 50.0 50.0 50.0 50.0 50.0 50.0 50.0 50.0 50.0 50.0 50.0 50.0 50.0 50.0 50.0 50.0 50.0 50.0 50.0 50.0 50.0 50.0 50.0 50.0 50.0 50.0 50.0 50.0 50.0 50.0 50.0 50.0 50.0 50.0 50.0 50.0 50.0 50.0 50.0 50.0 50.0 50.0 50.0 50.0 50.0 50.0 50.0 50.0 50.0 50.0 50.0 50.0 50.0 50.0 50.0 50.0 50.0 50.0 50.0 50.0 50.0 50.0 50.0 50.0 50.0 50.0 50.0 50.0 50.0 50.0 50.0 50.0 50.0 50.0 50.0 50.0 50.0 50.0 50.0 50.0 50.0 50.0 50.0 50.0 50.0 50.0 50.0 50.0 50.0 50.0 50.0 50.0 50.0 50.0 50.0 50.0 50.0 50.0 50.0 50.0 50.0 50.0 50.0 50.0 50.0 50.0 50.0 50.0 50.0 50.0 50.0 50.0 50.0 50.0 50.0 50.0 50.0 50.0 50.0 50.0 50.0 50.0 50.0 50.0 50.0 50.0 50.0 49.9 50.0 50.0 50.0 50.0 50.0 50.0 50.0 50.0 50.0 50.0 50.0 50.0 50.0 50.0 50.0 50.0 50.0 50.0 50.0 50.0 50.0 50.0 50.0 50.0 50.0 50.0 50.0 50.0 50.0 49.9 50.0 50.0 50.0 50.0 50.0 50.0 50.0 50.0 50.0 50.0 50.0 50.0 50.0 50.0 50.0 50.0 50.0 50.0 50.0 50.0 50.0 50.0 50.0 50.0 49.9 50.0 50.0 50.0 50.0 50.0 50.0 50.0 50.0 50.0 50.0 50.0 50.0 50.0 50.0 50.0 50.0 50.0 50.0 50.0 50.0 50.0 50.0 50.0 
# name: reacPower
# type: matrix
# rows: 1
# columns: 359
 -5.486 -5.486 -5.486 -5.486 -5.486 -5.486 -5.486 -5.486 -5.486 -5.486 -5.486 -5.59 -5.59 -5.59 -5.59 -5.486 -5.486 -5.486 -5.486 -5.486 -5.486 -5.486 -5.486 -5.486 -5.486 -5.486 -5.486 -5.176 -5.176 -5.176 -5.176 -5.176 -5.176 -5.176 -5.176 -5.176 -5.176 -5.176 -5.176 -5.176 -5.176 -5.176 -5.176 -5.176 -5.176 -5.176 -5.176 -5.176 -5.176 -5.176 -5.176 -5.176 -5.176 -5.176 -5.59 -5.486 -5.486 -5.486 -5.486 -5.486 -5.486 -5.486 -5.486 -5.486 -5.486 -5.486 -5.486 -5.486 -5.486 303.314 24.016 571.743 255.902 23.809 634.165 286.544 23.706 592.24 223.707 23.602 629.404 301.658 23.809 544.206 169.566 21.118 549.693 233.334 21.221 544.103 180.229 21.221 561.287 226.916 21.221 138.613 -5.176 -5.176 -5.279 -5.176 -5.176 -5.279 -5.59 -5.59 -5.59 -5.59 -5.59 -5.486 -5.486 -5.486 -5.486 -5.486 -5.486 -5.486 -5.59 -5.486 -5.486 -5.486 -5.486 -5.486 -5.486 -5.486 -5.59 -5.59 -5.486 -5.59 -5.59 -5.59 -5.486 -5.59 699.073 24.43 335.613 330.437 24.534 279.091 289.132 23.913 324.225 315.012 23.706 267.91 282.196 24.327 316.875 316.875 23.913 255.695 276.088 23.809 308.594 298.449 24.12 240.063 -5.176 -5.176 -5.176 -5.176 -5.176 -5.176 -5.176 -5.176 -5.176 -5.176 -5.176 -5.176 -5.176 -5.176 -5.176 -5.176 -5.176 -5.176 -5.176 -5.59 -5.59 -5.59 -5.486 -5.176 -5.176 -5.176 -5.486 -5.59 -5.486 -5.486 -5.486 -5.176 -5.176 -5.176 -5.59 -5.59 -5.59 -5.486 -5.59 -5.486 -5.486 -5.486 -5.486 -5.176 -5.59 -5.486 -5.486 -5.59 -5.486 -5.486 -5.59 298.656 290.995 24.534 24.12 312.424 24.327 24.43 292.134 24.223 24.12 315.219 24.223 24.12 287.786 24.016 23.913 322.051 24.016 24.016 292.031 24.016 24.016 330.23 23.913 23.809 296.482 23.913 23.913 324.432 23.809 23.706 297.517 23.809 23.706 325.675 23.809 23.602 301.244 23.602 23.602 319.981 23.499 23.499 301.451 23.499 23.499 320.085 23.292 23.292 300.933 23.395 23.602 313.356 -5.59 -5.59 -5.59 -5.59 -5.59 -5.59 -5.59 -5.59 -5.59 -5.59 -5.59 -5.59 -5.59 -5.59 -5.59 -5.486 -5.486 -5.59 -5.486 -5.486 -5.59 -5.59 -5.59 -5.59 -5.59 -5.59 -5.486 -5.486 -5.59 -5.486 -5.59 -5.486 -5.59 -5.486 -5.59 -5.486 -5.176 -5.176 -5.176 -5.176 -5.176 -5.176 -5.176 -5.176 -5.176 -5.176 -5.176 -5.176 -5.176 -5.176 -5.176 -5.176 -5.176 -5.176 -5.176 -5.176 -5.176 -5.176 -5.176 -5.176 -5.176 -5.176 -5.176 -5.176 -5.176 -5.176 -5.176 -5.176 -5.176 -5.176 -5.486 343.48 329.608 267.6 321.948 285.819 290.167 221.326 286.026 266.565 313.252 276.399 280.85 -5.176 -5.176 -5.176 -5.176 -5.279 -5.176 -5.279 -5.59 -5.59 -5.59 -5.59 -5.59 -5.59 -5.59 -5.59 -5.59 -5.59 -5.59 
# name: power
# type: matrix
# rows: 1
# columns: 359
 0.103 0.103 0.103 0.0 0.0 0.103 0.0 0.0 0.103 0.0 0.0 0.103 0.103 0.0 0.103 0.103 0.103 0.103 0.0 0.103 0.103 0.103 0.103 0.103 0.103 0.103 0.0 0.0 0.103 0.0 0.0 0.103 0.0 0.0 0.103 0.103 0.0 0.103 0.103 0.0 0.0 0.0 0.0 0.0 0.0 0.0 0.0 0.0 0.103 0.0 0.103 0.0 0.0 0.0 0.103 0.0 0.0 0.103 0.0 0.103 0.103 0.103 0.103 0.0 0.103 0.0 0.103 0.103 0.103 847.625 40.89 502.28 878.267 40.994 359.836 822.78 41.097 466.773 800.937 41.097 389.547 892.449 41.304 272.258 746.278 38.406 274.018 766.361 38.509 300.312 813.256 38.613 252.589 753.835 38.509 47.722 0.0 0.0 0.0 0.103 0.103 0.103 0.0 0.0 0.103 0.103 0.0 0.0 0.103 0.103 0.0 0.0 0.103 0.0 0.103 0.103 0.0 0.0 0.103 0.103 0.0 0.0 0.0 0.103 0.103 0.0 0.0 0.103 0.103 0.103 192.444 41.408 1010.359 1007.149 43.064 1021.953 1017.812 41.511 1000.421 999.489 41.511 1010.98 1012.015 42.96 1007.253 1006.942 41.822 1003.423 1009.013 41.718 995.969 997.004 43.789 995.866 0.0 0.0 0.0 0.0 0.103 0.103 0.0 0.0 0.0 0.0 0.0 0.103 0.0 0.0 0.0 0.0 0.103 0.0 0.0 0.103 0.0 0.0 0.103 0.103 0.0 0.0 0.103 0.103 0.103 0.0 0.103 0.103 0.103 0.0 0.103 0.0 0.0 0.0 0.103 0.103 0.103 0.103 0.103 0.103 0.103 0.103 0.103 0.103 0.103 0.103 0.0 1012.326 1018.019 41.615 41.304 1006.942 41.718 41.822 1021.746 41.718 41.718 1015.224 41.822 41.822 1018.744 41.511 41.615 1016.88 41.718 41.615 1020.09 41.718 41.718 1013.361 41.615 41.511 1016.156 41.511 41.615 1011.29 41.511 41.408 1016.57 41.408 41.408 1008.909 41.511 41.304 1012.015 41.201 41.304 1003.94 41.201 41.201 1009.116 41.201 41.097 1000.317 40.89 40.994 1004.044 41.097 41.304 1007.771 0.0 0.103 0.0 0.103 0.103 0.0 0.103 0.103 0.103 0.103 0.103 0.0 0.103 0.0 0.103 0.103 0.103 0.0 0.0 0.103 0.0 0.0 0.103 0.103 0.103 0.103 0.103 0.0 0.103 0.103 0.0 0.103 0.103 0.103 0.103 0.103 0.103 0.0 0.103 0.0 0.0 0.103 0.0 0.0 0.103 0.103 0.0 0.103 0.0 0.0 0.103 0.103 0.103 0.103 0.0 0.0 0.103 0.0 0.0 0.0 0.0 0.0 0.0 0.103 0.103 0.0 0.103 0.0 0.103 0.0 0.103 146.17 1006.321 945.451 131.574 926.714 918.95 90.062 927.646 943.07 115.218 933.546 926.818 0.0 0.0 0.103 0.103 0.0 0.0 0.103 0.0 0.103 0.0 0.103 0.103 0.103 0.0 0.103 0.103 0.103 0.0 
