# name: phAngle
# type: matrix
# rows: 1
# columns: 359
 271 271 271 271 271 271 271 271 271 271 271 271 271 271 271 271 271 271 271 271 271 271 271 271 271 271 271 271 271 271 271 271 271 271 271 271 271 271 271 271 271 271 10 9 27 27 69 27 27 72 271 271 271 271 271 271 271 271 271 271 271 271 271 271 271 271 271 271 271 271 271 271 271 271 271 271 271 271 271 271 271 271 271 271 271 271 271 271 271 271 271 271 271 271 271 271 271 271 271 271 271 271 271 271 271 271 271 271 271 271 271 27 27 8 27 27 9 27 271 271 271 271 271 271 271 271 271 271 271 271 271 271 271 271 271 271 271 271 271 271 271 271 271 271 271 271 271 271 271 271 271 271 271 271 271 271 271 271 271 271 271 271 271 271 271 271 271 271 271 271 271 271 271 271 271 271 271 271 271 271 271 271 271 271 271 271 271 271 271 271 271 271 271 27 9 8 27 8 8 27 7 271 271 271 271 271 271 271 271 271 271 271 271 271 271 271 271 271 271 271 271 271 271 271 271 271 271 271 271 271 271 271 271 271 271 271 271 271 271 271 271 271 271 271 271 271 271 271 271 271 271 271 271 271 271 271 271 271 271 271 271 271 271 271 271 271 271 271 271 271 271 271 271 271 271 271 271 271 271 271 271 271 271 271 271 271 271 271 271 271 271 271 271 271 271 271 271 271 7 8 7 7 7 6 271 271 271 271 271 271 271 271 271 271 271 271 271 271 271 271 271 271 271 271 271 7 8 8 8 7 7 7 7 7 271 4 271 271 271 271 271 271 271 271 271 271 271 271 271 271 271 271 271 271 271 271 271 271 271 
# name: freq
# type: matrix
# rows: 1
# columns: 359
 49.9 50.0 50.0 50.0 50.0 50.0 50.0 50.0 50.0 50.0 50.0 50.0 50.0 50.0 50.0 50.0 50.0 50.0 50.0 50.0 50.0 49.9 50.0 50.0 50.0 50.0 50.0 50.0 50.0 50.0 50.0 50.0 50.0 50.0 50.0 50.0 50.0 50.0 50.0 50.0 50.0 50.0 50.0 50.0 50.0 50.0 50.0 50.0 50.0 50.0 50.0 50.0 50.0 50.0 50.0 50.0 50.0 50.0 50.0 50.0 50.0 50.0 50.0 50.0 50.0 50.0 50.0 50.0 50.0 50.0 50.0 50.0 50.0 50.0 50.0 50.0 50.0 50.0 50.0 50.0 50.0 50.0 50.0 50.0 50.0 50.0 50.0 50.0 50.0 50.0 50.0 50.0 50.0 50.0 50.0 50.0 50.0 50.1 50.0 50.0 50.0 50.0 50.0 50.0 50.0 50.0 50.1 50.0 50.0 50.0 50.0 50.0 50.0 50.0 50.0 50.0 50.0 50.0 50.0 50.1 50.0 50.0 50.0 50.0 50.0 50.0 50.0 50.1 50.0 50.0 50.0 50.0 50.0 50.0 50.0 50.0 50.0 50.0 50.0 50.0 50.0 50.0 50.0 50.0 50.0 50.0 50.0 50.0 50.0 50.0 50.0 50.0 50.0 50.0 50.0 50.0 50.0 50.0 50.0 50.0 50.0 50.0 50.0 50.0 50.0 50.0 50.0 50.0 50.0 50.0 50.0 50.0 50.0 50.0 50.0 50.0 50.0 50.0 50.0 50.0 50.0 50.0 50.0 50.0 50.0 50.0 50.0 50.0 50.0 50.0 50.0 50.0 50.0 50.0 50.0 50.0 50.0 50.0 50.0 50.0 50.0 50.0 50.0 50.0 50.0 50.0 50.0 50.0 50.0 50.0 50.0 50.0 50.0 50.0 50.0 50.0 50.0 50.0 50.0 50.0 50.0 50.0 50.0 50.0 50.0 50.0 50.0 50.0 50.0 50.0 50.0 50.0 50.0 50.0 50.0 50.0 50.0 50.0 50.0 50.0 50.0 50.0 50.0 50.0 50.0 50.0 50.0 50.0 50.0 50.0 50.0 50.0 50.0 50.0 50.0 50.0 50.0 50.0 50.0 50.0 50.0 50.0 50.0 50.0 50.0 50.0 50.0 50.0 50.0 50.0 50.0 50.0 50.0 50.0 50.0 50.0 50.0 50.0 50.0 50.0 50.0 50.0 50.0 50.0 50.0 50.0 50.0 50.0 50.0 50.0 50.0 50.0 50.0 50.0 50.0 50.0 50.0 50.0 50.0 50.0 50.0 50.0 50.0 50.0 50.0 50.0 50.0 50.0 50.0 50.0 50.0 50.0 50.0 50.0 50.0 50.0 50.0 50.0 50.0 50.0 50.0 50.0 50.0 50.0 50.0 50.0 50.0 50.0 50.0 50.0 50.0 50.0 50.0 50.0 50.0 50.0 50.0 50.0 50.0 50.0 50.0 50.0 50.0 50.0 50.0 50.0 50.0 50.0 50.0 50.0 50.0 50.0 50.0 50.0 50.0 50.0 50.0 50.0 50.0 
# name: reacPower
# type: matrix
# rows: 1
# columns: 359
 -5.828 -5.828 -5.828 -5.724 -5.828 -5.724 -5.724 -5.724 -5.724 -5.724 -5.724 -5.724 -5.724 -5.828 -5.828 -5.828 -5.828 -5.828 -5.828 -5.828 -5.828 -5.828 -5.828 -5.828 -5.828 -5.828 -5.828 -5.828 -5.828 -5.828 -5.828 -5.828 -5.828 -5.828 -5.828 -5.828 -5.828 -5.828 -5.828 -5.724 -5.828 -5.724 224.291 203.58 24.77 24.562 405.39 24.354 24.25 524.77 -5.828 -5.828 -5.828 -5.724 -5.724 -5.828 -5.828 -5.828 -5.828 -5.724 -5.724 -5.828 -5.828 -5.828 -5.828 -5.724 -5.724 -5.724 -5.828 -5.724 -5.724 -5.724 -5.724 -5.724 -5.724 -5.828 -5.828 -5.828 -5.828 -5.828 -5.828 -5.724 -5.724 -5.724 -5.724 -5.724 -5.724 -5.724 -5.724 -5.724 -5.724 -5.828 -5.724 -5.828 -5.724 -5.828 -5.828 -5.724 -5.828 -5.724 -5.828 -5.828 -5.828 -5.828 -5.828 -5.828 -5.828 -5.828 -5.828 -5.828 -5.828 25.603 25.395 196.086 24.875 24.25 197.855 24.146 -5.828 -5.828 -5.724 -5.828 -5.828 -5.828 -5.724 -5.724 -5.828 -5.828 -5.828 -5.828 -5.724 -5.828 -5.828 -5.828 -5.828 -5.828 -5.828 -5.828 -5.828 -5.828 -5.828 -5.828 -5.828 -5.828 -5.828 -5.828 -5.828 -5.828 -5.828 -5.828 -5.828 -5.828 -5.828 -5.828 -5.828 -5.828 -5.828 -5.828 -5.828 -5.828 -5.828 -5.828 -5.828 -5.828 -5.828 -5.828 -5.828 -5.828 -5.828 -5.828 -5.828 -5.828 -5.828 -5.828 -5.828 -5.828 -5.828 -5.828 -5.828 -5.828 -5.828 -5.828 -5.828 -5.828 -5.828 -5.828 -5.828 -5.828 -5.828 -5.828 -5.828 -5.828 -5.828 27.268 199.416 184.845 24.875 184.637 172.251 24.458 166.319 -5.828 -5.828 -5.828 -5.828 -5.828 -5.828 -5.828 -5.828 -5.828 -5.828 -5.828 -5.828 -5.828 -5.828 -5.828 -5.828 -5.828 -5.828 -5.828 -5.828 -5.828 -5.828 -5.828 -5.828 -5.828 -5.828 -5.828 -5.828 -5.828 -5.828 -5.828 -5.828 -5.828 -5.828 -5.828 -5.828 -5.828 -5.828 -5.828 -5.828 -5.828 -5.828 -5.828 -5.828 -5.828 -5.828 -5.828 -5.828 -5.828 -5.828 -5.828 -5.828 -5.828 -5.828 -5.828 -5.828 -5.828 -5.828 -5.828 -5.724 -5.724 -5.724 -5.724 -5.724 -5.724 -5.724 -5.724 -5.724 -5.724 -5.724 -5.724 -5.62 -5.724 -5.724 -5.62 -5.62 -5.62 -5.62 -5.62 -5.62 -5.62 -5.724 -5.724 -5.724 -5.724 -5.724 -5.724 -5.724 -5.724 -5.724 -5.724 -5.724 -5.724 -5.724 -5.724 -5.724 -5.724 161.948 168.609 152.372 150.083 144.879 141.132 -5.724 -5.724 -5.724 -5.724 -5.724 -5.724 -5.724 -5.724 -5.724 -5.724 -5.724 -5.62 -5.62 -5.62 -5.62 -5.62 -5.62 -5.62 -5.516 -5.516 -5.516 156.952 173.396 180.578 173.188 162.884 168.505 164.029 148.521 158.929 -5.724 33.305 -5.724 -5.724 -5.724 -5.724 -5.724 -5.724 -5.724 -5.724 -5.724 -5.724 -5.724 -5.724 -5.724 -5.724 -5.724 -5.724 -5.724 -5.724 -5.724 -5.724 -5.724 -5.724 -5.724 
