# name: phAngle
# type: matrix
# rows: 1
# columns: 364
 350 350 350 350 350 271 271 4 4 3 3 3 3 3 3 2 2 2 2 2 2 2 2 2 1 1 1 1 1 1 1 1 1 1 271 271 52 1 1 1 1 271 271 271 271 271 271 66 1 1 1 1 1 1 1 1 1 1 1 1 1 1 1 1 1 1 1 1 1 1 1 1 1 1 1 1 1 1 1 1 1 1 1 1 1 1 1 1 1 1 1 1 1 1 1 1 1 1 1 0 0 0 0 0 0 0 1 1 0 1 1 1 1 1 1 1 1 1 1 0 0 1 0 0 0 0 0 1 0 0 0 0 0 0 0 0 0 0 0 0 0 0 0 0 0 0 0 0 0 0 0 0 0 0 0 0 0 0 0 0 0 0 0 0 0 0 0 0 0 0 0 0 0 0 0 0 0 0 0 0 0 0 0 0 0 0 0 0 0 271 271 271 271 271 271 271 271 271 271 271 271 271 271 271 271 271 271 271 271 271 271 271 271 271 271 271 271 271 271 271 271 271 271 271 271 271 271 271 271 271 271 271 271 271 271 271 271 271 271 271 271 271 271 271 271 271 271 271 271 2 2 2 1 1 1 1 1 1 1 1 1 0 0 0 0 0 0 0 0 0 0 0 0 0 0 0 0 0 271 271 271 271 271 271 271 271 271 271 271 271 271 271 271 271 271 271 271 271 271 271 271 271 271 271 271 271 271 271 271 271 271 271 271 271 271 271 271 271 271 271 271 271 271 271 271 271 271 271 271 271 271 271 10 1 1 1 1 1 1 0 0 0 0 0 0 0 0 0 0 0 0 0 0 0 0 0 0 271 271 271 271 271 271 271 
# name: freq
# type: matrix
# rows: 1
# columns: 364
 50.0 50.0 50.0 50.0 50.0 50.0 50.0 50.0 50.0 50.0 50.0 50.0 50.0 50.0 50.0 50.0 50.0 50.0 50.0 50.0 50.0 50.0 50.0 50.0 50.0 50.0 50.0 50.0 50.0 50.0 50.0 50.0 50.0 50.0 50.0 50.0 50.0 50.0 50.0 50.0 50.0 50.0 50.0 50.0 50.0 50.0 50.0 50.0 50.0 50.0 50.0 50.0 50.0 50.0 50.0 50.0 50.0 50.0 50.0 50.0 50.0 50.0 50.0 50.0 50.0 50.0 50.0 50.0 50.0 50.0 50.0 50.0 50.0 50.0 50.0 50.0 50.0 50.0 50.0 50.0 50.0 50.0 50.0 50.0 50.0 50.0 50.0 50.0 50.0 50.0 50.0 50.0 50.0 50.0 50.0 50.0 50.0 50.0 50.0 50.0 50.0 50.0 50.0 50.0 50.0 50.0 50.0 50.0 50.0 50.0 50.0 50.0 50.0 50.0 50.0 50.0 50.0 50.0 50.0 50.0 50.0 50.0 50.0 50.0 50.0 50.0 50.0 50.0 50.0 50.0 50.0 50.0 50.0 50.0 50.0 50.0 50.0 50.0 50.0 50.0 50.0 50.0 50.0 50.0 50.0 50.0 50.0 50.0 50.0 50.0 50.0 50.0 50.0 50.0 50.0 50.0 50.0 50.0 50.0 50.0 50.0 50.0 50.0 50.0 50.0 50.0 50.0 50.0 50.0 50.0 50.0 50.0 50.0 50.0 50.0 50.0 50.0 50.0 50.0 50.0 50.0 50.0 50.0 50.0 50.0 50.0 50.0 50.0 50.0 50.0 50.0 50.0 50.0 50.0 50.0 50.0 50.0 50.0 50.0 50.0 50.0 50.0 50.0 50.0 50.0 50.0 50.0 50.0 50.0 50.0 50.0 50.0 50.0 50.0 50.0 50.0 50.0 50.0 50.0 50.0 50.0 50.0 50.0 50.0 50.0 50.0 50.0 50.0 50.0 50.0 50.0 50.0 50.0 50.0 50.0 50.0 50.0 50.0 50.0 50.0 50.0 50.0 50.0 50.0 50.0 50.0 50.0 50.0 50.0 50.0 50.0 50.0 50.0 50.0 50.0 50.0 50.0 50.0 50.0 50.0 50.0 50.0 50.0 50.0 50.0 50.0 50.0 50.0 50.0 50.0 50.0 50.0 50.0 50.0 50.0 50.0 50.0 50.0 50.0 50.0 50.0 50.0 50.0 50.0 50.0 50.0 50.0 50.0 50.0 50.0 50.0 50.0 50.0 50.0 50.0 50.0 50.0 50.0 50.0 50.0 50.0 50.0 50.0 50.0 50.0 50.0 50.0 50.0 50.0 50.0 50.0 50.0 50.0 50.0 50.0 50.0 50.0 50.0 50.0 50.0 50.0 50.0 50.0 50.0 50.0 50.0 50.0 50.0 50.0 50.0 50.0 50.0 50.0 50.0 50.0 50.0 50.0 50.0 50.0 50.0 50.0 50.0 50.0 50.0 50.0 50.0 50.0 50.0 50.0 50.0 50.0 50.0 50.0 50.0 50.0 50.0 50.0 50.0 50.0 50.0 50.0 50.0 50.0 50.0 
# name: reacPower
# type: matrix
# rows: 1
# columns: 364
 -5.797 -5.9 -5.9 -5.9 -5.9 -5.62 -5.62 85.969 73.376 70.045 67.131 63.488 59.949 55.266 55.058 51.207 49.437 48.293 44.129 42.672 44.337 39.55 37.78 35.178 30.183 31.119 27.997 25.083 25.395 21.44 20.607 23.001 19.775 18.422 -5.724 -5.62 511.656 17.901 18.63 18.63 19.15 -5.62 -5.724 -5.62 -5.62 -5.62 -5.62 160.386 29.35 26.124 27.164 27.581 25.187 30.391 27.789 19.671 26.54 25.915 26.332 24.458 21.752 21.44 28.101 24.77 23.209 25.395 24.77 23.834 26.124 24.042 24.146 29.142 23.417 23.105 24.25 21.336 19.046 23.313 21.856 20.711 23.313 23.209 21.648 23.417 23.001 26.644 26.54 23.834 26.54 27.164 24.875 22.689 25.707 22.064 24.042 22.168 19.358 17.797 15.924 14.363 12.801 13.634 14.05 15.299 15.82 11.656 16.028 16.028 13.634 19.983 19.358 19.358 24.146 24.875 24.458 27.372 26.124 28.517 31.015 11.344 14.258 20.295 14.779 11.656 15.403 10.095 13.946 15.82 9.887 11.552 4.267 1.561 5.203 4.059 0.104 3.746 5.412 1.353 4.995 -1.144 -2.601 1.353 0.52 -0.936 1.457 1.873 1.353 5.724 1.353 0.52 1.873 -1.873 -3.642 -0.208 -3.434 -2.081 0.0 -0.936 -4.059 0.0 -3.434 -1.457 -1.769 2.289 4.475 3.122 1.04 2.81 5.724 2.393 5.308 7.701 5.412 8.95 3.538 4.995 3.955 1.873 -0.52 1.665 -1.665 1.04 0.624 -0.104 -2.081 -6.557 -6.661 -5.203 -6.244 -5.62 -5.62 -5.62 -5.62 -5.62 -5.62 -5.62 -5.62 -5.62 -5.62 -5.62 -5.62 -5.62 -5.62 -5.62 -5.62 -5.62 -5.62 -5.62 -5.62 -5.62 -5.62 -5.62 -5.62 -5.62 -5.62 -5.62 -5.62 -5.62 -5.62 -5.62 -5.62 -5.62 -5.62 -5.62 -5.516 -5.516 -5.516 -5.516 -5.516 -5.516 -5.516 -5.516 -5.516 -5.516 -5.516 -5.516 -5.516 -5.516 -5.516 -5.516 -5.516 -5.516 -5.516 -5.516 -5.516 -5.516 -5.516 -5.62 -5.62 35.178 35.074 33.825 31.119 29.35 29.246 25.603 22.064 19.358 18.942 16.444 16.548 14.571 10.512 9.991 8.118 4.891 5.099 4.787 2.706 3.018 1.248 1.561 2.81 0.936 1.665 0.104 -3.746 -1.561 -5.62 -5.62 -5.62 -5.62 -5.62 -5.62 -5.62 -5.62 -5.62 -5.62 -5.62 -5.62 -5.62 -5.62 -5.62 -5.62 -5.62 -5.62 -5.62 -5.62 -5.62 -5.62 -5.62 -5.62 -5.62 -5.62 -5.62 -5.516 -5.516 -5.516 -5.516 -5.516 -5.516 -5.516 -5.516 -5.516 -5.516 -5.516 -5.516 -5.516 -5.516 -5.516 -5.516 -5.516 -5.516 -5.516 -5.516 -5.516 -5.516 -5.516 -5.516 -5.516 -5.516 -5.516 173.084 26.644 22.793 21.752 18.109 17.797 17.485 15.299 12.281 10.928 8.95 8.742 5.828 4.787 4.683 3.018 0.728 -0.728 -2.185 -2.81 -2.914 -6.765 -6.348 -7.493 -9.991 -5.62 -5.62 -5.62 -5.62 -5.62 -5.62 -5.62 
