# name: phAngle
# type: matrix
# rows: 1
# columns: 355
 271 271 270 271 271 271 271 270 271 270 271 271 271 270 271 270 12 12 12 12 11 11 271 271 271 271 270 271 271 271 271 271 271 270 271 271 271 271 271 271 270 270 271 271 271 271 271 271 271 271 271 271 270 271 271 271 271 270 270 270 271 271 271 271 270 270 271 271 271 271 271 271 271 271 271 271 271 271 271 271 271 271 271 270 271 271 271 271 271 271 271 271 271 271 271 271 270 270 271 271 270 271 271 271 271 271 22 14 13 13 13 13 13 12 12 12 12 12 12 12 11 11 11 11 11 10 10 10 10 9 10 9 9 9 8 9 9 271 271 270 271 271 271 271 271 271 270 270 271 271 270 270 270 271 271 271 271 271 271 271 270 271 270 271 270 271 271 271 271 271 271 271 270 270 271 271 271 271 271 270 271 271 271 271 271 271 10 10 30 10 10 30 10 10 30 10 10 30 10 10 30 12 10 30 10 10 30 11 10 30 12 10 30 12 10 30 12 10 30 15 10 30 13 10 30 13 10 30 16 10 30 15 10 30 13 271 271 270 271 271 271 271 271 271 270 271 271 271 271 271 270 270 271 271 271 271 270 270 271 270 270 271 271 271 271 271 270 271 271 271 271 271 271 270 271 271 271 271 271 271 271 271 271 271 271 271 270 271 271 70 11 30 30 71 30 30 71 30 30 61 29 29 69 29 29 70 29 29 68 29 29 63 29 29 66 271 271 271 71 29 29 10 29 29 12 30 30 11 30 30 12 29 29 10 29 29 9 29 271 271 270 271 271 271 271 271 271 271 271 271 271 271 271 271 271 
# name: freq
# type: matrix
# rows: 1
# columns: 355
 50.0 50.0 50.0 50.0 50.0 50.0 50.0 50.0 50.0 50.0 50.0 50.0 50.0 50.0 50.0 50.0 50.0 50.0 50.0 50.0 50.0 50.0 50.0 50.0 50.0 50.0 50.0 50.0 50.0 50.0 50.0 50.0 50.0 50.0 50.0 50.0 50.0 50.0 50.0 50.0 50.0 50.0 50.0 50.0 50.0 50.0 50.0 50.0 50.0 50.0 50.0 50.0 50.0 50.0 50.0 50.0 50.0 50.0 50.0 50.0 50.0 50.0 50.0 50.0 50.0 50.0 50.0 50.0 50.0 50.0 50.0 50.0 50.0 50.0 50.0 50.0 50.0 50.0 50.0 50.0 50.0 50.0 50.0 50.0 50.0 50.0 50.0 50.0 50.0 50.0 50.0 50.0 50.0 50.0 50.0 50.0 50.0 50.0 50.0 50.0 50.0 50.0 50.0 50.0 50.0 50.0 50.0 50.0 50.0 50.0 50.0 50.0 50.0 50.0 50.0 50.0 50.0 50.0 50.0 50.0 50.0 50.0 50.0 50.0 50.0 50.0 50.0 50.0 50.0 50.0 50.0 50.0 50.0 50.0 50.0 50.0 50.0 50.0 50.0 50.0 50.0 50.0 50.0 50.0 50.0 50.0 50.0 50.0 50.0 50.0 50.0 50.0 50.0 50.0 50.0 50.0 50.0 50.0 50.0 50.0 50.0 50.0 50.0 50.0 50.0 50.0 50.0 50.0 50.0 50.0 50.0 50.0 50.0 50.0 50.0 50.0 50.0 50.0 50.0 50.0 50.0 50.0 50.0 50.0 50.0 49.9 50.0 50.0 50.0 50.0 50.0 50.0 50.0 50.0 50.0 50.0 50.0 50.0 50.0 50.0 50.0 50.0 50.0 50.0 50.0 50.0 50.0 50.0 50.0 50.0 50.0 50.0 50.0 50.0 50.0 50.0 50.0 50.0 50.0 50.0 50.0 50.0 50.0 50.0 50.0 50.0 50.0 50.0 50.0 50.0 50.0 50.0 50.0 50.0 50.0 50.0 50.0 50.0 50.0 50.0 50.0 50.0 50.0 50.0 50.0 50.0 50.0 50.0 50.0 50.0 50.0 50.0 50.0 49.9 50.0 50.0 50.0 50.0 50.0 50.0 50.0 50.0 50.0 50.0 50.0 50.0 50.0 50.0 50.0 50.0 50.0 50.0 50.0 50.0 50.0 50.0 50.0 50.0 50.0 50.0 50.0 50.0 50.0 50.0 50.0 50.0 50.0 49.9 50.0 50.0 50.0 50.0 50.0 50.0 50.0 50.0 50.0 50.0 50.0 50.0 50.0 50.0 50.0 50.0 50.0 50.0 50.0 50.0 50.0 50.0 50.0 50.0 50.0 50.0 50.0 50.0 50.0 50.0 50.0 50.0 50.0 50.0 50.0 50.0 50.0 50.0 50.0 50.0 50.0 50.0 50.0 50.0 50.0 50.0 50.0 50.0 50.0 50.0 50.0 50.0 50.0 50.0 50.0 50.0 50.0 50.0 50.0 50.0 50.0 50.0 50.0 50.0 50.0 50.0 50.0 
# name: reacPower
# type: matrix
# rows: 1
# columns: 355
 -3.623 -3.623 -3.623 -3.623 -3.623 -3.416 -3.416 -3.416 -3.416 -3.416 -3.416 -3.416 -3.416 -3.416 -3.416 -3.416 240.891 234.68 240.27 230.022 222.258 220.912 -3.416 -3.416 -3.416 -3.416 -3.416 -3.416 -3.416 -3.519 -3.519 -3.519 -3.416 -3.416 -3.416 -3.416 -3.416 -3.416 -3.416 -3.416 -3.416 -3.416 -3.416 -3.416 -3.416 -3.416 -3.416 -3.416 -3.416 -3.416 -3.519 -3.519 -3.519 -3.623 -3.623 -3.416 -3.416 -3.416 -3.416 -3.416 -3.416 -3.416 -3.416 -3.416 -3.416 -3.416 -3.416 -3.416 -3.416 -3.416 -3.416 -3.416 -3.416 -3.416 -3.416 -3.416 -3.416 -3.519 -3.519 -3.519 -3.519 -3.519 -3.519 -3.519 -3.519 -3.623 -3.519 -3.519 -3.623 -3.623 -3.623 -3.623 -3.623 -3.623 -3.519 -3.623 -3.519 -3.623 -3.623 -3.623 -3.623 -3.623 -3.623 -3.519 -3.519 -3.519 5.279 277.02 270.188 271.534 263.562 256.42 257.662 245.757 239.753 243.376 232.092 230.022 232.92 228.573 220.394 220.394 214.597 207.04 210.042 203.21 196.274 195.964 184.162 179.711 185.301 174.638 177.537 182.299 160.87 161.181 171.947 -3.519 -3.519 -3.519 -3.519 -3.519 -3.519 -3.519 -3.519 -3.519 -3.519 -3.519 -3.312 -3.312 -3.312 -3.312 -3.312 -3.312 -3.312 -3.312 -3.312 -3.312 -3.312 -3.312 -3.312 -3.312 -3.312 -3.312 -3.312 -3.312 -3.312 -3.312 -3.312 -3.312 -3.312 -3.312 -3.312 -3.312 -3.312 -3.312 -3.416 -3.519 -3.519 -3.519 -3.519 -3.519 -3.519 -3.519 -3.519 -3.519 181.988 192.133 23.706 190.166 181.885 23.395 190.788 182.506 23.292 192.547 183.024 23.188 187.993 187.578 23.292 226.813 191.409 23.188 196.481 184.266 23.292 213.355 189.752 23.085 233.749 195.032 23.395 234.473 196.585 23.395 220.291 198.655 23.292 266.772 186.957 22.981 232.92 186.854 22.981 236.751 181.988 23.085 281.368 196.378 23.188 267.6 187.475 22.981 238.096 -3.416 -3.519 -3.519 -3.519 -3.519 -3.519 -3.519 -3.519 -3.519 -3.519 -3.519 -3.519 -3.519 -3.519 -3.519 -3.519 -3.519 -3.519 -3.519 -3.519 -3.519 -3.519 -3.519 -3.519 -3.519 -3.519 -3.519 -3.519 -3.519 -3.519 -3.416 -3.519 -3.519 -3.519 -3.519 -3.209 -3.209 -3.209 -3.209 -3.209 -3.209 -3.312 -3.312 -3.312 -3.312 -3.312 -3.312 -3.312 -3.312 -3.312 -3.312 -3.312 -3.312 -3.519 456.732 213.666 23.706 23.499 468.119 23.395 23.395 434.992 23.188 23.085 625.056 21.635 21.635 338.097 21.532 21.325 394.102 21.532 21.532 321.12 21.428 21.428 551.142 21.428 21.428 558.596 -3.312 -3.312 -3.312 309.422 21.842 21.739 95.342 21.739 21.635 227.744 22.774 22.774 223.604 22.67 22.67 118.323 21.532 21.428 104.141 21.428 21.428 177.951 21.428 -3.312 -3.312 -3.416 -3.416 -3.416 -3.416 -3.416 -3.416 -3.416 -3.416 -3.416 -3.416 -3.416 -3.416 -3.416 -3.416 -3.416 
# name: power
# type: matrix
# rows: 1
# columns: 355
 0.0 0.0 0.0 0.0 0.0 0.0 0.0 0.0 0.0 0.0 0.0 0.0 0.0 0.0 0.0 0.0 1119.055 1116.467 1120.09 1114.707 1113.672 1112.947 0.0 0.0 0.0 0.0 0.0 0.0 0.0 0.0 0.0 0.0 0.0 0.0 0.0 0.0 0.0 0.0 0.0 0.0 0.0 0.0 0.0 0.0 0.0 0.0 0.0 0.0 0.0 0.0 0.0 0.0 0.0 0.0 0.0 0.0 0.0 0.0 0.0 0.0 0.0 0.0 0.0 0.0 0.0 0.0 0.0 0.0 0.0 0.0 0.0 0.0 0.0 0.0 0.0 0.0 0.0 0.0 0.0 0.0 0.0 0.0 0.0 0.0 0.0 0.0 0.0 0.0 0.0 0.0 0.0 0.0 0.0 0.0 0.0 0.0 0.0 0.0 0.0 0.0 0.0 0.0 0.0 0.0 0.0 0.0 11.076 1147.834 1147.316 1152.906 1142.451 1141.208 1146.281 1132.513 1132.72 1139.863 1127.544 1128.579 1133.755 1125.887 1122.575 1127.854 1116.881 1113.983 1119.987 1110.773 1107.875 1113.154 1100.835 1098.558 1105.183 1093.693 1094.417 1102.285 1086.446 1086.239 1095.556 0.0 0.0 0.0 0.0 0.0 0.0 0.0 0.0 0.0 0.0 0.0 0.0 0.0 0.0 0.0 0.0 0.0 0.0 0.0 0.0 0.0 0.0 0.0 0.0 0.0 0.0 0.0 0.0 0.0 0.0 0.0 0.0 0.0 0.0 0.0 0.0 0.0 0.0 0.0 0.0 0.0 0.0 0.0 0.0 0.0 0.0 0.0 0.0 0.0 1089.966 1097.937 40.787 1097.212 1093.589 40.683 1087.067 1094.728 40.683 1088.206 1094.107 40.683 1093.382 1096.281 40.994 1068.019 1097.523 40.89 1085.204 1095.452 41.097 1089.345 1097.73 40.89 1070.09 1101.25 41.097 1066.984 1100.421 41.201 1082.409 1100.214 41.097 1006.735 1095.349 40.683 1050.214 1094.417 40.787 1028.992 1091.105 40.89 983.443 1100.421 40.994 993.278 1094.728 40.683 1006.839 0.0 0.0 0.0 0.0 0.0 0.0 0.0 0.0 0.0 0.0 0.0 0.0 0.0 0.0 0.0 0.0 0.0 0.0 0.0 0.0 0.0 0.0 0.0 0.0 0.0 0.0 0.0 0.0 0.0 0.0 0.0 0.0 0.0 0.0 0.0 0.0 0.0 0.0 0.0 0.0 0.0 0.0 0.0 0.0 0.0 0.0 0.0 0.0 0.0 0.0 0.0 0.0 0.0 0.0 164.804 1107.254 40.89 40.683 159.421 40.787 40.89 152.589 40.683 40.683 342.031 39.027 39.027 133.023 38.923 38.613 145.549 38.923 38.82 129.504 38.82 38.82 277.745 38.82 38.82 250.415 0.0 0.0 0.0 108.489 39.027 39.027 532.405 39.027 39.027 1122.368 40.476 40.476 1119.055 40.372 40.372 546.173 38.923 38.923 571.743 38.82 38.82 1087.274 38.82 0.0 0.0 0.0 0.0 0.0 0.0 0.0 0.0 0.0 0.0 0.0 0.0 0.0 0.0 0.0 0.0 0.0 
