# name: phAngle
# type: matrix
# rows: 1
# columns: 360
 27 27 27 27 27 27 27 27 27 27 27 27 27 27 27 71 11 11 11 11 11 12 27 27 27 27 27 27 27 27 27 27 27 27 27 27 27 27 27 27 27 27 27 27 27 27 27 27 27 27 27 27 27 27 27 27 27 27 27 27 27 27 27 27 27 27 27 27 27 27 27 27 27 27 27 27 27 27 27 27 27 27 27 27 27 27 27 27 27 27 27 27 27 27 27 27 27 27 27 27 27 27 27 27 27 27 27 27 27 27 27 27 27 27 27 27 27 27 27 27 27 27 27 12 12 12 12 12 12 11 11 11 11 11 11 2 27 27 27 27 27 27 27 27 27 27 27 27 27 27 27 27 27 27 27 27 27 27 27 27 27 27 27 27 27 27 27 27 27 27 27 27 27 27 27 27 27 27 27 27 27 27 27 27 27 27 27 27 27 27 27 27 27 27 27 27 27 27 27 27 27 27 27 27 27 27 27 27 27 27 27 27 27 27 27 27 27 27 27 27 27 27 27 27 27 27 27 27 27 27 27 27 27 27 27 27 27 27 27 27 27 27 27 27 27 27 27 27 27 27 27 27 27 27 27 27 27 27 27 27 27 27 27 27 27 27 27 27 27 27 27 27 2 2 2 2 2 27 27 27 27 27 27 27 27 27 27 27 27 27 27 27 27 27 27 27 27 27 27 27 27 27 27 27 27 27 27 27 27 27 27 27 27 27 27 27 27 27 27 27 27 27 27 27 27 27 27 27 27 27 27 27 27 27 27 27 27 27 27 27 27 27 27 27 27 27 27 27 27 27 27 27 27 27 27 27 27 27 27 27 
# name: freq
# type: matrix
# rows: 1
# columns: 360
 50.0 50.0 50.0 50.0 50.0 50.0 50.0 50.0 50.0 50.0 50.0 50.0 50.0 50.0 50.0 50.0 50.0 50.0 50.0 50.0 50.0 50.0 50.0 50.0 50.0 50.0 50.0 50.0 50.0 50.0 50.0 50.0 50.0 50.0 50.0 50.0 50.0 50.0 50.0 50.0 50.0 50.0 50.0 50.0 50.0 50.0 50.0 50.0 50.0 50.0 50.0 50.0 50.0 50.0 49.9 50.0 50.0 50.0 50.0 50.0 50.0 50.0 50.0 50.0 50.0 49.9 50.0 50.0 50.0 50.0 50.0 50.0 50.0 50.0 50.0 50.0 50.0 50.0 50.0 50.0 50.0 50.0 50.0 49.9 49.9 50.0 50.0 49.9 49.9 50.0 50.0 50.0 49.9 49.9 50.0 50.0 50.0 50.0 50.0 50.0 50.0 50.0 50.0 50.0 50.0 50.0 50.0 50.0 50.0 50.0 50.0 50.0 50.0 50.0 50.0 50.0 50.0 50.0 50.0 50.0 50.0 50.0 50.0 50.0 50.0 50.0 50.0 50.0 50.0 50.0 50.0 50.0 49.9 50.0 50.0 50.0 50.0 50.0 50.0 50.0 50.0 50.0 50.0 50.0 50.0 50.0 50.0 50.0 50.0 50.0 50.0 50.0 50.0 50.0 50.0 50.0 50.0 50.0 50.0 50.0 50.0 50.0 50.0 50.0 50.0 50.0 50.0 50.0 50.0 50.0 50.0 50.0 50.0 50.0 50.0 50.0 50.0 50.0 50.0 50.0 49.9 50.0 50.0 50.0 50.0 50.0 49.9 50.0 50.0 50.0 50.0 50.0 49.9 50.0 50.0 50.0 50.0 50.0 50.0 50.0 50.0 50.0 50.0 50.0 50.0 50.0 50.0 50.0 50.0 50.0 50.0 50.0 50.0 50.0 50.0 50.0 50.0 50.0 50.0 50.0 50.0 50.0 50.0 50.0 50.0 50.0 50.0 50.0 50.0 50.0 50.0 50.0 50.0 50.0 50.0 50.0 50.0 50.0 49.9 50.0 50.0 50.0 50.0 50.0 50.0 50.0 50.0 50.0 50.0 50.0 50.0 50.0 50.0 50.0 50.0 50.0 50.0 50.0 50.0 50.0 50.0 50.0 50.0 50.0 50.0 50.0 50.0 50.0 50.0 50.0 50.0 50.0 50.0 50.0 50.0 50.0 50.0 50.0 50.0 50.0 50.0 50.0 50.0 50.0 50.0 50.0 50.0 50.0 50.0 50.0 50.0 50.0 50.0 49.9 50.0 50.0 50.0 50.0 50.0 50.0 50.0 50.0 50.0 50.0 50.0 50.0 50.0 50.0 50.0 50.0 50.0 50.0 50.0 50.0 50.0 50.0 50.0 50.0 50.0 50.0 50.0 50.0 50.0 50.0 50.1 50.1 50.1 50.1 50.1 50.1 50.1 50.1 50.1 50.1 50.1 50.1 50.1 50.1 50.1 50.1 50.1 50.1 50.1 50.1 50.1 50.1 50.1 50.1 50.1 50.1 50.1 50.1 50.1 50.1 50.1 50.1 50.1 50.1 50.1 50.1 
# name: reacPower
# type: matrix
# rows: 1
# columns: 360
 3.538 3.538 3.538 3.538 3.538 3.538 3.538 3.538 3.642 3.642 3.538 3.538 3.538 3.434 3.538 474.395 297.355 297.876 279.766 282.784 283.096 89.82 3.538 3.538 3.538 3.538 3.538 3.538 3.538 3.538 3.538 3.538 3.538 3.538 3.538 3.538 3.538 3.538 3.538 3.538 3.538 3.538 3.538 3.538 3.538 3.538 3.538 3.538 3.538 3.538 3.538 3.538 3.538 3.538 3.538 3.538 3.538 3.538 3.538 3.538 3.538 3.538 3.538 3.538 3.538 3.642 3.642 3.642 3.642 3.642 3.642 3.642 3.642 3.642 3.642 3.642 3.642 3.642 3.642 3.642 3.642 3.746 3.746 3.746 3.746 3.746 3.746 3.746 3.746 3.746 3.642 3.746 3.746 3.746 3.746 3.746 3.642 3.642 3.746 3.746 3.746 3.746 3.746 3.746 3.746 3.746 3.746 3.746 3.746 3.746 3.746 3.746 3.746 3.746 3.746 3.746 3.746 3.746 3.746 3.746 3.746 3.642 3.642 312.863 300.686 295.69 301.831 303.704 295.898 287.988 284.449 281.223 278.101 277.268 266.548 43.713 3.642 3.642 3.746 3.746 3.746 3.642 3.642 3.642 3.642 3.642 3.642 3.642 3.642 3.642 3.642 3.642 3.642 3.642 3.642 3.642 3.642 3.642 3.642 3.642 3.642 3.642 3.642 3.642 3.642 3.642 3.642 3.642 3.642 3.642 3.642 3.642 3.642 3.642 3.642 3.642 3.642 3.642 3.642 3.642 3.642 3.642 3.642 3.642 3.642 3.642 3.642 3.642 3.642 3.642 3.642 3.642 3.642 3.642 3.642 3.642 3.642 3.642 3.642 3.538 3.642 3.642 3.642 3.642 3.642 3.642 3.642 3.642 3.642 3.642 3.642 3.538 3.642 3.642 3.642 3.642 3.642 3.642 3.642 3.642 3.642 3.642 3.642 3.642 3.642 3.642 3.642 3.538 3.642 3.642 3.538 3.538 3.642 3.642 3.642 3.642 3.642 3.642 3.642 3.642 3.642 3.642 3.642 3.642 3.642 3.642 3.642 3.642 3.642 3.642 3.642 3.642 3.642 3.642 3.642 3.642 3.642 3.642 3.642 3.642 3.642 3.642 3.538 3.642 3.642 3.642 3.538 3.642 3.642 3.538 3.538 3.538 43.193 43.089 43.089 43.089 42.88 3.538 3.538 3.642 3.538 3.642 3.538 3.538 3.642 3.538 3.642 3.538 3.538 3.642 3.538 3.642 3.642 3.642 3.642 3.642 3.642 3.642 3.642 3.642 3.538 3.538 3.538 3.538 3.642 3.642 3.642 3.538 3.642 3.642 3.642 3.642 3.538 3.642 3.538 3.538 3.538 3.538 3.642 3.642 3.642 3.642 3.642 3.642 3.642 3.642 3.642 3.642 3.642 3.642 3.642 3.538 3.642 3.538 3.538 3.538 3.538 3.538 3.642 3.538 3.538 3.538 3.538 3.538 3.642 3.538 3.538 3.538 3.538 3.538 3.538 3.538 3.538 3.538 3.538 3.538 3.538 3.538 3.538 3.538 
# name: power
# type: matrix
# rows: 1
# columns: 360
 4.059 4.059 4.163 4.163 4.059 4.059 4.059 4.163 4.163 4.163 4.059 4.059 4.059 4.163 4.163 163.613 1491.046 1490.005 1473.248 1475.85 1480.43 432.347 4.059 4.059 4.059 4.059 4.059 4.059 4.059 4.059 4.059 4.059 4.059 4.163 4.059 4.163 4.059 4.059 4.163 4.059 4.059 4.059 4.059 4.059 4.059 4.059 4.059 4.059 4.059 4.059 4.059 4.059 4.059 4.059 4.059 4.059 4.059 4.059 4.059 4.059 4.059 4.059 4.059 4.059 4.059 4.059 4.163 4.163 4.163 4.163 4.163 4.163 4.163 4.163 4.163 4.163 4.163 4.163 4.163 4.163 4.163 4.163 4.163 4.163 4.163 4.163 4.163 4.163 4.163 4.163 4.163 4.163 4.163 4.163 4.163 4.163 4.163 4.163 4.163 4.163 4.163 4.163 4.163 4.163 4.163 4.163 4.163 4.163 4.163 4.163 4.163 4.163 4.163 4.163 4.163 4.163 4.163 4.163 4.163 4.163 4.163 4.371 4.683 1467.108 1456.388 1466.171 1472.312 1469.397 1460.863 1450.559 1448.061 1444.939 1438.174 1432.241 1414.964 1401.017 4.579 4.163 4.163 4.163 4.163 4.163 4.163 4.163 4.163 4.163 4.163 4.163 4.163 4.163 4.163 4.163 4.163 4.163 4.163 4.163 4.163 4.163 4.163 4.163 4.163 4.163 4.163 4.163 4.163 4.163 4.163 4.163 4.163 4.163 4.163 4.163 4.163 4.163 4.163 4.163 4.163 4.163 4.163 4.163 4.163 4.163 4.163 4.163 4.163 4.163 4.163 4.163 4.163 4.163 4.163 4.163 4.163 4.163 4.163 4.163 4.163 4.163 4.163 4.059 4.059 4.163 4.163 4.163 4.163 4.163 4.163 4.163 4.163 4.163 4.059 4.163 4.059 4.163 4.163 4.163 4.163 4.163 4.163 4.163 4.163 4.163 4.163 4.163 4.163 4.163 4.163 4.059 4.059 4.163 4.163 4.059 4.163 4.163 4.163 4.163 4.059 4.163 4.163 4.163 4.163 4.059 4.163 4.163 4.163 4.163 4.163 4.163 4.059 4.163 4.163 4.163 4.163 4.163 4.163 4.163 4.163 4.163 4.163 4.059 4.163 4.163 4.163 4.059 4.163 4.059 4.059 4.163 4.163 4.059 4.059 4.059 1383.844 1372.916 1364.173 1355.43 1345.855 4.371 4.059 4.059 4.059 4.163 4.059 4.163 4.163 4.059 4.059 4.163 4.059 4.163 4.059 4.059 4.163 4.163 4.163 4.059 4.163 4.163 4.163 4.163 4.163 4.163 4.163 4.059 4.163 4.163 4.163 4.163 4.163 4.163 4.163 4.163 4.163 4.163 4.163 4.163 4.059 4.163 4.163 4.163 4.163 4.163 4.163 4.163 4.163 4.163 4.163 4.163 4.163 4.163 4.163 4.163 4.163 4.163 4.163 4.163 4.163 4.163 4.163 4.163 4.163 4.163 4.059 4.163 4.163 4.059 4.163 4.163 4.059 4.163 4.059 4.163 4.163 4.163 4.163 4.059 4.163 4.163 4.059 4.059 
