# name: phAngle
# type: matrix
# rows: 1
# columns: 359
 271 271 270 271 271 271 271 271 271 271 271 270 271 271 270 271 271 270 271 271 271 270 270 270 271 270 271 270 271 271 271 271 271 271 271 271 271 270 270 270 271 271 271 271 270 270 270 271 271 271 271 270 270 270 270 271 271 271 271 270 271 271 271 271 271 271 271 271 271 271 271 271 271 271 271 271 271 270 271 270 271 270 270 271 271 271 271 271 270 271 271 271 271 271 271 270 271 270 270 271 271 270 271 271 270 270 271 271 271 271 271 271 270 271 271 271 271 271 270 271 270 270 271 271 270 270 271 271 271 270 271 271 271 271 271 270 270 271 271 271 270 270 270 271 270 271 271 271 271 270 271 270 270 270 270 270 270 270 271 24 5 24 24 5 24 24 5 24 24 5 24 24 5 24 24 4 24 24 271 271 271 271 270 271 270 271 271 271 271 271 270 271 271 271 271 271 271 270 271 271 271 271 271 271 271 271 271 271 270 271 271 271 271 271 75 5 4 4 5 3 3 4 3 3 4 3 3 270 271 271 271 271 271 271 271 271 271 271 271 271 271 270 271 271 271 271 271 271 271 271 271 271 271 271 271 271 271 271 270 271 271 270 271 271 271 271 270 271 271 271 270 270 271 271 24 74 2 24 75 2 24 75 1 24 75 1 24 75 1 24 75 1 24 75 1 24 75 0 24 75 1 24 75 0 24 75 0 24 75 271 271 271 271 271 271 271 270 271 270 271 271 271 271 270 270 271 271 271 271 270 270 270 271 270 270 271 270 271 271 270 271 271 271 270 271 270 271 271 270 271 271 271 271 271 271 270 271 270 270 
# name: freq
# type: matrix
# rows: 1
# columns: 359
 50.0 50.0 50.0 50.0 50.0 50.0 50.0 50.0 50.0 50.0 50.0 50.0 50.0 50.0 50.0 50.0 50.0 50.0 50.0 50.0 50.0 50.0 50.0 50.0 50.0 50.0 50.0 50.0 50.0 50.0 50.0 50.0 50.0 50.0 50.0 50.0 50.0 50.0 50.0 50.0 50.0 50.0 50.0 50.0 50.0 50.0 50.0 50.0 50.0 50.0 50.0 50.0 50.0 50.0 50.0 50.0 50.0 50.0 50.0 50.0 50.0 50.1 50.0 50.0 50.0 50.0 50.0 50.0 50.0 50.0 50.0 50.0 50.0 50.0 50.0 50.0 50.0 50.0 50.0 50.0 50.0 50.0 50.0 50.0 50.0 50.0 50.0 50.0 50.0 50.0 50.0 50.0 50.0 50.0 50.0 50.0 50.0 50.0 50.0 50.0 50.0 50.0 50.0 50.0 50.0 50.0 50.0 50.0 50.0 50.0 50.0 50.0 50.0 50.0 50.0 50.0 50.0 50.0 50.0 50.0 50.0 50.0 50.0 50.0 50.0 50.0 50.0 50.0 50.0 50.0 50.0 50.0 50.0 50.0 50.0 50.0 50.0 50.0 50.0 50.0 50.0 50.0 50.0 50.0 50.0 50.0 50.0 50.0 50.0 50.0 50.0 50.0 50.0 50.0 50.0 50.0 50.0 50.0 50.0 50.0 50.0 50.0 50.0 50.0 50.0 50.0 50.0 50.0 50.0 50.0 50.0 50.0 50.0 50.0 50.0 50.0 50.0 50.0 50.0 50.0 50.0 50.0 50.0 50.0 50.0 50.0 50.0 50.0 50.0 50.0 50.0 50.0 50.0 50.0 50.0 50.0 50.0 50.0 50.0 50.0 50.0 50.0 50.0 50.0 50.0 50.0 50.0 50.0 50.0 50.0 50.0 50.0 50.0 50.0 50.0 50.0 50.0 50.0 50.0 50.0 50.0 50.0 50.0 50.0 50.0 50.0 50.0 50.0 50.0 50.0 50.0 50.0 50.0 50.0 50.0 50.0 50.0 50.0 50.0 50.0 50.0 50.0 50.0 50.0 50.0 50.0 50.0 50.0 50.0 50.0 50.0 50.0 50.0 50.0 50.0 50.0 50.0 50.0 50.0 50.0 50.0 50.0 50.0 50.0 50.0 50.0 50.0 50.0 50.0 50.0 50.0 50.0 50.0 50.0 50.0 50.0 50.0 50.0 50.0 50.0 50.0 50.0 50.0 50.0 50.0 50.0 50.0 50.0 50.0 50.0 50.0 50.0 50.0 50.0 50.0 50.0 50.0 50.0 50.0 50.0 50.0 50.0 50.0 50.0 50.0 50.0 50.0 50.0 50.0 50.0 50.0 50.0 50.0 50.0 50.0 50.0 50.0 50.0 50.0 50.0 50.0 50.0 50.0 50.0 50.0 50.0 50.0 50.0 50.0 50.0 50.0 50.0 50.0 50.0 50.0 50.0 50.0 50.0 50.0 50.0 50.0 50.0 50.0 50.0 50.0 50.0 50.0 50.0 50.0 50.0 50.0 50.0 50.0 50.0 50.0 50.0 50.0 50.0 50.0 
# name: reacPower
# type: matrix
# rows: 1
# columns: 359
 -5.308 -5.308 -5.308 -5.308 -5.308 -5.308 -5.308 -5.308 -5.203 -5.308 -5.308 -5.308 -5.308 -5.308 -5.308 -5.308 -5.308 -5.308 -5.203 -5.308 -5.308 -5.203 -5.308 -5.308 -5.308 -5.308 -5.308 -5.308 -5.308 -5.308 -5.308 -5.308 -5.308 -5.308 -5.308 -5.308 -5.308 -5.308 -5.308 -5.308 -5.308 -5.308 -5.308 -5.308 -5.308 -5.308 -5.308 -5.308 -5.308 -5.203 -5.203 -5.308 -5.203 -5.203 -5.203 -5.203 -5.308 -5.203 -5.308 -5.203 -5.308 -5.308 -5.308 -5.308 -5.308 -5.308 -5.308 -5.308 -5.203 -5.203 -5.308 -5.203 -5.308 -5.308 -5.308 -5.308 -5.308 -5.308 -5.308 -5.308 -5.308 -5.203 -5.308 -5.203 -5.308 -5.308 -5.308 -5.308 -5.308 -5.203 -5.203 -5.203 -5.308 -5.203 -5.203 -5.203 -5.203 -5.203 -5.203 -5.203 -5.203 -5.203 -5.203 -5.203 -5.203 -5.203 -5.203 -5.203 -5.203 -5.203 -5.203 -5.203 -5.203 -5.203 -5.203 -5.308 -5.203 -5.203 -5.203 -5.203 -5.203 -5.203 -5.203 -5.203 -5.203 -5.203 -5.203 -5.203 -5.203 -5.203 -5.203 -5.203 -5.203 -5.203 -5.203 -5.203 -5.203 -5.203 -5.203 -5.203 -5.203 -5.203 -5.203 -5.203 -5.203 -5.203 -5.203 -5.203 -5.203 -5.203 -5.203 -5.203 -5.203 -5.203 -5.308 -5.203 -5.308 -5.203 -5.308 16.86 96.065 16.756 16.86 91.069 16.652 16.652 97.418 16.548 16.756 91.486 16.652 16.444 91.069 16.444 16.444 81.702 16.444 16.34 -5.203 -5.308 -5.203 -5.203 -5.203 -5.203 -5.203 -5.203 -5.203 -5.203 -5.203 -5.203 -5.203 -5.203 -5.203 -5.203 -5.203 -5.203 -4.995 -5.203 -5.099 -5.203 -5.203 -5.203 -5.203 -5.203 -5.203 -5.203 -5.203 -5.203 -5.203 -5.203 -5.203 -5.203 -5.308 -5.308 538.82 94.712 77.019 73.063 87.01 49.75 62.239 73.48 60.366 54.433 72.023 50.166 49.75 -5.308 -5.203 -5.308 -5.308 -5.308 -5.308 -5.308 -5.308 -5.308 -5.308 -5.203 -5.308 -5.308 -5.308 -5.308 -5.308 -5.308 -5.308 -5.308 -5.308 -5.308 -5.308 -5.308 -5.308 -5.308 -5.308 -5.308 -5.308 -5.308 -5.308 -5.308 -5.203 -5.308 -5.308 -5.203 -5.308 -5.308 -5.308 -5.308 -5.308 -5.308 -5.099 -5.308 -5.308 -5.203 -5.099 -5.203 16.444 497.501 35.595 16.34 503.225 33.721 16.236 491.88 27.893 16.132 496.148 21.648 16.132 501.144 26.019 16.028 509.47 22.377 16.132 495.523 23.313 16.028 505.099 11.032 16.028 501.352 17.901 16.132 505.827 11.136 16.028 500.623 13.634 15.924 343.671 -5.203 -5.203 -5.099 -5.203 -5.099 -5.099 -5.099 -5.099 -5.099 -5.099 -5.099 -5.099 -5.099 -5.099 -5.099 -5.203 -5.099 -5.099 -5.099 -5.099 -5.099 -5.099 -5.099 -5.099 -5.099 -5.099 -5.203 -5.099 -5.203 -5.203 -5.099 -5.099 -5.099 -5.099 -5.099 -5.099 -5.099 -5.203 -5.203 -5.099 -5.203 -5.203 -5.203 -5.203 -5.203 -5.203 -5.203 -5.203 -5.099 -5.203 
# name: power
# type: matrix
# rows: 1
# columns: 359
 0.0 0.0 0.0 0.0 0.0 0.0 0.0 0.0 0.0 0.0 0.0 0.0 0.0 0.0 0.0 0.0 0.0 0.0 0.0 0.0 0.0 0.0 0.0 0.0 0.0 0.0 0.0 0.0 0.0 0.0 0.0 0.0 0.0 0.0 0.0 0.0 0.0 0.0 0.0 0.0 0.0 0.0 0.0 0.0 0.0 0.0 0.0 0.0 0.0 0.0 0.0 0.0 0.0 0.0 0.0 0.0 0.0 0.0 0.0 0.0 0.0 0.0 0.0 0.0 0.0 0.0 0.0 0.0 0.0 0.0 0.0 0.0 0.0 0.0 0.0 0.0 0.0 0.0 0.0 0.0 0.0 0.0 0.0 0.0 0.0 0.0 0.0 0.0 0.0 0.0 0.0 0.0 0.0 0.0 0.0 0.0 0.0 0.0 0.0 0.0 0.0 0.0 0.0 0.0 0.0 0.0 0.0 0.0 0.0 0.0 0.0 0.0 0.0 0.0 0.0 0.0 0.0 0.0 0.0 0.0 0.0 0.0 0.0 0.0 0.0 0.0 0.0 0.0 0.0 0.0 0.0 0.0 0.0 0.0 0.0 0.0 0.0 0.0 0.0 0.0 0.0 0.0 0.0 0.0 0.0 0.0 0.0 0.0 0.0 0.0 0.0 0.0 0.0 0.0 0.0 0.0 0.0 0.0 0.0 37.26 1079.515 37.26 37.468 1078.162 37.364 37.26 1076.184 37.26 37.572 1075.768 37.468 37.156 1072.333 37.156 37.156 1069.731 37.156 37.156 0.0 0.0 0.0 0.0 0.0 0.0 0.0 0.0 0.0 0.0 0.0 0.0 0.0 0.0 0.0 0.0 0.0 0.0 0.0 0.0 0.0 0.0 0.0 0.0 0.0 0.0 0.0 0.0 0.0 0.0 0.0 0.0 0.0 0.0 0.0 0.0 144.566 1077.121 1076.288 1072.333 1073.374 1061.197 1067.233 1066.609 1068.795 1066.401 1067.337 1063.174 1062.55 0.0 0.0 0.0 0.0 0.0 0.0 0.0 0.0 0.0 0.0 0.0 0.0 0.0 0.0 0.0 0.0 0.0 0.0 0.0 0.0 0.0 0.0 0.0 0.0 0.0 0.0 0.0 0.0 0.0 0.0 0.0 0.0 0.0 0.0 0.0 0.0 0.0 0.0 0.0 0.0 0.0 0.0 0.0 0.0 0.0 0.0 0.0 36.844 139.362 1043.295 36.844 135.928 1041.734 36.74 133.638 1038.924 36.636 134.158 1037.362 36.74 135.095 1038.924 36.636 136.552 1035.905 36.74 134.262 1035.593 36.636 135.928 1032.158 36.74 135.407 1034.656 36.74 136.032 1030.701 36.636 135.303 1030.909 36.636 92.63 0.0 0.0 0.0 0.0 0.0 0.0 0.0 0.0 0.0 0.0 0.0 0.0 0.0 0.0 0.0 0.0 0.0 0.0 0.0 0.0 0.0 0.0 0.0 0.0 0.0 0.0 0.0 0.0 0.0 0.0 0.0 0.0 0.0 0.0 0.0 0.0 0.0 0.0 0.0 0.0 0.0 0.0 0.0 0.0 0.0 0.0 0.0 0.0 0.0 0.0 
