# name: phAngle
# type: matrix
# rows: 1
# columns: 359
 271 271 271 271 271 271 271 271 271 271 271 271 271 271 271 271 271 271 271 271 271 271 271 271 271 271 271 271 271 271 271 271 271 271 271 15 14 15 15 14 14 13 13 12 12 12 12 11 10 10 9 10 9 9 7 8 8 7 7 7 6 7 6 4 6 271 271 271 271 271 271 271 271 271 271 271 271 271 271 271 271 271 271 271 271 271 271 271 271 271 271 271 271 271 271 271 271 271 271 271 271 271 271 271 271 271 271 271 271 271 271 271 271 271 271 271 271 271 271 271 271 271 271 271 271 271 271 271 271 271 271 271 271 271 271 271 271 271 271 271 271 271 271 271 271 271 271 271 271 271 271 271 271 271 271 271 271 271 271 271 271 271 271 271 271 271 2 2 7 2 2 8 2 2 7 2 2 8 2 2 8 271 271 271 271 271 271 271 271 271 271 271 271 271 271 271 271 271 271 271 271 271 271 271 271 271 271 271 271 271 271 271 271 271 271 271 271 271 271 271 271 271 271 271 271 271 271 271 271 271 271 271 271 271 271 271 271 271 271 271 271 271 271 271 271 271 271 2 9 10 2 8 9 2 9 9 2 7 9 2 8 8 2 6 8 2 271 271 271 271 271 271 271 271 271 271 271 271 271 271 271 271 271 271 271 271 271 271 271 271 271 271 271 271 271 271 271 271 271 271 271 271 271 271 271 271 271 271 271 271 271 271 271 271 271 271 271 271 271 271 271 271 271 271 271 271 271 22 7 2 7 8 2 8 7 2 7 8 2 271 271 271 271 271 271 271 271 271 271 271 271 271 271 271 271 271 271 271 271 
# name: freq
# type: matrix
# rows: 1
# columns: 359
 50.0 50.0 50.0 50.0 50.0 50.0 50.0 50.0 50.0 50.0 50.0 50.0 50.0 50.0 50.0 50.0 50.0 50.0 50.0 50.0 50.0 50.0 50.0 50.0 50.0 50.0 50.0 50.0 50.0 50.0 50.0 50.0 50.0 50.0 50.0 50.0 50.0 50.0 50.0 50.0 50.0 50.0 50.0 50.0 50.0 50.0 50.0 50.0 50.0 50.0 50.0 50.0 50.0 50.0 50.0 50.0 50.0 50.0 50.0 50.0 50.0 50.0 50.0 50.0 50.0 50.0 50.0 50.0 50.0 50.0 50.0 50.0 50.0 50.0 50.0 50.0 50.0 50.0 50.0 50.0 50.0 50.0 50.0 50.0 50.0 50.0 50.0 50.0 50.0 50.0 50.0 50.0 50.0 50.0 50.0 50.0 50.0 50.0 50.0 50.0 50.0 50.0 50.0 50.0 50.0 50.0 50.0 50.0 50.0 50.0 50.0 50.0 50.0 50.0 50.0 50.0 50.0 50.0 50.0 50.0 50.0 50.0 50.0 50.0 50.0 50.0 50.0 50.0 50.0 50.0 50.0 50.0 50.0 50.0 50.0 50.0 50.0 50.0 50.0 50.0 50.0 50.0 50.0 50.0 50.0 50.0 50.0 50.0 50.0 50.0 50.0 50.0 50.0 50.0 50.0 50.0 50.0 50.0 50.0 50.0 50.0 50.0 50.0 50.0 50.0 50.0 50.0 50.0 50.0 50.0 50.0 50.0 50.0 50.0 50.0 50.0 50.0 50.0 50.0 50.0 50.0 50.0 50.0 50.0 50.0 50.0 50.0 50.0 50.0 50.0 50.0 50.0 50.0 50.0 50.0 50.0 50.0 50.0 50.0 50.0 50.0 50.0 50.0 50.0 50.0 50.0 50.0 50.0 50.0 50.0 50.0 50.0 50.0 50.0 50.0 50.0 50.0 50.0 50.0 50.0 50.0 50.0 50.0 50.0 50.0 50.0 50.0 50.0 50.0 50.0 50.0 50.0 50.0 50.0 50.0 50.0 50.0 50.0 50.0 50.0 50.0 50.0 50.0 50.0 50.0 50.0 50.0 50.0 50.0 50.0 50.0 50.0 50.0 50.0 50.0 50.0 50.0 50.0 50.0 50.0 50.0 50.0 50.0 50.0 50.0 50.0 50.0 50.0 50.0 50.0 50.0 50.0 50.0 50.0 50.0 50.0 50.0 50.0 50.0 50.0 50.0 50.0 50.0 50.0 50.0 50.0 50.0 50.0 50.0 50.0 50.0 50.0 50.0 50.0 50.0 50.0 50.0 50.0 50.0 50.0 50.0 50.0 50.0 50.0 50.0 50.0 50.0 50.0 50.0 50.0 50.0 50.0 50.0 50.0 50.0 50.0 50.0 50.0 50.0 50.0 50.0 50.0 50.0 50.0 50.0 50.0 50.0 50.0 50.0 50.0 50.0 50.0 50.0 50.0 50.0 50.0 50.0 50.0 50.0 50.0 50.0 50.0 50.0 50.0 50.0 50.0 50.0 50.0 50.0 50.0 50.0 50.0 50.0 50.0 50.0 50.0 50.0 50.0 50.0 
# name: reacPower
# type: matrix
# rows: 1
# columns: 359
 -5.724 -5.724 -5.724 -5.724 -5.724 -5.62 -5.62 -5.62 -5.62 -5.724 -5.724 -5.724 -5.62 -5.412 -5.724 -5.724 -5.724 -5.724 -5.724 -5.724 -5.62 -5.62 -5.724 -5.724 -5.62 -5.62 -5.62 -5.724 -5.62 -5.62 -5.62 -5.62 -5.62 -5.516 -5.62 272.793 261.656 263.634 258.43 247.605 244.275 239.383 231.785 225.54 209.512 211.906 213.363 199.104 184.325 177.039 171.315 177.976 165.694 161.323 133.638 144.67 146.232 129.683 132.077 132.493 103.143 125.936 108.971 78.163 106.681 -5.62 -5.62 -5.62 -5.62 -5.62 -5.724 -5.724 -5.724 -5.62 -5.62 -5.724 -5.62 -5.516 -5.62 -5.62 -5.62 -5.62 -5.62 -5.62 -5.62 -5.62 -5.62 -5.62 -5.62 -5.62 -5.62 -5.62 -5.62 -5.62 -5.62 -5.62 -5.62 -5.62 -5.62 -5.62 -5.62 -5.62 -5.62 -5.62 -5.62 -5.62 -5.62 -5.62 -5.62 -5.62 -5.516 -5.62 -5.62 -5.724 -5.724 -5.62 -5.62 -5.62 -5.62 -5.62 -5.62 -5.62 -5.62 -5.62 -5.724 -5.516 -5.724 -5.62 -5.62 -5.62 -5.62 -5.62 -5.62 -5.62 -5.724 -5.62 -5.62 -5.62 -5.62 -5.62 -5.62 -5.62 -5.62 -5.62 -5.62 -5.62 -5.62 -5.724 -5.724 -5.62 -5.62 -5.62 -5.62 -5.62 -5.62 -5.62 -5.62 -5.62 -5.62 -5.62 -5.62 -5.62 -5.62 -5.62 -5.62 -5.62 24.875 27.477 133.013 27.164 26.956 144.15 26.748 30.391 137.281 26.332 26.436 150.083 26.436 26.436 148.105 -5.62 -5.62 -5.62 -5.62 -5.62 -5.62 -5.62 -5.62 -5.62 -5.62 -5.62 -5.62 -5.62 -5.62 -5.62 -5.62 -5.62 -5.62 -5.62 -5.62 -5.62 -5.62 -5.62 -5.62 -5.62 -5.62 -5.62 -5.62 -5.62 -5.62 -5.62 -5.62 -5.62 -5.62 -5.62 -5.62 -5.62 -5.62 -5.62 -5.62 -5.62 -5.62 -5.62 -5.62 -5.62 -5.62 -5.62 -5.62 -5.62 -5.62 -5.62 -5.62 -5.62 -5.62 -5.62 -5.62 -5.62 -5.62 -5.62 -5.62 -5.62 -5.62 -5.62 -5.62 -5.62 -5.62 27.685 165.59 174.645 27.164 154.038 170.898 26.956 159.137 156.744 26.644 132.805 161.219 26.436 138.426 139.675 26.644 119.275 143.421 26.644 -5.62 -5.62 -5.62 -5.62 -5.62 -5.62 -5.62 -5.62 -5.62 -5.62 -5.62 -5.62 -5.62 -5.62 -5.62 -5.62 -5.62 -5.62 -5.62 -5.62 -5.62 -5.62 -5.62 -5.62 -5.62 -5.62 -5.62 -5.62 -5.62 -5.62 -5.62 -5.62 -5.62 -5.62 -5.62 -5.62 -5.62 -5.62 -5.62 -5.62 -5.62 -5.62 -5.62 -5.62 -5.62 -5.62 -5.62 -5.62 -5.62 -5.62 -5.62 -5.62 -5.62 -5.62 -5.62 -5.62 -5.62 -5.62 -5.62 -5.62 -5.62 299.125 123.542 27.372 121.565 150.811 27.164 144.983 129.058 26.748 121.669 140.611 17.901 -5.62 -5.62 -5.62 -5.62 -5.62 -5.62 -5.62 -5.62 -5.62 -5.62 -5.62 -5.62 -5.62 -5.62 -5.62 -5.62 -5.62 -5.62 -5.62 -5.62 
# name: power
# type: matrix
# rows: 1
# columns: 359
 0.104 0.104 0.104 0.104 0.104 0.104 0.104 0.104 0.104 0.104 0.104 0.104 0.104 0.104 0.104 0.104 0.104 0.104 0.104 0.104 0.104 0.104 0.104 0.104 0.104 0.104 0.104 0.104 0.104 0.104 0.104 0.104 0.104 0.104 0.104 1021.022 1023.624 1008.74 1006.034 1021.646 1021.022 1022.479 1031.534 1031.326 1032.887 1036.218 1028.516 1034.656 1049.644 1046.938 1047.458 1031.118 1032.887 1035.177 1056.617 1049.852 1045.272 1030.077 1052.87 1049.436 1061.509 1045.168 1051.517 1001.975 1055.889 0.104 0.104 0.104 0.104 0.104 0.104 0.104 0.104 0.104 0.104 0.104 0.104 0.104 0.104 0.104 0.104 0.104 0.104 0.104 0.104 0.104 0.104 0.104 0.104 0.104 0.104 0.104 0.104 0.104 0.104 0.104 0.104 0.104 0.104 0.104 0.104 0.104 0.104 0.104 0.104 0.104 0.104 0.104 0.104 0.104 0.104 0.104 0.104 0.104 0.104 0.104 0.104 0.104 0.104 0.104 0.104 0.104 0.104 0.104 0.104 0.104 0.104 0.104 0.104 0.104 0.104 0.104 0.104 0.104 0.104 0.104 0.104 0.104 0.104 0.104 0.104 0.104 0.104 0.104 0.104 0.104 0.104 0.104 0.104 0.104 0.104 0.104 0.104 0.104 0.104 0.104 0.104 0.104 0.104 0.104 0.104 0.104 0.104 0.104 0.104 0.104 0.104 748.645 1058.282 746.564 743.129 1044.96 740.943 735.219 1050.476 732.409 730.223 1039.34 731.888 730.952 1049.123 0.104 0.104 0.104 0.104 0.104 0.104 0.104 0.104 0.104 0.104 0.104 0.104 0.104 0.104 0.104 0.104 0.104 0.104 0.104 0.104 0.104 0.104 0.104 0.104 0.104 0.104 0.104 0.104 0.104 0.104 0.104 0.104 0.104 0.104 0.104 0.104 0.104 0.104 0.104 0.104 0.104 0.104 0.104 0.104 0.104 0.104 0.104 0.104 0.104 0.104 0.104 0.104 0.104 0.104 0.104 0.104 0.104 0.104 0.104 0.104 0.104 0.104 0.104 0.104 0.104 0.104 750.206 1049.956 1038.924 748.645 1057.45 1046.105 748.125 1047.562 1043.607 745.315 1057.97 1045.168 741.36 1049.436 1050.06 743.649 1059.635 1046.834 745.835 0.104 0.104 0.104 0.104 0.104 0.104 0.104 0.104 0.104 0.104 0.104 0.104 0.104 0.104 0.104 0.104 0.104 0.104 0.104 0.104 0.104 0.104 0.104 0.104 0.104 0.104 0.104 0.104 0.104 0.104 0.104 0.104 0.104 0.104 0.104 0.104 0.104 0.104 0.104 0.104 0.104 0.104 0.104 0.104 0.104 0.104 0.104 0.104 0.104 0.104 0.104 0.104 0.104 0.104 0.104 0.104 0.104 0.104 0.104 0.104 0.104 741.984 1054.431 748.541 1057.242 1047.354 752.288 1049.956 1052.974 748.333 1049.123 1042.67 530.91 0.104 0.104 0.104 0.104 0.104 0.104 0.104 0.104 0.104 0.104 0.104 0.104 0.104 0.104 0.104 0.104 0.104 0.104 0.104 0.104 
