# name: phAngle
# type: matrix
# rows: 1
# columns: 359
 27 27 27 27 27 27 27 27 27 27 27 27 27 27 27 27 27 27 27 27 27 27 27 27 27 27 27 27 27 27 74 11 70 11 34 27 27 27 27 27 27 27 27 27 27 27 27 27 27 27 27 27 27 27 27 27 27 27 27 27 27 27 27 27 27 27 27 27 27 27 27 27 27 27 27 27 27 27 27 27 27 27 27 27 27 27 27 27 27 27 27 27 27 27 27 27 27 27 27 27 27 27 27 27 27 27 27 27 27 27 27 27 27 27 27 27 27 27 27 27 27 27 27 27 27 27 12 12 12 11 12 11 11 11 10 27 27 27 27 27 27 27 27 27 27 27 27 27 27 27 27 27 27 27 27 27 27 27 27 27 27 27 27 27 27 27 27 27 27 27 27 27 27 27 27 27 27 27 27 27 27 27 27 27 27 27 27 27 27 27 27 27 27 27 27 27 27 27 27 27 27 27 27 27 27 27 27 27 27 27 27 27 27 27 27 27 27 27 27 27 27 27 27 27 27 27 27 27 27 27 27 27 27 27 27 27 27 27 27 27 27 27 27 27 27 27 27 27 27 27 27 27 27 27 27 27 27 27 27 27 27 27 27 27 27 27 27 27 27 27 27 27 27 27 27 72 12 12 12 11 12 12 11 11 11 11 11 27 27 27 27 27 27 27 27 27 27 27 27 27 27 27 27 27 27 27 27 27 27 27 27 27 27 27 27 27 27 27 27 27 27 27 27 27 27 27 27 27 27 27 27 27 27 27 27 27 27 27 27 27 27 27 27 27 27 27 27 27 27 27 27 27 27 27 27 27 27 27 27 
# name: freq
# type: matrix
# rows: 1
# columns: 359
 50.0 50.1 50.1 50.1 50.1 50.0 50.1 50.1 50.1 50.1 50.0 50.0 50.0 50.0 50.1 50.1 50.1 50.1 50.0 50.1 50.1 50.1 50.1 50.0 50.0 50.0 50.0 50.0 50.1 50.1 50.1 50.1 50.1 50.1 50.0 50.1 50.0 50.0 50.0 50.0 50.0 50.1 50.1 50.0 50.0 50.1 50.0 50.0 50.0 50.0 50.0 50.0 50.0 50.0 50.0 50.0 50.0 50.0 50.0 50.0 50.0 50.0 50.0 50.0 50.0 50.0 50.0 50.0 50.0 50.0 50.0 50.0 50.0 50.0 50.0 50.0 50.0 50.0 50.0 50.0 50.0 50.0 50.0 50.0 50.0 50.0 50.0 50.0 50.0 50.1 50.0 50.0 50.0 50.0 50.0 50.0 50.0 50.0 50.0 50.0 50.0 50.0 50.0 50.0 50.0 50.0 50.0 50.0 50.0 50.0 50.0 50.0 50.0 50.0 50.0 50.0 50.0 50.0 50.0 50.0 50.0 50.0 50.0 50.0 50.0 50.0 50.0 50.0 50.0 50.0 50.0 50.0 50.0 50.0 50.0 50.0 50.0 50.0 50.0 50.0 50.0 50.0 50.0 50.0 50.0 50.0 50.0 50.0 50.0 50.0 50.0 50.0 50.0 50.0 50.0 50.0 50.0 50.0 50.0 50.0 50.0 50.0 50.0 50.0 50.0 50.0 50.0 50.0 50.0 50.0 50.0 50.0 50.0 50.0 50.0 50.0 50.0 50.0 50.0 50.0 50.0 50.0 50.0 50.0 50.0 50.0 50.0 50.0 50.0 50.0 50.0 50.0 50.0 50.0 50.0 50.0 50.0 50.0 50.0 50.0 50.0 50.0 50.0 50.0 50.0 50.0 50.0 50.0 50.0 50.0 50.0 50.0 50.0 50.0 50.0 50.0 50.0 50.0 50.0 50.0 50.0 50.0 50.0 50.0 50.0 50.0 50.0 50.0 50.0 50.0 50.0 50.0 50.0 50.0 50.0 50.0 50.0 50.0 50.0 50.0 50.0 50.0 50.0 50.0 50.0 50.0 50.0 50.0 50.0 50.0 50.0 50.0 50.0 50.0 50.0 50.0 50.0 50.0 50.0 50.0 50.0 50.0 50.0 50.0 50.0 50.0 50.0 50.0 50.0 50.0 50.0 50.0 50.0 50.0 50.0 50.0 50.0 50.0 50.0 50.0 50.0 50.0 50.0 50.0 50.0 50.0 50.0 50.0 50.0 50.0 50.0 50.0 50.0 50.0 50.0 50.0 50.0 50.0 50.0 50.0 50.0 50.0 50.0 50.0 50.0 50.0 50.0 50.0 50.0 50.0 50.0 50.0 50.0 50.0 50.0 50.0 50.0 50.0 50.0 50.0 50.0 50.0 50.0 50.0 50.0 50.0 50.0 50.0 50.0 50.0 50.0 50.0 50.0 50.0 50.0 50.0 50.0 50.0 50.0 50.0 50.0 50.0 50.0 50.0 50.0 50.0 50.0 50.0 50.0 50.0 50.0 50.0 50.0 50.0 50.0 50.0 50.0 50.0 50.0 
# name: reacPower
# type: matrix
# rows: 1
# columns: 359
 3.642 3.538 3.538 3.538 3.538 3.642 3.642 3.642 3.538 3.538 3.538 3.538 3.642 3.642 3.538 3.538 3.538 3.538 3.642 3.538 3.642 3.642 3.642 3.642 3.642 3.538 3.642 3.642 3.538 3.538 798.916 252.393 782.679 285.49 4.475 3.642 3.642 3.642 3.642 3.642 3.642 3.642 3.538 3.538 3.538 3.538 3.538 3.538 3.538 3.642 3.538 3.642 3.642 3.642 3.642 3.642 3.642 3.642 3.538 3.642 3.642 3.538 3.538 3.642 3.538 3.538 3.642 3.642 3.538 3.642 3.642 3.642 3.642 3.642 3.642 3.642 3.642 3.642 3.642 3.642 3.642 3.642 3.642 3.642 3.642 3.538 3.538 3.642 3.538 3.538 3.538 3.538 3.642 3.538 3.642 3.642 3.642 3.642 3.642 3.642 3.642 3.642 3.642 3.642 3.642 3.642 3.642 3.642 3.642 3.642 3.642 3.746 3.642 3.642 3.746 3.746 3.746 3.746 3.746 3.746 3.746 3.746 3.746 3.746 3.746 3.538 289.653 306.41 289.445 294.441 302.663 282.888 258.534 269.358 249.062 3.642 3.642 3.642 3.642 3.642 3.642 3.642 3.642 3.746 3.642 3.746 3.746 3.746 3.746 3.746 3.642 3.746 3.746 3.746 3.746 3.746 3.746 3.746 3.746 3.746 3.746 3.746 3.746 3.746 3.746 3.746 3.746 3.746 3.746 3.746 3.746 3.746 3.746 3.746 3.746 3.746 3.746 3.746 3.746 3.746 3.746 3.746 3.746 3.746 3.746 3.746 3.746 3.746 3.746 3.746 3.746 3.746 3.746 3.746 3.746 3.746 3.746 3.746 3.746 3.746 3.746 3.746 3.746 3.746 3.746 3.746 3.746 3.746 3.746 3.746 3.746 3.746 3.746 3.746 3.746 3.746 3.746 3.746 3.746 3.746 3.746 3.746 3.746 3.746 3.746 3.746 3.746 3.746 3.746 3.746 3.746 3.746 3.746 3.746 3.746 3.746 3.746 3.746 3.746 3.746 3.746 3.746 3.746 3.746 3.746 3.746 3.746 3.746 3.642 3.746 3.746 3.746 3.746 3.746 3.746 3.746 3.746 3.746 3.746 3.746 3.746 3.746 3.746 3.746 3.746 3.746 3.746 3.746 3.746 3.746 3.746 3.746 3.746 3.746 3.746 528.412 316.402 306.618 303.808 291.006 296.106 295.794 284.554 279.662 284.762 278.621 277.58 81.91 3.746 3.642 3.746 3.746 3.746 3.746 3.746 3.746 3.746 3.746 3.746 3.746 3.746 3.746 3.746 3.746 3.746 3.746 3.746 3.746 3.746 3.746 3.746 3.746 3.746 3.746 3.746 3.746 3.746 3.746 3.746 3.746 3.746 3.746 3.746 3.746 3.746 3.746 3.746 3.746 3.746 3.746 3.746 3.746 3.746 3.746 3.746 3.746 3.746 3.746 3.746 3.746 3.746 3.746 3.746 3.746 3.746 3.746 3.746 3.746 3.746 3.746 3.746 3.746 3.746 3.746 3.746 3.746 3.746 3.746 3.746 
# name: power
# type: matrix
# rows: 1
# columns: 359
 4.163 4.163 4.059 4.163 4.059 4.163 4.163 4.163 4.163 4.163 4.059 4.059 4.163 4.059 4.059 4.059 4.059 4.163 4.059 4.163 4.059 4.163 4.163 4.163 4.163 4.059 4.163 4.163 4.163 4.371 227.726 1252.599 282.68 1479.181 6.348 4.163 4.163 4.163 4.163 4.163 4.163 4.059 4.163 4.059 4.163 4.163 4.163 4.059 4.059 4.163 4.163 4.163 4.163 4.163 4.059 4.163 4.059 4.059 4.059 4.059 4.163 4.059 4.059 4.059 4.059 4.059 4.059 4.163 4.059 4.163 4.163 4.163 4.163 4.163 4.059 4.163 4.163 4.163 4.163 4.163 4.163 4.163 4.163 4.163 4.163 4.059 4.059 4.163 4.163 4.059 4.059 4.059 4.059 4.059 4.059 4.059 4.059 4.059 4.163 4.059 4.163 4.163 4.059 4.163 4.059 4.163 4.163 4.163 4.163 4.163 4.163 4.163 4.163 4.163 4.163 4.163 4.163 4.163 4.163 4.163 4.163 4.163 4.163 4.163 4.163 4.995 1430.368 1469.085 1430.992 1465.755 1466.379 1442.233 1406.846 1435.572 1386.862 4.163 4.163 4.163 4.163 4.163 4.163 4.163 4.163 4.163 4.163 4.163 4.163 4.163 4.163 4.163 4.163 4.163 4.163 4.163 4.163 4.163 4.163 4.163 4.163 4.163 4.163 4.163 4.163 4.163 4.163 4.163 4.163 4.163 4.163 4.163 4.163 4.163 4.163 4.163 4.163 4.163 4.163 4.163 4.163 4.163 4.163 4.163 4.163 4.163 4.163 4.163 4.163 4.163 4.163 4.163 4.163 4.163 4.163 4.163 4.163 4.163 4.163 4.163 4.163 4.163 4.163 4.163 4.163 4.163 4.163 4.163 4.163 4.163 4.163 4.163 4.163 4.163 4.163 4.163 4.163 4.163 4.163 4.163 4.163 4.163 4.163 4.163 4.163 4.163 4.163 4.163 4.163 4.163 4.163 4.163 4.163 4.163 4.163 4.163 4.163 4.163 4.163 4.163 4.163 4.163 4.163 4.163 4.163 4.163 4.163 4.163 4.163 4.163 4.163 4.163 4.163 4.163 4.163 4.163 4.163 4.163 4.163 4.163 4.163 4.163 4.163 4.163 4.163 4.163 4.163 4.163 4.163 4.163 4.163 4.163 4.163 4.163 4.163 4.163 4.163 171.939 1466.691 1461.487 1466.795 1456.283 1460.655 1455.034 1431.408 1425.788 1437.549 1429.327 1431.408 381.035 4.371 4.371 4.371 4.371 4.371 4.371 4.371 4.163 4.163 4.163 4.163 4.163 4.267 4.163 4.163 4.267 4.163 4.267 4.163 4.163 4.163 4.267 4.163 4.267 4.163 4.163 4.163 4.163 4.163 4.163 4.163 4.163 4.163 4.163 4.163 4.163 4.163 4.163 4.163 4.163 4.163 4.163 4.163 4.163 4.163 4.163 4.163 4.163 4.163 4.163 4.163 4.163 4.163 4.163 4.163 4.163 4.163 4.163 4.163 4.163 4.163 4.163 4.163 4.163 4.163 4.267 4.163 4.163 4.163 4.163 4.267 
