# name: phAngle
# type: matrix
# rows: 1
# columns: 360
 2 2 2 2 2 2 2 2 271 2 2 2 2 2 2 2 2 2 2 2 2 2 2 2 2 2 2 2 2 2 2 2 2 2 2 2 2 2 2 2 2 271 271 271 271 271 271 271 271 271 271 2 2 2 2 2 2 2 2 2 2 2 2 2 2 2 2 2 2 2 2 2 2 2 2 2 2 2 2 2 2 2 2 2 2 2 2 2 2 2 2 2 2 2 2 2 2 2 2 2 2 2 2 2 2 2 2 2 2 2 2 2 2 2 2 2 2 2 2 2 2 2 2 2 2 2 2 2 2 2 2 2 2 2 2 2 2 2 2 2 2 2 2 2 2 2 2 2 2 2 2 2 271 271 271 271 271 271 271 271 2 2 2 2 2 2 2 2 2 2 2 2 2 2 2 2 2 2 2 2 2 2 2 2 2 2 2 2 2 2 2 2 2 2 2 2 2 2 2 2 2 2 2 2 2 2 2 2 2 2 2 2 2 2 2 2 2 2 2 2 271 271 271 271 271 2 2 2 2 2 2 2 2 2 2 2 2 2 2 2 2 2 2 2 2 2 2 2 2 2 2 2 2 2 2 2 2 2 2 2 2 2 2 2 2 2 2 2 2 2 2 2 2 2 2 2 2 2 2 2 2 2 2 2 2 2 2 2 2 2 2 2 2 2 2 2 2 2 2 2 2 2 2 2 2 2 2 2 2 2 2 2 2 2 2 2 2 2 2 2 2 2 2 2 2 2 2 2 2 2 2 2 2 2 2 2 2 271 271 271 271 271 271 271 271 271 271 271 271 271 271 271 271 271 271 271 271 271 271 271 
# name: freq
# type: matrix
# rows: 1
# columns: 360
 50.0 50.0 50.0 50.0 50.0 50.0 50.0 50.0 50.0 50.0 50.0 50.0 50.0 50.0 50.0 50.0 50.0 50.0 50.0 50.0 50.0 50.0 50.0 50.0 50.0 50.0 50.0 50.0 50.0 50.0 50.0 50.0 50.0 50.0 50.0 50.0 50.0 50.0 50.0 50.0 50.0 50.0 50.0 50.0 50.0 50.0 50.0 50.0 50.0 50.0 50.0 50.0 50.0 50.0 50.0 50.0 50.0 50.0 50.0 50.0 50.0 50.0 50.0 50.0 50.0 50.0 50.0 50.0 50.0 50.0 50.0 50.0 50.0 50.0 50.0 50.0 50.0 50.0 50.0 50.0 50.0 50.0 50.0 50.0 50.0 50.0 50.0 50.0 50.0 50.0 50.0 50.0 50.0 50.0 50.0 50.0 50.0 50.0 50.0 50.0 50.0 50.0 50.0 50.0 50.0 50.0 50.0 50.0 50.0 50.0 50.0 50.0 50.0 50.0 50.0 50.0 50.0 50.0 50.0 50.0 50.0 50.0 50.0 50.0 50.0 50.0 50.0 50.0 50.0 50.0 50.0 50.0 50.0 50.0 50.0 50.0 50.0 50.0 50.0 50.0 50.0 50.0 50.0 50.0 50.0 50.0 50.0 50.0 50.0 50.0 50.0 50.0 50.0 50.0 50.0 50.0 50.0 50.0 50.0 50.0 50.0 50.0 50.0 50.0 50.0 50.0 50.0 50.0 50.0 50.0 50.0 50.0 50.0 50.0 50.0 50.0 50.0 50.0 50.0 50.0 50.0 50.0 50.0 50.0 50.0 50.0 50.0 50.0 50.0 50.0 50.0 50.0 50.0 50.0 50.0 50.0 50.0 50.0 50.0 50.0 50.0 50.0 50.0 50.0 50.0 50.0 50.0 50.0 50.0 50.0 50.0 50.0 50.0 50.0 50.0 50.0 50.0 50.0 50.0 50.0 50.0 50.0 50.0 50.0 50.0 50.0 50.0 50.0 50.0 50.0 50.0 50.0 50.0 50.0 50.0 50.0 50.0 50.0 50.0 50.0 50.0 50.0 50.0 50.0 50.0 50.0 50.0 50.0 50.0 50.0 50.0 50.0 50.1 50.0 50.0 50.0 50.0 50.0 50.0 50.0 50.0 50.0 50.0 50.0 50.0 50.0 50.0 50.0 50.0 50.0 50.0 50.0 50.0 50.0 50.0 50.0 50.0 50.0 50.0 50.0 50.0 50.0 50.0 50.0 50.0 50.0 50.0 50.0 50.0 50.0 50.0 50.0 50.0 50.0 50.0 50.0 50.0 50.0 50.0 50.0 50.0 50.0 50.0 50.0 50.0 50.0 50.0 50.0 50.0 50.0 50.0 50.0 50.0 50.0 50.0 50.0 50.0 50.0 50.0 50.0 50.0 50.0 50.0 50.0 50.0 50.0 50.0 50.0 50.0 50.0 50.0 50.0 50.0 50.0 50.0 50.0 50.0 50.0 50.0 50.0 50.0 50.0 50.0 50.0 50.0 50.0 50.0 50.0 50.0 50.0 50.0 50.0 50.0 50.0 50.0 50.0 50.0 50.0 50.0 50.0 
# name: reacPower
# type: matrix
# rows: 1
# columns: 360
 35.699 35.074 34.762 34.658 34.45 34.346 34.658 34.554 -3.85 34.762 34.554 34.554 34.762 34.658 34.658 34.658 34.45 34.45 34.554 34.45 34.45 34.45 27.581 34.346 34.346 34.346 34.242 34.242 34.138 33.617 33.825 33.93 34.138 34.034 33.93 33.825 33.721 33.93 33.93 33.93 33.93 -3.85 -3.85 -3.85 -3.85 -3.85 -3.85 -3.85 -3.85 -3.85 -3.85 35.074 34.97 34.762 34.554 34.658 34.658 34.45 34.45 34.346 34.242 34.45 34.45 34.346 34.346 34.242 34.034 34.034 34.138 34.138 34.034 34.138 33.93 34.034 34.034 34.034 34.034 33.93 34.138 34.034 34.034 34.138 34.034 33.93 34.034 34.034 33.721 33.825 33.93 33.93 34.034 34.034 33.825 33.825 34.034 33.93 34.138 34.034 33.825 33.93 33.93 33.93 33.93 33.617 33.825 33.513 33.617 33.617 33.721 33.617 33.721 33.721 33.721 33.617 33.617 33.513 33.721 33.513 33.513 33.513 33.513 33.513 33.305 33.305 33.409 33.097 33.305 33.305 33.305 33.305 33.305 33.201 33.201 33.305 33.409 33.409 33.409 33.305 33.305 33.305 33.305 33.305 33.305 33.409 33.305 33.305 33.201 32.993 33.201 33.201 33.097 33.201 -3.85 -3.85 -3.85 -3.85 -3.85 -3.85 -3.85 -3.85 33.93 33.825 33.825 33.721 33.617 33.617 33.513 33.201 33.097 33.201 33.201 33.097 33.201 33.305 33.201 33.201 33.513 33.513 33.513 33.513 33.513 33.409 33.409 33.513 33.201 33.305 33.097 33.201 33.305 33.305 33.097 33.305 33.305 33.097 33.201 33.201 33.201 33.305 33.097 33.201 33.305 33.201 33.201 33.097 33.201 32.993 32.993 32.993 32.993 32.993 33.097 33.097 33.097 32.993 32.993 32.993 32.993 33.097 33.097 33.097 -3.85 -3.85 -3.85 -3.85 -3.85 25.499 33.409 33.409 33.201 33.305 33.201 33.097 33.201 33.097 33.201 33.305 33.305 33.201 33.305 33.201 33.305 33.305 33.201 33.097 33.201 33.201 33.201 33.201 33.097 33.097 33.097 32.889 33.097 32.993 33.201 33.201 33.305 33.097 33.201 33.201 33.201 33.305 33.097 32.993 33.097 33.201 33.097 32.889 32.889 32.993 32.993 32.993 32.889 32.993 32.889 32.993 33.097 33.097 33.097 33.097 33.201 33.201 33.201 33.201 33.409 33.409 33.409 33.409 33.409 33.409 33.513 33.409 33.409 33.513 33.513 33.617 33.721 33.721 33.721 33.825 33.825 33.409 33.721 33.93 33.825 33.721 33.617 33.617 33.513 33.513 33.513 33.513 33.513 33.513 33.513 33.513 33.513 33.617 33.513 33.617 33.513 33.305 33.513 33.409 33.721 33.513 33.513 33.513 33.721 33.721 33.617 33.513 33.721 33.721 33.825 33.721 10.72 -3.85 -3.85 -3.85 -3.85 -3.85 -3.85 -3.85 -3.85 -3.85 -3.85 -3.85 -3.85 -3.85 -3.85 -3.85 -3.85 -3.85 -3.85 -3.85 -3.85 -3.85 -3.85 -3.85 
# name: power
# type: matrix
# rows: 1
# columns: 360
 877.08 860.947 857.513 857.929 855.951 856.055 860.947 860.323 0.0 866.255 862.404 862.821 865.839 865.943 864.902 865.839 863.029 863.757 865.319 865.631 865.319 866.151 697.958 864.278 865.527 866.463 865.839 865.11 864.07 856.368 859.698 862.092 863.653 864.59 863.966 862.092 861.78 863.757 863.861 863.653 863.861 0.0 0.0 0.0 0.0 0.0 0.0 0.0 0.0 0.0 0.0 882.7 871.876 868.857 868.233 869.065 869.378 868.857 869.065 867.504 867.296 869.378 869.586 870.418 869.794 868.857 865.839 866.88 868.025 868.129 867.088 867.816 866.047 866.88 868.025 868.025 867.4 867.504 868.649 867.712 867.608 869.898 868.649 867.192 868.753 868.753 865.006 865.215 868.129 868.857 870.002 869.794 867.296 867.712 870.835 869.69 871.043 870.731 867.712 868.961 870.002 869.794 869.69 866.672 867.921 865.215 864.902 866.255 866.359 865.735 866.568 868.025 868.233 866.88 866.463 864.902 867.921 865.319 865.839 865.11 865.11 865.943 864.278 863.653 865.943 861.572 864.382 863.341 863.861 863.653 863.341 863.029 863.653 863.757 865.423 866.463 865.215 865.006 864.694 865.11 865.006 864.59 865.735 865.943 865.215 864.07 864.174 859.906 864.07 864.174 863.445 864.382 0.0 0.0 0.0 0.0 0.0 0.0 0.0 0.0 873.645 868.545 867.712 867.088 867.088 867.088 866.776 861.051 859.594 860.635 861.468 860.635 861.884 863.861 863.757 863.549 868.441 867.712 867.504 868.233 868.545 866.88 866.463 868.025 864.798 865.839 863.549 864.59 866.255 866.672 863.549 865.527 864.902 863.237 864.694 865.215 865.319 866.463 864.902 865.215 865.631 865.631 865.423 864.59 865.215 862.508 861.78 862.925 862.613 862.092 863.029 863.757 863.237 862.508 863.029 863.549 862.092 863.445 863.237 864.07 0.0 0.0 0.0 0.0 0.0 671.626 866.151 864.382 863.029 862.3 861.364 863.029 862.613 863.341 864.59 864.59 865.735 865.943 865.839 866.047 867.296 866.463 865.839 862.821 864.486 866.463 865.006 865.006 864.694 864.278 863.133 862.404 864.07 864.278 865.527 866.463 866.776 865.631 866.359 865.943 866.463 866.984 865.527 862.508 864.486 864.694 863.653 862.092 862.196 862.717 863.653 863.757 861.676 863.237 863.133 863.341 864.694 865.943 865.527 865.631 866.255 866.047 865.527 865.631 868.753 868.649 869.586 869.794 869.17 868.961 870.939 870.418 871.043 871.251 871.667 872.916 874.061 874.269 873.853 876.351 877.08 870.106 874.686 877.704 875.831 874.894 872.5 873.229 873.02 872.5 872.084 872.084 872.812 871.563 871.251 872.188 872.396 872.292 872.396 872.084 871.772 869.065 872.812 870.835 874.061 872.188 871.772 871.98 873.749 874.686 874.165 873.02 874.269 875.518 876.039 875.727 324.104 0.0 0.0 0.0 0.0 0.0 0.0 0.0 0.0 0.0 0.0 0.0 0.0 0.0 0.0 0.0 0.0 0.0 0.0 0.0 0.0 0.0 0.0 0.0 
