# name: phAngle
# type: matrix
# rows: 1
# columns: 347
 2 2 2 2 2 2 2 2 2 2 2 2 2 2 2 2 2 2 2 2 2 2 2 2 2 2 2 2 2 2 2 2 2 2 2 2 2 2 2 2 2 2 2 2 2 2 2 2 2 2 2 2 2 2 2 2 2 2 2 2 2 2 2 2 2 2 2 2 2 2 2 2 2 2 2 2 2 2 2 2 2 2 2 2 2 2 2 2 2 2 2 2 2 2 2 2 2 2 2 2 2 2 2 2 2 2 2 2 2 2 2 2 2 2 2 2 2 2 2 2 2 2 2 2 271 2 2 2 2 2 2 2 2 2 2 2 2 2 2 2 2 2 2 2 2 2 2 2 2 2 2 2 2 2 2 2 2 2 2 2 2 2 2 2 2 2 2 2 2 2 2 2 2 2 2 2 2 2 2 2 2 271 271 2 2 2 2 2 2 2 2 2 2 2 2 2 2 2 2 2 2 2 2 2 2 2 2 2 2 2 2 2 2 2 2 271 271 271 271 271 271 271 271 271 271 271 2 2 2 2 2 2 2 2 2 2 2 2 2 2 2 2 2 2 2 2 2 2 2 2 2 2 2 2 2 2 2 2 2 2 2 2 2 2 2 2 2 2 2 2 2 2 2 2 2 2 2 2 2 2 2 2 2 2 2 2 2 2 2 2 2 2 2 2 2 2 2 2 2 2 2 2 2 2 2 2 2 2 2 2 2 2 271 271 2 2 2 2 2 2 2 2 2 2 2 2 2 2 2 2 2 2 2 2 2 2 2 2 271 271 271 271 271 271 271 271 271 
# name: freq
# type: matrix
# rows: 1
# columns: 347
 50.0 50.0 50.0 50.0 50.0 50.0 50.0 50.0 50.0 50.0 50.0 50.0 50.0 50.0 50.0 50.0 50.0 50.0 50.0 50.0 50.0 50.0 50.0 50.0 50.0 50.0 50.0 50.0 50.0 50.0 49.9 50.0 50.0 50.0 50.0 50.0 50.0 50.0 50.0 50.0 50.0 50.0 50.0 50.0 50.0 50.0 50.0 50.0 50.0 50.0 50.0 50.0 50.0 50.0 50.0 50.0 50.0 50.0 50.0 50.0 50.0 50.0 50.0 50.0 50.0 50.0 50.0 50.0 50.0 50.0 50.0 50.0 50.0 50.0 50.0 50.0 50.0 50.0 50.0 50.0 50.0 50.0 50.0 50.0 50.0 50.0 50.0 50.0 50.0 50.0 50.0 50.0 50.0 50.0 50.0 50.0 50.0 50.0 50.0 50.0 50.0 50.0 50.0 50.0 50.0 50.0 50.0 50.0 50.0 50.0 50.0 50.0 50.0 50.0 50.0 50.0 50.0 50.0 50.0 50.0 50.0 50.0 50.0 50.0 50.0 50.0 50.0 50.0 50.0 50.0 50.0 50.0 50.0 50.0 50.0 50.0 50.0 50.0 50.0 50.0 50.0 50.0 50.0 50.0 50.0 50.0 50.0 50.0 50.0 50.0 50.0 50.0 50.0 50.0 50.0 50.0 50.0 50.0 50.0 50.0 50.0 50.0 50.0 50.0 50.0 50.0 50.0 50.0 50.0 50.0 50.0 50.0 50.0 50.0 50.0 50.0 50.0 50.0 50.0 50.0 50.0 50.0 50.0 50.0 50.0 50.0 50.0 50.0 50.0 50.0 50.0 50.0 50.0 50.0 50.0 50.0 50.0 50.0 50.0 50.0 50.0 50.0 50.0 50.0 50.0 50.0 50.0 50.0 50.0 50.0 50.0 50.0 50.0 50.0 50.0 50.0 50.0 50.0 50.0 50.0 50.0 50.0 50.0 50.0 50.0 50.0 50.0 50.0 50.0 50.0 50.0 50.0 50.0 50.0 50.0 50.0 50.0 50.0 50.0 50.0 50.0 50.0 50.0 50.0 50.0 50.0 50.0 50.0 50.0 50.0 50.0 50.0 50.0 50.0 50.0 50.0 50.0 50.0 50.0 50.0 50.0 50.0 50.0 50.0 50.0 50.0 50.0 50.0 50.0 50.0 50.0 50.0 50.0 50.0 50.0 50.0 50.0 50.0 50.0 50.0 50.0 50.0 50.0 50.0 50.0 50.0 50.0 50.0 50.0 50.0 50.0 50.0 50.0 50.0 50.0 50.0 50.0 50.0 50.0 50.0 50.0 50.0 50.0 50.0 50.0 50.0 50.0 50.0 50.0 50.0 50.0 50.0 50.0 50.0 50.0 50.0 50.0 50.0 50.0 50.0 50.0 50.0 50.0 50.0 50.0 50.0 50.0 50.0 50.0 50.0 50.0 50.0 50.0 50.0 50.0 50.0 50.0 50.0 50.0 50.0 50.0 50.0 50.0 50.0 50.0 50.0 50.0 
# name: reacPower
# type: matrix
# rows: 1
# columns: 347
 35.178 34.97 34.658 34.554 34.45 34.346 34.242 34.138 34.138 34.138 33.93 33.93 33.825 33.825 33.825 33.721 33.617 33.617 33.513 33.617 33.513 33.409 33.409 33.305 33.409 33.305 33.201 33.097 33.097 33.097 32.889 33.097 32.993 32.993 32.889 32.889 32.993 32.993 32.993 32.993 32.993 32.993 32.993 32.889 32.785 32.889 32.993 32.889 32.681 32.681 32.681 32.681 32.681 32.576 32.576 32.681 32.472 32.472 32.472 32.472 32.576 32.472 32.576 32.472 32.472 32.472 32.368 32.368 32.472 32.368 32.472 32.576 32.576 32.472 32.576 32.472 32.472 32.472 32.472 32.368 32.472 32.472 32.472 32.472 32.472 32.472 32.472 32.472 32.472 32.264 32.264 32.576 32.576 32.576 32.472 32.472 32.368 32.368 32.368 32.264 32.368 32.472 32.472 32.472 32.472 32.576 32.576 32.576 32.681 32.368 32.368 32.472 32.472 32.576 32.576 32.472 32.576 32.576 32.576 32.576 32.472 32.368 32.472 32.264 -3.746 32.681 32.368 32.264 32.264 32.16 32.264 32.056 32.056 32.264 32.264 32.16 32.264 32.264 32.264 32.264 32.264 32.264 32.264 32.264 32.16 32.16 32.056 32.16 32.16 32.368 32.368 32.264 32.264 32.368 32.368 32.576 32.472 32.472 32.368 32.472 32.368 32.368 32.264 32.264 32.368 32.472 32.368 32.368 32.368 32.368 32.472 32.368 32.368 32.264 31.952 32.056 32.16 32.056 32.056 32.056 32.056 -3.746 -3.746 32.264 32.264 32.264 32.264 32.16 32.368 32.368 32.264 32.264 32.368 32.368 32.368 32.368 32.472 32.264 32.368 32.368 32.264 32.368 32.368 32.264 32.264 32.264 32.368 32.368 32.368 32.264 32.264 32.368 32.368 32.368 32.368 -3.746 -3.746 -3.746 -3.746 -3.746 -3.746 -3.746 -3.746 -3.746 -3.746 -3.746 32.576 32.472 32.368 32.368 32.368 32.264 32.368 32.16 32.16 32.16 32.16 32.16 32.16 32.16 32.056 32.16 32.264 32.264 32.16 32.16 32.264 32.264 32.264 32.16 32.056 32.16 32.056 32.056 32.056 31.952 31.952 31.848 31.952 31.952 31.952 31.848 31.952 32.056 31.952 31.848 31.848 31.848 31.848 31.952 31.848 31.848 31.848 31.952 31.952 31.952 32.056 32.056 32.056 32.16 32.056 32.16 32.056 32.16 32.056 32.16 32.056 32.16 32.056 32.056 32.056 31.952 31.952 31.744 31.64 31.432 32.576 32.472 32.785 32.472 32.368 32.785 32.993 32.993 33.201 33.305 33.409 33.409 33.617 33.825 33.825 34.034 -3.85 -3.85 34.138 34.138 34.034 34.138 34.034 34.034 34.034 33.93 34.034 33.825 33.825 33.721 33.721 33.721 33.617 33.617 33.721 33.617 33.721 33.721 33.721 33.825 33.93 33.93 -3.85 -3.85 -3.85 -3.85 -3.85 -3.85 -3.85 -3.85 -3.85 
# name: power
# type: matrix
# rows: 1
# columns: 347
 867.608 858.657 855.743 856.264 854.494 854.807 853.453 854.078 854.807 854.807 854.494 854.39 855.015 854.494 855.119 854.078 853.662 853.141 853.349 854.911 853.662 852.621 853.453 852.829 853.453 852.933 851.476 850.956 850.643 851.06 848.874 852.1 851.476 851.06 850.539 851.164 851.684 851.788 852.1 852.1 853.245 853.245 852.517 852.205 849.603 852.829 854.911 853.245 851.268 850.851 851.476 851.164 851.684 851.06 849.915 851.06 848.874 848.77 849.186 849.186 850.435 850.123 851.06 851.268 851.58 850.435 849.498 848.666 850.435 850.643 850.851 852.205 853.037 851.892 852.829 851.684 852.517 851.996 851.892 851.892 853.974 853.453 852.725 853.141 853.349 854.39 854.182 853.662 853.245 851.58 851.58 854.911 855.639 855.327 854.494 854.807 853.87 853.558 853.558 853.349 854.286 855.431 855.431 855.743 856.576 856.784 857.2 857.721 858.553 855.015 855.951 856.992 857.304 856.576 857.513 857.409 858.241 857.513 858.137 858.449 857.2 856.576 856.68 854.182 0.0 861.988 854.911 853.349 853.037 852.829 852.621 850.331 851.58 854.39 854.182 853.037 853.662 853.87 854.286 853.974 854.494 854.078 855.223 854.807 853.662 853.766 851.58 853.141 853.974 857.096 856.368 855.535 854.807 856.784 857.513 860.115 858.762 857.825 858.241 858.345 857.096 857.409 856.16 856.576 858.345 858.657 857.617 857.513 857.929 858.762 858.553 858.553 857.096 856.68 851.372 853.349 853.974 853.87 854.286 854.078 852.725 0.0 0.0 856.264 855.327 855.327 855.847 855.431 857.304 856.576 855.951 856.68 857.825 858.033 859.178 858.97 859.906 857.2 859.178 859.49 857.617 858.762 858.657 857.825 858.241 858.137 858.345 859.282 858.553 858.241 857.825 857.929 859.386 859.802 860.219 0.0 0.0 0.0 0.0 0.0 0.0 0.0 0.0 0.0 0.0 0.0 859.802 855.951 855.015 855.743 855.015 854.494 855.431 853.453 852.933 853.662 855.119 854.286 853.87 854.807 853.245 854.494 855.431 855.847 855.119 855.639 855.223 856.264 856.055 855.431 853.453 854.39 853.766 853.558 852.205 851.476 851.996 850.227 851.164 850.851 851.164 848.874 850.956 852.621 851.788 850.435 849.707 848.978 849.082 850.123 850.435 850.435 850.331 850.019 849.811 851.268 851.892 852.517 852.517 853.141 851.788 853.037 852.413 853.453 852.517 853.87 853.037 853.453 852.205 852.1 851.892 850.019 849.811 847.521 845.543 842.629 860.323 858.866 863.237 859.49 857.513 865.006 866.984 866.984 870.314 873.125 872.812 874.061 876.663 878.953 879.369 882.492 0.0 0.0 883.012 882.492 882.284 882.7 882.18 881.243 881.451 880.306 881.035 878.537 879.682 877.808 878.12 878.12 877.184 876.455 877.912 877.704 878.433 878.537 878.849 880.514 882.075 881.139 0.0 0.0 0.0 0.0 0.0 0.0 0.0 0.0 0.0 
