# name: phAngle
# type: matrix
# rows: 1
# columns: 359
 296 296 296 296 296 296 296 296 296 296 296 296 296 296 296 296 296 296 296 296 296 296 296 296 296 296 296 296 296 296 297 296 296 296 297 296 296 296 297 296 350 350 350 350 350 296 295 359 0 0 0 0 0 0 359 359 358 296 350 350 0 296 296 296 296 296 296 296 296 296 296 296 296 296 296 296 296 296 296 296 296 296 296 296 296 296 296 296 296 296 296 296 296 297 297 297 297 296 297 297 297 296 296 297 296 296 297 296 296 296 297 297 297 296 297 297 297 297 297 296 297 297 296 297 297 296 297 296 297 297 296 297 296 297 297 296 296 296 296 296 296 296 296 296 297 296 296 296 296 296 296 296 296 296 296 296 297 296 296 297 296 296 296 296 296 296 296 296 296 296 296 296 297 296 296 296 296 296 296 296 296 296 296 297 296 296 296 296 296 296 297 296 296 296 296 296 296 296 296 296 296 296 296 296 296 296 296 296 296 296 296 296 296 296 296 296 296 296 296 296 296 296 296 296 295 296 296 296 296 296 296 296 296 296 295 296 296 296 295 296 295 295 296 296 296 295 296 295 296 296 296 296 296 296 296 296 296 296 295 296 296 296 296 296 296 295 296 296 296 296 296 296 296 296 296 296 296 296 296 295 295 296 296 296 296 296 296 296 296 296 295 295 295 295 295 295 295 295 295 295 295 295 295 295 295 295 295 295 295 295 296 295 295 295 295 295 296 296 296 295 296 296 295 296 296 295 296 296 296 295 296 296 295 295 296 296 296 296 296 295 296 296 296 296 296 296 296 296 296 296 296 296 296 296 296 295 296 295 295 
# name: freq
# type: matrix
# rows: 1
# columns: 359
 50.0 50.0 50.0 50.0 50.0 50.0 50.0 50.0 50.0 50.0 50.0 50.0 50.0 50.0 50.0 50.0 50.0 50.0 50.0 50.0 50.0 50.0 50.0 50.0 50.0 50.0 50.0 50.0 50.0 50.0 50.0 50.0 50.0 50.0 50.0 50.0 50.0 50.0 50.0 50.0 50.0 50.0 50.0 50.0 50.0 50.0 50.0 50.0 50.0 50.0 50.0 50.0 50.0 50.0 50.0 50.0 50.0 50.0 50.0 50.0 50.0 50.0 50.0 50.0 50.0 50.0 50.0 50.0 50.0 50.0 50.0 50.0 50.0 50.0 50.0 50.0 50.0 50.0 50.0 50.0 50.0 50.0 50.0 50.0 50.0 50.0 50.0 50.0 50.0 50.0 50.0 50.0 50.0 50.0 50.0 50.0 50.0 50.0 50.0 50.0 50.0 50.0 50.0 50.0 50.0 50.0 50.0 50.0 50.0 50.0 50.0 50.0 50.0 50.0 50.0 50.0 50.0 50.0 50.0 50.0 50.0 50.0 50.0 50.0 50.0 50.0 50.0 50.0 50.0 50.0 50.0 50.0 50.0 50.0 50.0 50.0 50.0 50.0 50.0 50.0 50.0 50.0 50.0 50.0 50.0 50.0 50.0 50.0 50.0 50.0 50.0 50.0 50.0 50.0 50.0 50.0 50.0 50.0 50.0 50.0 50.0 50.0 50.0 50.0 50.0 50.0 50.0 50.0 50.0 50.0 50.0 50.0 50.0 50.0 50.0 50.0 50.0 50.0 50.0 50.0 50.0 50.0 50.0 50.0 50.0 50.0 50.0 50.0 50.0 50.0 50.0 50.0 50.0 50.0 50.0 50.0 50.0 50.0 50.0 50.0 50.0 50.0 50.0 50.0 50.0 50.0 50.0 50.0 50.0 50.0 50.0 50.0 50.0 50.0 50.0 50.0 50.0 50.0 50.0 50.0 50.0 50.0 50.0 50.0 50.0 50.0 50.0 50.0 50.0 50.0 50.0 50.0 50.0 50.0 50.0 50.0 50.0 50.0 50.0 50.0 50.0 50.0 50.0 50.0 50.0 50.0 50.0 50.0 50.0 50.0 50.0 50.0 50.0 50.0 50.0 50.0 50.0 50.0 50.0 50.0 50.0 50.0 50.0 50.0 50.0 50.0 50.0 50.0 50.0 50.0 50.0 50.0 50.0 50.0 50.0 50.0 50.0 50.0 50.0 50.0 50.0 50.0 50.0 50.0 50.0 50.0 50.0 50.0 50.0 50.0 50.0 50.0 50.0 50.0 50.0 50.0 50.1 50.1 50.1 50.1 50.1 50.1 50.0 50.1 50.1 50.1 50.1 50.0 50.1 50.1 50.1 50.1 50.1 50.1 50.1 50.0 50.0 50.1 50.1 50.0 50.0 50.0 50.0 50.0 50.1 50.0 50.0 50.0 50.0 50.0 50.0 50.0 50.0 50.0 50.0 50.0 50.0 50.0 50.0 50.0 50.0 50.0 50.0 50.0 50.0 50.0 50.0 50.0 50.0 50.0 50.0 50.0 50.0 50.0 50.0 50.0 50.0 50.0 50.0 
# name: reacPower
# type: matrix
# rows: 1
# columns: 359
 -3.623 -3.726 -3.623 -3.726 -3.623 -3.726 -3.726 -3.623 -3.726 -3.623 -3.623 -3.726 -3.726 -3.726 -3.623 -3.623 -3.623 -3.726 -3.726 -3.623 -3.623 -3.726 -3.623 -3.726 -3.623 -3.726 -3.623 -3.623 -3.623 -3.623 -3.623 -3.623 -3.623 -3.623 -3.623 -3.726 -3.623 -3.623 -3.623 -3.726 -4.14 -4.14 -4.14 -4.14 -4.14 -3.623 -3.623 -20.704 -9.006 -1.138 4.347 -4.244 -11.904 -14.078 -29.606 -33.54 -36.025 -3.623 -4.037 -4.037 0.931 -3.623 -3.623 -3.623 -3.623 -3.623 -3.623 -3.623 -3.623 -3.623 -3.623 -3.623 -3.623 -3.623 -3.623 -3.623 -3.623 -3.623 -3.623 -3.623 -3.623 -3.623 -3.623 -3.623 -3.623 -3.623 -3.623 -3.623 -3.623 -3.623 -3.623 -3.623 -3.623 -3.623 -3.623 -3.623 -3.623 -3.623 -3.623 -3.623 -3.623 -3.623 -3.623 -3.623 -3.623 -3.623 -3.623 -3.623 -3.623 -3.623 -3.623 -3.623 -3.623 -3.623 -3.623 -3.623 -3.623 -3.623 -3.623 -3.623 -3.623 -3.623 -3.623 -3.623 -3.623 -3.623 -3.623 -3.623 -3.623 -3.623 -3.623 -3.623 -3.623 -3.623 -3.623 -3.623 -3.623 -3.623 -3.623 -3.623 -3.623 -3.623 -3.623 -3.623 -3.623 -3.623 -3.623 -3.623 -3.623 -3.623 -3.623 -3.623 -3.623 -3.623 -3.623 -3.623 -3.623 -3.623 -3.623 -3.623 -3.623 -3.623 -3.623 -3.623 -3.623 -3.623 -3.623 -3.623 -3.623 -3.623 -3.623 -3.623 -3.623 -3.623 -3.623 -3.623 -3.623 -3.623 -3.623 -3.623 -3.623 -3.623 -3.623 -3.623 -3.623 -3.623 -3.623 -3.623 -3.623 -3.623 -3.623 -3.623 -3.623 -3.623 -3.623 -3.623 -3.623 -3.623 -3.623 -3.623 -3.623 -3.623 -3.623 -3.623 -3.623 -3.623 -3.623 -3.623 -3.623 -3.623 -3.623 -3.623 -3.623 -3.623 -3.623 -3.623 -3.623 -3.623 -3.623 -3.623 -3.623 -3.623 -3.623 -3.623 -3.623 -3.623 -3.623 -3.623 -3.623 -3.623 -3.623 -3.623 -3.623 -3.623 -3.623 -3.623 -3.623 -3.623 -3.623 -3.623 -3.623 -3.623 -3.623 -3.623 -3.623 -3.623 -3.623 -3.623 -3.623 -3.623 -3.623 -3.623 -3.623 -3.623 -3.623 -3.623 -3.623 -3.623 -3.623 -3.623 -3.623 -3.623 -3.623 -3.623 -3.623 -3.623 -3.623 -3.623 -3.623 -3.623 -3.623 -3.623 -3.623 -3.623 -3.623 -3.623 -3.623 -3.623 -3.623 -3.623 -3.623 -3.623 -3.623 -3.623 -3.623 -3.623 -3.623 -3.623 -3.623 -3.623 -3.623 -3.623 -3.623 -3.623 -3.623 -3.623 -3.623 -3.623 -3.623 -3.623 -3.623 -3.623 -3.623 -3.726 -3.623 -3.623 -3.623 -3.623 -3.623 -3.623 -3.623 -3.623 -3.623 -3.623 -3.623 -3.623 -3.623 -3.726 -3.726 -3.623 -3.623 -3.623 -3.623 -3.623 -3.726 -3.623 -3.623 -3.623 -3.623 -3.623 -3.623 -3.623 -3.623 -3.623 -3.623 -3.623 -3.623 -3.623 -3.623 -3.623 -3.623 -3.623 -3.623 -3.623 -3.623 -3.623 -3.623 -3.623 -3.623 -3.623 -3.623 -3.623 -3.623 -3.623 -3.623 -3.623 -3.623 -3.623 -3.623 
