# name: phAngle
# type: matrix
# rows: 1
# columns: 322
 271 272 27 27 32 27 27 4 27 27 4 27 27 3 271 271 271 271 271 271 271 271 271 27 3 3 2 3 2 271 271 271 1 27 27 7 27 27 8 27 27 9 27 27 6 27 27 10 27 27 9 27 27 9 27 27 11 27 271 271 271 271 271 271 271 271 271 271 271 271 271 271 271 271 271 272 271 271 271 271 271 271 271 271 271 271 271 271 271 271 271 271 271 271 272 271 271 271 271 271 271 271 271 271 271 271 271 272 271 271 27 27 2 27 27 2 27 27 2 27 27 2 27 27 1 27 27 1 271 271 271 271 271 271 271 271 271 27 1 0 27 0 0 0 0 27 271 271 271 271 271 271 271 271 271 271 271 271 271 271 271 271 271 271 271 271 271 271 271 271 271 271 271 271 271 271 271 271 271 272 271 272 271 271 271 271 271 271 0 0 0 1 1 0 0 0 0 271 271 271 271 271 271 271 271 271 271 271 271 271 271 271 271 271 67 358 27 27 358 27 29 358 27 27 1 27 271 271 271 271 271 271 271 271 271 271 271 271 271 271 271 271 271 271 271 271 271 271 271 271 271 271 271 271 271 271 272 271 271 272 271 271 272 271 271 272 271 271 271 271 272 271 271 271 271 271 271 271 271 271 271 271 271 271 271 271 271 271 272 271 271 271 271 272 271 271 271 271 271 271 271 271 271 271 271 271 271 271 271 272 271 271 272 272 271 272 271 271 271 272 271 271 
# name: freq
# type: matrix
# rows: 1
# columns: 322
 50.0 50.0 50.0 50.0 50.0 50.0 50.0 50.0 50.0 50.0 50.0 50.0 50.0 50.0 50.0 50.0 50.0 50.0 50.0 50.0 50.0 50.0 50.0 50.0 50.0 50.0 50.0 50.0 50.0 50.0 50.0 50.0 50.0 50.0 50.0 50.0 50.0 50.0 50.0 50.0 50.0 50.0 50.0 50.0 50.0 50.0 50.0 50.0 50.0 50.0 50.0 50.0 50.0 50.0 50.0 50.0 50.0 50.0 50.0 50.0 50.0 50.0 50.0 50.0 50.0 50.0 50.0 50.0 50.0 50.0 50.0 50.0 50.0 50.0 50.0 50.0 50.0 50.0 50.0 50.0 50.0 50.0 50.0 50.0 50.0 50.0 50.0 50.0 50.0 50.0 50.0 50.0 50.0 50.0 50.0 50.0 50.0 50.0 50.0 50.0 50.0 50.0 50.0 50.0 50.0 50.0 50.0 50.1 50.0 50.0 50.0 50.0 50.0 50.0 50.0 50.1 50.0 50.1 50.1 50.0 50.0 50.1 50.0 50.0 50.0 50.0 50.0 50.0 50.0 50.0 50.0 50.0 50.0 50.0 50.0 50.0 50.0 50.0 50.0 50.0 50.0 50.0 49.9 50.0 50.0 50.0 50.0 50.0 50.0 49.9 50.0 50.0 50.0 50.0 50.0 50.0 50.0 50.0 50.0 50.0 50.0 50.0 50.0 50.0 50.0 50.0 50.0 50.0 50.0 50.0 50.0 50.0 50.0 50.0 50.0 50.0 50.0 50.0 50.0 50.0 50.0 50.0 50.0 50.0 50.0 50.0 50.0 50.0 50.0 50.0 50.0 50.0 50.0 50.0 50.0 50.0 50.0 50.0 50.0 50.0 50.0 50.0 50.0 50.0 50.0 50.0 50.0 50.0 50.0 50.0 50.0 50.0 50.0 50.0 50.0 50.0 50.0 50.0 50.0 50.0 50.0 50.0 50.0 50.0 50.0 50.0 50.0 50.0 50.0 50.0 50.0 50.0 50.0 50.0 50.0 50.0 50.0 50.0 50.0 50.0 50.0 50.0 50.0 50.0 50.0 50.0 50.0 50.0 50.0 50.0 50.0 50.0 50.0 50.0 50.0 50.0 50.0 50.0 50.0 50.0 50.0 50.0 50.0 50.0 50.0 50.0 50.0 50.0 50.0 50.0 50.0 50.0 50.1 50.0 50.0 50.0 50.0 50.0 50.0 50.0 50.0 50.0 50.0 50.0 50.0 50.0 50.0 50.0 50.0 50.0 50.0 50.0 50.0 50.0 50.0 50.0 50.0 50.0 50.0 50.0 50.0 50.0 50.0 50.0 50.0 50.0 50.0 50.0 50.0 50.0 50.0 50.0 50.0 50.0 50.0 50.0 50.0 50.0 50.0 50.0 50.0 50.0 
# name: reacPower
# type: matrix
# rows: 1
# columns: 322
 -4.037 -4.037 20.497 20.393 317.704 20.186 19.979 72.567 19.772 19.668 76.708 19.772 19.668 69.669 -4.14 -4.14 -4.14 -4.037 -4.14 -4.14 -4.14 -4.037 -4.14 20.082 66.356 64.907 46.17 70.393 50.103 -4.14 -4.14 -4.14 25.155 19.979 19.875 115.425 19.772 19.668 127.226 19.668 19.668 137.785 19.668 19.565 106.833 19.461 19.461 152.589 19.461 19.358 142.651 19.358 19.254 143.375 19.254 19.358 159.524 19.254 -4.037 -4.037 -4.037 -4.037 -4.037 -4.037 -4.037 -4.14 -4.037 -4.14 -4.037 -4.14 -4.037 -4.037 -4.037 -4.037 -4.037 -4.037 -4.037 -4.037 -4.037 -4.037 -4.037 -4.037 -4.037 -4.14 -4.037 -4.037 -4.037 -4.037 -4.14 -4.037 -4.14 -4.037 -4.037 -4.037 -4.037 -4.037 -4.037 -4.037 -4.037 -4.037 -4.037 -4.037 -4.037 -4.037 -4.037 -4.037 -4.037 -4.037 -4.037 -4.037 19.772 19.565 43.064 19.565 19.461 43.478 19.358 19.358 34.679 19.358 19.358 34.368 19.358 19.254 27.225 19.254 19.358 25.776 -4.037 -4.037 -4.037 -4.037 -4.037 -4.037 -4.037 -4.037 -4.037 19.565 16.873 9.834 19.461 13.043 7.867 14.078 4.037 19.461 -4.037 -4.037 -4.037 -4.037 -4.037 -4.037 -4.037 -4.037 -4.037 -4.037 -4.037 -4.037 -4.037 -4.037 -4.037 -4.037 -4.037 -4.037 -4.037 -4.037 -4.037 -4.037 -4.037 -4.037 -4.037 -4.037 -4.037 -4.037 -4.037 -4.037 -4.037 -4.037 -4.037 -4.037 -4.037 -4.037 -4.037 -4.037 -4.037 -4.037 -4.037 -4.037 16.356 15.942 4.761 19.461 21.532 7.039 6.314 10.973 -2.07 -4.037 -4.037 -4.037 -4.037 -4.037 -4.037 -4.037 -4.037 -4.037 -4.037 -4.037 -4.037 -4.037 -4.037 -4.037 -4.037 -4.037 398.139 -38.82 19.875 19.772 -38.509 19.565 282.507 -36.542 19.668 19.565 24.327 19.565 -4.037 -4.037 -4.037 -4.037 -4.037 -4.037 -4.037 -4.037 -4.037 -4.037 -4.037 -4.037 -4.037 -4.037 -4.037 -4.037 -4.037 -4.037 -4.037 -4.037 -4.037 -4.037 -4.037 -4.037 -4.037 -4.037 -4.037 -4.037 -4.037 -4.037 -4.037 -4.037 -4.037 -4.037 -4.037 -4.037 -4.037 -4.037 -4.037 -4.037 -4.037 -4.037 -4.037 -4.037 -4.037 -4.037 -4.037 -4.037 -4.037 -4.037 -4.037 -4.037 -4.037 -4.037 -4.037 -4.037 -4.037 -4.037 -4.037 -4.037 -4.037 -4.037 -4.037 -4.037 -4.037 -4.037 -4.037 -4.037 -4.037 -4.037 -4.037 -4.037 -4.037 -4.037 -4.037 -4.037 -4.037 -4.037 -4.037 -4.037 -4.037 -4.037 -4.037 -4.037 -4.037 -4.037 -4.037 -4.037 -4.037 -4.037 -4.037 -4.037 -4.037 -4.037 -4.037 -4.037 
# name: power
# type: matrix
# rows: 1
# columns: 322
 0.103 0.103 38.716 38.716 504.972 38.613 38.406 1138.413 38.302 38.199 1125.37 38.302 38.406 1137.896 0.0 0.103 0.0 0.103 0.103 0.103 0.103 0.103 0.103 38.406 1135.825 1129.511 1138.724 1129.097 1130.028 0.103 0.103 0.103 1126.716 38.406 38.406 942.139 38.302 38.302 910.461 38.302 38.406 895.451 38.302 38.302 964.81 38.199 38.199 863.774 38.199 38.095 896.693 38.095 37.991 876.921 37.888 37.991 852.801 37.991 0.103 0.0 0.103 0.0 0.103 0.103 0.103 0.103 0.0 0.103 0.0 0.0 0.103 0.0 0.103 0.0 0.103 0.103 0.103 0.103 0.103 0.103 0.103 0.103 0.0 0.0 0.103 0.103 0.103 0.103 0.103 0.103 0.103 0.0 0.103 0.103 0.103 0.103 0.103 0.103 0.103 0.103 0.0 0.103 0.103 0.0 0.103 0.103 0.103 0.103 0.103 0.103 37.991 37.888 1119.573 37.888 37.888 1111.809 37.888 37.888 1124.128 37.888 37.888 1112.533 37.991 37.888 1116.053 37.888 37.991 1115.018 0.0 0.103 0.103 0.103 0.103 0.103 0.103 0.103 0.103 37.888 1120.608 1121.747 37.888 1118.227 1122.161 1120.09 1122.471 37.991 0.103 0.0 0.103 0.0 0.0 0.103 0.103 0.103 0.103 0.103 0.0 0.0 0.0 0.103 0.103 0.103 0.0 0.0 0.103 0.0 0.103 0.0 0.103 0.103 0.103 0.0 0.103 0.0 0.0 0.103 0.103 0.0 0.103 0.103 0.103 0.103 0.103 0.0 0.103 0.103 0.103 0.103 1121.954 1124.749 1116.985 1120.711 1116.364 1118.952 1113.879 1114.086 1115.121 0.103 0.103 0.103 0.0 0.103 0.103 0.103 0.0 0.103 0.103 0.0 0.103 0.103 0.103 0.103 0.103 0.103 170.291 1089.034 38.095 38.199 1087.895 38.095 500.107 1092.554 38.199 38.199 1014.189 38.199 0.103 0.103 0.103 0.0 0.103 0.103 0.103 0.0 0.103 0.103 0.103 0.103 0.103 0.103 0.0 0.103 0.103 0.103 0.103 0.0 0.103 0.103 0.103 0.103 0.103 0.103 0.103 0.103 0.0 0.0 0.103 0.0 0.103 0.103 0.103 0.103 0.103 0.103 0.103 0.103 0.103 0.103 0.0 0.103 0.103 0.103 0.0 0.103 0.103 0.103 0.103 0.103 0.0 0.103 0.103 0.103 0.0 0.0 0.0 0.103 0.103 0.103 0.103 0.0 0.0 0.103 0.0 0.103 0.103 0.0 0.103 0.103 0.103 0.0 0.103 0.0 0.103 0.103 0.103 0.103 0.0 0.103 0.103 0.103 0.103 0.103 0.103 0.103 0.0 0.103 0.103 0.103 0.0 0.103 0.103 0.103 
