# name: phAngle
# type: matrix
# rows: 1
# columns: 353
 271 271 271 271 271 271 271 62 5 4 27 27 71 27 271 30 3 27 27 2 27 27 2 27 271 271 271 271 271 271 271 271 271 271 271 271 272 271 271 271 271 271 271 271 271 271 29 2 3 27 2 3 27 2 3 271 271 271 271 69 1 0 69 0 0 0 0 271 271 271 271 271 271 271 271 271 271 271 271 271 271 271 271 271 271 271 271 22 0 359 359 0 359 359 359 359 271 271 271 271 271 271 271 271 271 271 271 271 271 271 271 271 271 357 0 27 66 0 27 61 0 27 27 359 27 27 0 27 271 271 271 271 271 271 65 359 359 359 0 359 358 359 71 358 359 271 271 271 271 271 271 272 271 271 271 271 271 271 27 35 27 27 27 27 27 29 27 27 8 271 271 0 27 0 0 27 9 0 27 7 0 27 271 271 271 271 271 271 271 271 271 271 271 271 271 271 272 271 271 271 272 271 271 271 271 271 271 271 271 271 271 271 271 271 271 271 271 271 271 271 271 271 271 271 271 271 271 271 271 271 271 271 271 271 272 271 271 271 271 271 271 272 271 271 272 271 271 271 271 271 271 271 271 271 271 271 271 271 271 271 271 271 271 271 271 271 271 271 271 271 271 271 271 271 271 271 271 271 271 271 271 271 271 271 0 6 27 2 27 56 4 27 61 4 271 271 271 271 271 271 271 272 271 271 271 271 271 271 271 271 271 271 271 271 272 271 271 271 272 271 271 271 271 271 271 271 271 271 271 271 271 271 271 271 271 271 271 271 271 271 271 271 271 271 271 271 271 271 271 271 271 271 272 
# name: freq
# type: matrix
# rows: 1
# columns: 353
 50.0 50.0 50.0 50.0 50.0 50.0 50.0 50.0 50.0 50.0 50.0 50.0 50.0 50.0 50.0 50.0 50.0 50.0 50.0 50.0 50.0 50.0 50.0 50.0 50.0 50.0 50.0 50.0 50.0 50.0 49.9 50.0 50.0 50.0 50.0 50.0 50.0 50.0 50.0 50.0 50.0 50.0 50.0 50.0 50.0 50.0 50.0 50.0 50.0 50.0 50.0 50.0 50.0 50.0 50.0 50.0 50.0 50.0 50.0 50.0 50.0 50.0 50.0 50.0 50.0 50.0 50.0 50.0 50.0 50.0 50.0 50.0 50.0 50.0 50.0 50.0 50.0 50.0 50.0 50.0 50.0 50.0 50.0 50.0 50.0 50.0 50.0 50.0 50.0 50.0 50.0 50.0 50.0 50.0 50.0 50.0 50.0 50.0 50.0 50.0 50.0 50.0 50.0 50.0 50.0 50.0 50.0 50.0 50.0 50.0 50.0 50.0 50.0 50.0 50.0 50.0 50.0 50.0 50.0 50.0 50.0 50.0 50.0 50.0 50.0 50.0 50.0 50.0 50.0 50.0 50.0 50.0 50.0 50.0 50.0 50.0 50.0 50.0 50.0 50.0 50.0 50.0 50.0 50.0 50.0 50.0 50.0 50.0 50.0 50.0 50.0 50.0 50.0 50.0 50.0 50.0 50.0 50.0 50.0 50.0 50.0 50.0 50.0 50.0 50.0 50.0 50.0 50.0 50.0 50.0 50.0 50.0 50.0 50.0 50.0 50.0 50.0 50.0 50.0 50.0 50.0 50.0 50.0 50.0 50.0 50.0 50.0 50.0 50.0 50.0 50.0 50.0 50.0 50.0 50.0 50.0 50.0 50.0 50.0 50.0 50.0 50.0 50.0 50.0 50.0 50.0 50.0 50.0 50.0 50.0 50.0 50.0 50.0 50.0 50.0 50.0 50.0 50.0 50.0 50.0 50.0 50.0 50.0 50.0 50.0 50.0 50.0 50.0 50.0 50.0 50.0 50.0 50.0 50.0 50.0 50.0 50.0 50.0 50.0 50.0 50.0 50.0 50.0 50.0 50.0 49.9 49.9 49.9 49.9 50.0 49.9 49.9 49.9 50.0 49.9 50.0 49.9 50.0 49.9 49.9 50.0 50.0 49.9 50.0 49.9 50.0 50.0 50.0 50.0 50.0 50.0 50.0 50.0 50.0 50.0 50.0 50.0 50.0 50.0 50.0 50.0 50.0 50.0 50.0 50.0 50.0 50.0 50.0 50.0 50.0 50.0 50.0 50.0 50.0 50.0 50.0 50.0 50.0 50.0 50.0 50.0 50.0 50.0 50.0 50.0 50.0 50.0 50.0 50.0 50.0 50.0 50.0 50.0 50.0 50.0 50.0 50.0 50.0 50.0 50.0 50.0 50.0 50.0 50.0 50.0 50.0 50.0 50.0 50.0 50.0 50.0 50.0 50.0 50.0 50.0 50.0 50.0 50.0 50.0 50.0 50.0 50.0 50.0 50.0 50.0 50.0 50.0 50.0 50.0 50.0 50.0 50.0 50.0 
# name: reacPower
# type: matrix
# rows: 1
# columns: 353
 -4.14 -4.037 -4.14 -4.14 -4.14 -4.14 -4.14 163.872 93.168 90.269 20.393 20.082 394.723 20.186 -4.14 22.878 56.832 19.979 20.082 44.927 20.082 20.082 37.267 19.979 -4.14 -4.14 -4.14 -4.14 -4.14 -4.14 -4.14 -4.037 -4.037 -4.14 -4.14 -4.037 -4.037 -4.037 -4.037 -4.14 -4.14 -4.037 -4.037 -4.037 -4.037 -4.14 20.704 48.551 65.424 20.082 47.722 64.286 20.082 48.24 54.865 -4.14 -4.14 -4.14 -4.14 308.594 20.911 15.528 301.244 15.113 10.973 -3.312 -1.035 -4.14 -4.14 -4.14 -4.037 -4.14 -4.037 -4.14 -4.14 -4.14 -4.14 -4.037 -4.037 -4.037 -4.14 -4.14 -4.037 -4.037 -4.037 -4.037 -4.14 242.962 -11.904 -28.571 -17.701 -8.074 -26.915 -28.675 -15.942 -31.573 -4.14 -4.037 -4.037 -4.037 -4.037 -4.037 -4.037 -4.037 -4.037 -4.037 -4.037 -4.037 -4.037 -4.037 -4.037 -4.037 -4.037 -50.932 -6.211 19.875 400.106 -0.931 19.979 393.066 -6.625 19.668 19.772 -8.178 19.565 19.461 0.724 19.358 -4.14 -4.037 -4.037 -4.037 -4.037 -4.037 214.08 -17.909 -22.049 -19.358 -13.664 -19.979 -35.196 -18.323 385.302 -39.751 -23.602 -4.037 -4.037 -4.037 -4.037 -4.037 -4.037 -4.037 -4.037 -4.037 -4.037 -4.037 -4.037 -4.037 19.979 303.107 19.668 19.565 19.668 19.668 19.565 25.466 19.565 19.461 71.843 -4.037 -4.037 -13.975 19.668 -6.935 -5.176 19.565 140.063 -6.211 19.358 112.63 -9.213 19.358 -4.037 -4.037 -4.037 -4.037 -4.037 -4.037 -4.037 -4.037 -4.037 -4.037 -4.037 -4.037 -4.037 -4.037 -4.037 -4.037 -4.037 -4.037 -4.037 -4.037 -4.037 -4.037 -4.037 -4.037 -4.037 -4.037 -4.037 -4.037 -4.037 -4.037 -4.037 -4.037 -4.037 -4.037 -4.037 -4.037 -4.037 -4.037 -4.037 -4.037 -4.037 -4.037 -4.037 -4.037 -4.037 -4.037 -4.037 -4.037 -4.037 -4.037 -4.037 -4.037 -4.037 -4.037 -4.037 -4.037 -4.037 -4.037 -4.037 -4.037 -4.037 -4.037 -4.037 -4.037 -4.037 -4.037 -4.037 -4.037 -4.037 -4.037 -4.037 -4.037 -4.037 -4.037 -4.037 -4.037 -4.037 -4.037 -4.037 -4.037 -4.037 -4.037 -4.037 -4.037 -4.037 -4.037 -4.037 -4.037 -4.037 -4.037 -4.037 -4.037 -4.037 -4.037 -4.037 -4.037 -4.037 -4.037 -4.037 -4.037 -4.037 -4.037 6.418 34.679 19.461 17.701 19.254 369.981 27.018 19.358 381.369 29.606 -4.037 -4.037 -4.037 -4.037 -4.037 -4.037 -4.037 -4.037 -4.037 -4.037 -4.037 -4.037 -4.037 -4.037 -4.037 -4.037 -4.037 -4.037 -4.037 -4.037 -4.037 -4.037 -4.037 -4.037 -4.037 -4.037 -4.037 -4.037 -4.037 -4.037 -4.037 -4.037 -4.037 -4.037 -4.037 -4.037 -4.037 -4.037 -4.037 -4.037 -4.037 -4.037 -4.037 -4.037 -4.037 -4.037 -4.037 -4.037 -4.037 -4.037 -4.037 -4.037 -4.037 -4.037 -4.037 -4.037 -4.037 -4.037 -4.037 
# name: power
# type: matrix
# rows: 1
# columns: 353
 0.103 0.103 0.0 0.103 0.103 0.103 0.103 86.957 1148.144 1147.42 38.509 38.302 133.541 38.509 0.0 40.579 1133.651 38.199 38.302 1132.72 38.509 38.406 1133.755 38.406 0.0 0.103 0.103 0.103 0.103 0.0 0.103 0.103 0.103 0.103 0.103 0.103 0.103 0.103 0.0 0.103 0.0 0.103 0.0 0.103 0.103 0.103 38.716 1139.759 1132.409 38.302 1142.037 1133.134 38.406 1141.726 1130.132 0.103 0.103 0.103 0.103 117.909 1132.72 1132.409 116.874 1129.511 1131.063 1117.399 1125.266 0.103 0.103 0.103 0.103 0.0 0.103 0.103 0.103 0.103 0.103 0.103 0.103 0.103 0.103 0.103 0.103 0.103 0.103 0.103 0.103 606.008 1117.606 1101.25 1108.91 1113.051 1104.355 1101.56 1109.635 1106.84 0.103 0.103 0.0 0.103 0.103 0.103 0.103 0.103 0.103 0.0 0.103 0.103 0.0 0.0 0.103 0.0 0.103 1075.784 535.614 38.199 179.814 559.32 38.509 218.324 548.451 38.199 38.302 636.339 38.199 38.095 545.966 37.991 0.0 0.0 0.103 0.103 0.103 0.103 99.172 1111.602 1108.392 1104.769 1108.496 1110.152 1090.173 1098.04 133.541 1089.862 1096.902 0.103 0.103 0.103 0.103 0.103 0.103 0.103 0.0 0.0 0.103 0.103 0.103 0.103 38.302 434.785 37.991 37.991 38.199 38.095 38.095 46.48 38.199 38.095 507.974 0.0 0.103 1103.32 38.199 1107.771 1110.877 38.095 839.239 1106.736 37.991 879.509 1104.045 37.991 0.103 0.103 0.0 0.0 0.103 0.0 0.103 0.103 0.0 0.103 0.103 0.0 0.103 0.0 0.103 0.0 0.0 0.103 0.103 0.0 0.103 0.0 0.0 0.103 0.103 0.103 0.103 0.0 0.103 0.103 0.0 0.103 0.103 0.0 0.103 0.103 0.103 0.103 0.0 0.103 0.0 0.103 0.103 0.0 0.103 0.103 0.0 0.103 0.103 0.103 0.103 0.103 0.103 0.0 0.0 0.103 0.103 0.103 0.103 0.103 0.0 0.0 0.103 0.103 0.103 0.103 0.103 0.103 0.103 0.103 0.103 0.0 0.0 0.0 0.103 0.0 0.103 0.103 0.103 0.103 0.103 0.103 0.0 0.103 0.103 0.103 0.0 0.103 0.0 0.0 0.103 0.103 0.103 0.0 0.0 0.103 0.103 0.103 0.103 0.103 0.103 0.0 1117.088 308.076 37.784 412.011 37.577 250.001 380.437 37.888 208.904 405.385 0.0 0.0 0.103 0.0 0.103 0.103 0.0 0.103 0.103 0.103 0.0 0.103 0.103 0.103 0.103 0.0 0.103 0.0 0.0 0.0 0.103 0.103 0.103 0.103 0.103 0.103 0.0 0.103 0.103 0.103 0.0 0.103 0.103 0.0 0.103 0.0 0.103 0.103 0.103 0.103 0.0 0.103 0.103 0.103 0.103 0.103 0.103 0.0 0.103 0.103 0.0 0.103 0.0 0.0 0.0 0.103 0.103 0.0 0.103 
