# name: phAngle
# type: matrix
# rows: 1
# columns: 356
 338 338 338 338 338 338 338 338 338 338 338 338 338 338 338 338 338 338 338 338 338 338 338 338 338 338 338 338 338 338 338 338 338 338 338 338 338 338 338 338 333 333 333 333 333 338 341 338 341 333 338 338 338 338 338 338 338 338 338 338 338 338 338 339 341 341 341 343 343 274 273 273 273 273 273 273 273 273 273 273 273 273 273 273 272 272 273 273 273 273 273 273 273 273 273 273 273 273 273 273 273 273 273 273 273 273 273 273 273 273 273 273 273 273 273 273 273 273 273 273 273 273 273 273 272 273 273 273 273 273 273 273 273 273 273 273 273 273 273 273 272 272 273 273 273 273 273 273 273 273 273 273 273 273 272 273 273 273 273 273 273 273 347 341 347 341 341 338 341 346 338 338 338 338 338 346 338 338 338 338 344 343 343 340 346 341 341 343 341 341 345 346 344 347 346 344 341 341 341 341 345 344 341 343 344 343 344 341 341 346 344 345 339 341 344 341 339 336 339 337 339 337 337 343 337 337 337 337 337 341 344 344 341 337 341 347 346 337 341 344 344 341 344 346 341 341 344 341 333 344 344 338 341 341 338 338 341 341 341 346 338 329 338 338 341 343 338 338 338 338 338 339 338 338 333 341 338 346 341 341 338 338 338 339 341 338 338 338 338 347 339 343 339 343 346 343 341 344 338 343 343 341 341 341 341 341 341 341 341 338 344 341 338 346 338 338 338 344 344 339 344 343 344 344 341 343 338 341 341 338 341 339 341 338 341 344 344 345 346 347 344 344 341 346 346 346 345 347 341 346 338 341 338 341 341 339 
# name: freq
# type: matrix
# rows: 1
# columns: 356
 50.0 50.0 50.0 50.0 50.0 50.0 50.0 50.0 50.0 50.0 50.0 50.0 50.0 50.0 50.0 50.0 50.0 50.0 50.0 50.0 50.0 50.0 50.0 50.0 50.0 50.0 50.0 50.0 50.0 50.0 50.0 50.0 50.0 50.0 50.0 50.0 50.0 50.0 50.0 50.0 50.0 50.0 50.0 50.0 50.0 50.0 50.0 50.0 50.0 50.0 50.1 50.1 50.1 50.1 50.1 50.1 50.1 50.1 50.1 50.1 50.1 50.1 50.1 50.1 50.1 50.1 50.1 50.1 50.1 50.1 50.1 50.1 50.1 50.1 50.1 50.1 50.0 50.1 50.1 50.1 50.1 50.1 50.1 50.1 50.1 50.1 50.1 50.1 50.1 50.1 50.1 50.1 50.1 50.1 50.1 50.1 50.1 50.1 50.1 50.0 50.1 50.1 50.1 50.1 50.1 50.1 50.1 50.1 50.0 50.0 50.0 50.0 50.1 50.1 50.1 50.1 50.1 50.1 50.1 50.0 50.1 50.0 50.1 50.0 50.1 50.1 50.1 50.0 50.0 50.0 50.0 50.0 50.0 50.0 50.0 50.1 50.0 50.0 50.0 50.0 50.0 50.0 50.0 50.0 50.0 50.0 50.0 50.0 50.0 50.0 50.0 50.0 50.1 50.1 50.0 50.0 50.0 50.0 50.1 50.0 50.0 50.1 50.0 50.0 50.0 50.0 50.0 50.0 50.0 50.0 50.0 50.0 50.0 50.0 50.0 50.0 50.0 50.0 50.0 50.0 50.0 50.0 50.0 50.0 50.0 50.0 50.0 50.0 50.0 50.0 50.0 50.0 50.0 50.0 50.0 50.0 50.0 50.0 50.0 50.0 50.0 50.0 50.0 50.0 50.0 50.0 50.0 50.0 50.0 50.0 50.0 50.0 50.0 50.0 50.0 50.0 50.0 50.0 50.0 50.0 50.0 50.0 50.0 50.0 50.0 50.0 50.0 50.0 50.0 50.0 50.0 50.0 50.0 50.0 50.0 50.0 50.0 50.0 50.0 50.0 50.0 50.0 50.0 50.0 50.0 50.0 50.0 50.0 50.0 50.0 50.0 50.0 50.0 50.0 50.0 50.0 50.0 50.0 50.0 50.0 50.0 50.0 50.0 50.0 50.0 50.0 50.0 50.0 50.0 50.0 50.0 50.0 50.0 50.0 50.0 50.0 50.0 50.0 50.0 50.0 50.0 50.0 50.0 50.0 50.0 50.0 50.0 50.0 50.0 50.0 50.0 50.0 50.0 50.0 50.0 50.0 50.0 50.0 50.0 50.0 50.0 50.0 50.0 50.0 50.0 50.0 50.0 50.0 50.0 50.0 50.0 50.0 50.0 50.0 50.0 50.0 50.0 50.0 50.0 50.0 50.0 50.0 50.0 50.0 50.0 50.0 50.0 50.0 50.0 50.0 50.0 50.0 50.0 50.0 50.0 50.0 50.0 50.0 50.0 50.0 50.0 50.0 50.0 49.9 50.0 50.0 50.0 50.0 50.0 49.9 50.0 50.0 50.0 50.0 50.0 50.0 
# name: reacPower
# type: matrix
# rows: 1
# columns: 356
 -5.383 -5.486 -5.59 -5.383 -5.486 -5.486 -6.107 -5.486 -5.486 -5.279 -5.383 -5.383 -5.383 -5.486 -5.486 -5.383 -5.693 -5.383 -5.486 -5.383 -5.486 -5.486 -5.383 -5.383 -5.486 -5.383 -5.383 -5.693 -5.383 -5.486 -5.486 -5.486 -5.59 -5.383 -5.383 -5.486 -5.176 -5.383 -5.486 -5.693 -5.279 -5.176 -5.176 -5.279 -5.176 -5.383 -6.004 -5.383 -5.59 -6.418 -5.486 -5.486 -6.004 -5.383 -5.383 -5.383 -5.486 -5.486 -5.383 -5.383 -5.59 -5.59 -5.486 -6.418 -5.693 -5.486 -6.625 -7.66 -6.935 -5.486 -5.486 -5.486 -5.486 -5.486 -5.486 -5.486 -5.486 -5.486 -5.486 -5.486 -5.486 -5.486 -5.486 -5.486 -5.486 -5.486 -5.486 -5.486 -5.486 -5.486 -5.486 -5.486 -5.486 -5.486 -5.486 -5.486 -5.486 -5.486 -5.486 -5.486 -5.486 -5.486 -5.486 -5.486 -5.486 -5.486 -5.486 -5.486 -5.486 -5.486 -5.486 -5.486 -5.486 -5.486 -5.486 -5.486 -5.486 -5.486 -5.486 -5.486 -5.486 -5.486 -5.486 -5.486 -5.486 -5.486 -5.486 -5.486 -5.486 -5.486 -5.486 -5.486 -5.486 -5.486 -5.486 -5.486 -5.486 -5.486 -5.486 -5.486 -5.486 -5.486 -5.486 -5.383 -5.486 -5.486 -5.486 -5.486 -5.486 -5.486 -5.486 -5.486 -5.486 -5.486 -5.486 -5.383 -5.486 -5.486 -5.383 -5.383 -5.383 -5.486 -6.004 -6.107 -7.66 -5.383 -5.072 -4.968 -5.176 -5.383 -4.968 -4.968 -4.865 -4.968 -4.865 -5.279 -4.968 -4.968 -4.968 -4.968 -5.486 -6.314 -6.625 -8.488 -5.693 -5.486 -5.072 -7.246 -5.176 -5.072 -6.832 -5.693 -5.383 -7.556 -5.693 -5.59 -5.072 -5.072 -5.176 -7.039 -6.728 -5.383 -5.279 -6.625 -5.59 -6.625 -5.279 -6.107 -5.279 -5.797 -5.383 -7.142 -6.418 -7.039 -5.59 -9.73 -7.867 -8.902 -7.039 -6.728 -6.728 -6.314 -6.418 -7.867 -6.521 -6.625 -6.521 -6.314 -6.521 -7.764 -5.693 -5.693 -6.211 -6.521 -5.383 -7.764 -6.107 -6.211 -5.486 -5.693 -5.797 -6.211 -5.797 -5.693 -5.486 -5.383 -5.693 -6.521 -6.832 -5.59 -5.59 -5.176 -5.176 -6.211 -5.383 -5.383 -5.486 -5.279 -5.486 -6.107 -5.279 -6.728 -5.486 -5.279 -5.383 -7.349 -5.279 -5.693 -5.279 -5.693 -5.279 -6.211 -5.279 -5.486 -6.314 -5.486 -5.59 -5.797 -5.279 -5.279 -5.383 -5.279 -5.176 -6.211 -5.279 -5.279 -5.176 -5.279 -5.176 -6.107 -6.314 -6.625 -7.556 -7.66 -6.107 -6.832 -5.279 -5.59 -5.176 -6.728 -6.935 -6.832 -5.486 -5.383 -5.176 -5.383 -5.279 -6.211 -5.383 -5.279 -5.59 -5.383 -5.176 -6.004 -5.176 -5.176 -5.176 -5.59 -5.693 -6.211 -5.693 -6.935 -5.693 -6.107 -5.486 -6.728 -5.072 -5.072 -5.279 -4.968 -6.211 -6.211 -5.383 -4.968 -5.072 -5.59 -5.9 -7.142 -5.59 -5.693 -5.279 -5.59 -5.176 -5.693 -5.693 -5.9 -6.832 -6.004 -5.176 -5.59 -4.968 -5.072 -4.865 -5.9 -5.279 -6.418 
