# name: phAngle
# type: matrix
# rows: 1
# columns: 359
 348 348 348 348 348 348 348 348 348 348 348 348 348 348 348 348 347 348 348 347 347 348 348 347 348 347 347 347 348 348 348 348 348 348 348 351 351 350 350 349 348 348 348 348 348 348 348 348 348 348 348 348 348 348 347 347 347 348 347 348 347 347 347 347 347 347 347 347 347 347 347 347 348 347 347 347 347 347 347 347 347 347 347 347 347 347 347 347 347 347 347 346 347 347 347 347 346 346 346 346 346 346 346 346 346 346 346 346 346 346 346 346 346 346 346 347 346 346 347 349 349 349 349 349 349 349 346 345 345 345 345 345 347 345 350 351 350 350 350 350 350 350 350 350 350 350 350 350 350 350 350 350 350 350 350 346 346 346 346 346 346 346 347 347 347 347 347 347 347 347 347 347 347 349 347 347 348 348 349 347 347 347 347 347 346 347 346 346 346 346 346 346 346 346 346 346 347 349 347 346 346 346 347 346 346 346 346 346 346 346 346 346 346 347 346 346 346 346 346 346 346 346 349 346 346 346 345 346 346 346 345 346 346 347 350 350 350 350 350 350 350 346 346 345 345 345 345 346 345 345 345 345 345 348 348 345 345 345 345 345 345 345 345 345 345 345 345 345 345 345 345 345 345 345 345 345 345 345 345 345 345 345 345 345 345 347 345 345 345 345 345 345 345 345 345 345 345 345 345 344 344 344 344 345 345 345 345 346 344 344 344 344 344 344 344 344 344 343 343 343 343 346 346 346 346 345 346 347 346 347 346 347 347 346 347 346 346 346 346 345 347 346 347 345 346 345 345 345 346 346 346 347 346 346 346 346 345 347 346 
# name: freq
# type: matrix
# rows: 1
# columns: 359
 50.0 50.0 50.0 50.0 50.0 50.0 50.0 50.0 50.0 50.0 50.0 50.0 50.0 50.0 50.0 50.0 50.0 50.0 50.0 50.0 50.0 50.0 50.0 50.0 50.0 50.0 50.0 50.0 50.0 50.0 50.0 50.0 50.0 50.0 50.0 50.0 50.0 50.0 50.0 50.0 50.0 50.0 50.0 50.0 50.0 50.0 50.0 50.0 50.0 50.0 50.0 50.0 50.0 50.0 50.0 50.0 50.0 50.0 50.0 50.0 50.0 50.0 50.0 50.0 50.0 50.0 50.0 50.0 50.0 50.0 50.0 50.0 50.0 50.0 50.0 50.0 50.0 50.0 50.0 50.0 50.0 50.0 50.0 50.0 50.0 50.0 50.0 50.0 50.0 50.0 50.0 50.0 50.0 50.0 50.0 50.0 50.0 50.0 50.0 50.0 50.0 50.0 50.0 50.0 50.0 50.0 50.0 50.0 50.0 50.0 50.0 50.0 50.0 50.0 50.0 50.0 50.0 50.0 50.0 50.0 50.0 50.0 50.0 50.0 50.0 50.0 50.0 50.0 50.0 50.0 50.0 50.0 50.0 50.0 50.0 50.0 50.0 50.0 50.0 50.0 50.0 50.0 50.0 50.0 50.0 50.0 50.0 50.0 50.0 50.0 50.0 50.0 50.0 50.0 50.0 50.0 50.0 50.0 50.0 50.0 50.0 50.0 50.0 50.0 50.0 50.0 50.0 50.0 50.0 50.0 50.0 50.0 50.0 50.0 50.0 50.0 50.0 50.0 50.0 50.0 50.0 50.0 50.0 50.0 50.0 50.0 50.0 50.0 50.0 50.0 50.0 50.0 50.0 50.0 50.0 50.0 50.0 50.0 50.0 50.0 50.0 50.0 50.0 50.0 50.0 50.0 50.0 50.0 50.0 50.0 50.0 50.0 50.0 50.0 50.0 50.0 50.0 50.0 50.0 50.0 50.0 50.0 50.0 50.0 50.0 50.0 50.0 50.0 50.0 50.0 50.0 50.0 50.0 50.0 50.0 50.0 50.0 50.0 50.0 50.0 50.0 50.0 50.0 50.0 50.0 50.0 50.0 50.0 50.0 50.0 50.0 50.0 50.0 50.0 50.0 50.0 50.0 50.0 50.0 50.0 50.0 50.0 50.0 50.0 50.0 50.0 50.0 50.0 50.0 50.0 50.0 50.0 50.0 50.0 50.0 50.0 50.0 50.0 50.0 50.0 50.0 50.0 50.0 50.0 50.0 50.0 50.0 50.0 50.0 50.0 50.0 50.0 50.0 50.0 50.0 50.0 50.0 50.0 50.0 50.0 50.0 50.0 50.0 50.0 50.0 50.0 50.0 50.0 50.0 50.0 50.0 50.0 50.0 50.0 50.0 50.0 50.0 50.0 50.0 50.0 50.0 50.0 50.0 50.0 50.0 50.0 50.0 50.0 50.0 50.0 50.0 50.0 50.0 50.0 50.0 50.0 50.0 50.0 50.0 50.0 50.0 50.0 50.0 50.0 50.0 50.0 50.0 50.0 50.0 50.0 50.0 50.0 50.0 50.0 50.0 50.0 50.0 50.0 50.0 
# name: reacPower
# type: matrix
# rows: 1
# columns: 359
 -14.467 -14.467 -14.363 -14.467 -14.363 -14.363 -14.363 -14.363 -14.363 -14.363 -14.363 -14.363 -14.363 -14.363 -14.467 -14.675 -14.363 -14.467 -14.467 -14.363 -14.363 -14.363 -14.363 -14.363 -14.467 -14.363 -14.363 -14.363 -14.571 -14.467 -14.363 -14.467 -14.467 -14.363 -14.363 -15.507 -15.507 -15.091 -14.987 -14.779 -14.467 -14.467 -14.363 -14.363 -14.363 -14.363 -14.467 -14.363 -14.363 -14.363 -14.467 -14.363 -14.467 -14.467 -14.363 -14.363 -14.363 -14.363 -14.258 -14.363 -14.363 -14.363 -14.363 -14.363 -14.363 -14.258 -14.363 -14.258 -14.258 -14.363 -14.258 -14.258 -14.258 -14.258 -14.258 -14.258 -14.258 -14.154 -14.258 -14.258 -14.258 -14.258 -14.154 -14.154 -14.154 -14.258 -14.154 -14.258 -14.258 -14.154 -14.154 -14.154 -14.154 -14.154 -14.154 -14.154 -14.154 -14.05 -14.05 -14.05 -13.946 -14.05 -13.946 -13.946 -13.946 -13.842 -13.946 -13.946 -13.946 -13.946 -13.842 -13.946 -13.842 -13.946 -13.946 -14.258 -13.842 -14.05 -14.363 -14.987 -14.987 -14.883 -14.987 -14.987 -14.987 -14.987 -13.946 -13.842 -13.946 -13.842 -13.842 -13.842 -13.738 -13.842 -14.987 -15.403 -15.195 -15.403 -15.299 -14.987 -15.091 -15.091 -15.195 -15.091 -14.987 -14.987 -15.091 -15.091 -14.987 -14.987 -14.987 -15.091 -14.987 -15.091 -15.091 -13.946 -13.946 -13.946 -13.946 -14.05 -13.842 -14.05 -13.738 -13.738 -13.738 -13.738 -13.738 -13.738 -13.634 -13.738 -13.634 -13.634 -13.634 -14.779 -13.634 -14.154 -14.467 -14.571 -14.779 -14.258 -14.154 -14.154 -14.154 -14.363 -14.154 -14.154 -14.05 -14.154 -14.154 -14.154 -13.634 -13.634 -13.53 -13.322 -13.634 -13.634 -13.842 -14.987 -14.467 -14.154 -14.154 -14.258 -14.363 -14.154 -14.154 -14.05 -14.05 -14.05 -13.946 -14.05 -13.842 -13.53 -13.53 -13.738 -13.426 -13.53 -13.322 -13.426 -13.53 -13.426 -13.426 -13.53 -14.779 -13.322 -13.426 -13.426 -13.426 -13.426 -13.426 -13.426 -13.426 -13.322 -13.53 -13.738 -14.987 -15.091 -15.091 -15.091 -14.987 -14.987 -15.091 -13.53 -13.426 -13.426 -13.426 -13.426 -13.426 -13.946 -13.322 -13.322 -13.426 -13.322 -13.322 -14.571 -14.571 -13.322 -13.322 -13.426 -13.322 -13.322 -13.322 -13.322 -13.218 -13.322 -13.322 -13.322 -13.322 -13.322 -13.322 -13.426 -13.322 -13.322 -13.322 -13.322 -13.322 -13.322 -13.322 -13.322 -13.322 -13.322 -13.322 -13.322 -13.322 -13.322 -13.218 -13.842 -13.322 -13.322 -13.218 -13.322 -13.322 -13.322 -13.322 -13.322 -13.322 -13.322 -13.322 -13.218 -13.218 -13.218 -13.322 -13.322 -13.218 -13.322 -13.426 -13.322 -13.322 -13.738 -13.218 -13.218 -13.322 -13.218 -13.218 -13.322 -13.218 -13.218 -13.322 -13.322 -13.218 -13.218 -13.218 -13.634 -13.53 -13.634 -13.426 -13.426 -13.634 -13.842 -14.05 -13.634 -13.53 -13.738 -13.842 -13.946 -13.842 -13.946 -13.634 -13.634 -13.53 -13.426 -13.842 -14.05 -13.738 -13.946 -14.05 -13.842 -13.842 -13.946 -13.738 -13.738 -13.634 -13.842 -13.634 -13.53 -13.738 -13.738 -13.53 -13.738 -13.634 
