# name: phAngle
# type: matrix
# rows: 1
# columns: 352
 270 270 270 285 270 270 270 270 270 270 270 270 270 270 270 270 354 350 349 349 349 349 349 348 351 350 351 353 353 353 353 353 350 353 353 353 353 353 353 353 353 353 353 353 353 353 353 353 353 353 353 353 353 350 350 354 350 354 350 354 351 354 353 353 353 353 353 353 353 353 353 353 351 348 353 353 350 353 353 353 353 353 353 353 353 353 353 353 353 353 353 353 353 353 353 353 353 353 353 353 353 353 353 353 353 353 353 353 353 353 353 353 353 353 353 353 353 353 353 353 353 353 353 353 353 353 353 351 350 350 350 353 353 353 353 350 353 353 350 353 353 353 356 349 353 352 352 352 352 352 352 352 353 352 352 352 352 352 352 352 352 352 352 352 352 352 352 351 351 352 356 352 352 356 356 356 356 351 351 351 356 356 356 356 356 355 356 356 355 355 355 355 355 355 355 355 355 354 355 355 355 355 355 355 355 355 355 355 355 355 355 355 355 355 355 355 355 355 355 355 355 355 355 355 355 355 355 355 355 355 355 355 355 355 355 355 355 355 354 354 354 354 354 354 354 354 354 354 354 354 354 354 354 354 354 354 354 354 350 354 354 354 354 353 353 354 354 354 354 354 355 333 333 333 333 333 333 333 333 333 333 333 333 333 333 333 333 333 333 333 333 333 333 333 333 333 333 333 333 333 356 355 355 355 356 355 355 355 355 355 355 355 355 355 355 355 355 355 355 355 355 355 355 355 355 355 355 355 355 355 355 355 355 355 355 356 356 356 356 355 355 355 355 356 355 355 355 355 355 355 355 355 
# name: freq
# type: matrix
# rows: 1
# columns: 352
 50.0 50.0 50.0 50.0 50.0 50.0 50.0 50.0 50.0 50.0 50.0 50.0 50.0 50.0 50.0 50.0 50.0 50.0 50.0 50.0 50.0 50.0 50.0 50.0 50.0 50.0 50.0 50.0 50.0 50.0 50.0 50.0 50.0 50.0 50.0 50.0 50.0 50.0 50.0 50.0 50.0 50.0 50.0 50.0 50.0 50.0 50.0 50.0 50.0 50.0 50.0 50.0 50.0 50.0 50.0 50.0 50.0 50.0 50.0 50.0 50.0 50.0 50.0 50.0 50.0 50.0 50.0 50.0 50.0 50.0 50.0 50.0 50.0 50.0 50.0 50.0 50.0 50.0 50.0 50.0 50.0 50.0 50.0 50.0 50.0 50.0 50.0 50.0 50.0 50.0 50.0 50.0 50.0 50.0 50.0 50.0 50.0 50.0 50.0 50.0 50.0 50.0 50.0 50.0 50.0 50.0 50.0 50.0 50.0 50.0 50.0 50.0 50.0 50.0 50.0 50.0 50.0 50.0 50.0 50.0 50.0 50.0 50.0 50.0 50.0 50.0 50.0 50.0 50.0 50.0 50.0 50.0 50.0 50.0 50.0 50.0 50.0 50.0 50.0 50.0 50.0 50.0 50.0 50.0 50.0 50.0 50.0 50.0 50.0 50.0 50.0 50.0 50.0 50.0 50.0 50.0 50.0 50.0 50.0 50.0 50.1 50.0 50.1 50.0 50.1 50.1 50.1 50.1 50.1 50.1 50.1 50.1 50.1 50.1 50.0 50.0 50.0 50.1 50.0 50.1 50.1 50.1 50.0 50.1 50.0 50.0 50.1 50.0 50.0 50.0 50.1 50.0 50.1 50.0 50.0 50.1 50.1 50.0 50.0 50.0 50.0 50.0 50.0 50.0 50.0 50.0 50.0 50.0 50.0 50.0 50.0 50.0 50.0 50.0 50.0 50.0 50.0 50.0 50.0 50.0 50.0 50.0 50.0 50.0 50.0 50.0 50.0 50.0 50.0 50.0 50.0 50.0 50.0 50.0 50.0 50.0 50.0 50.0 50.0 50.0 50.0 50.0 50.0 50.0 50.0 50.0 50.0 50.0 50.0 50.0 50.0 50.0 50.0 50.0 50.0 50.0 50.0 50.0 50.0 50.0 50.0 50.0 50.0 50.0 50.0 50.0 50.0 50.0 50.0 50.0 50.0 50.0 50.0 50.0 50.0 50.0 50.0 50.0 50.0 50.0 50.0 50.0 50.0 50.0 50.0 50.0 50.0 50.0 50.0 50.0 50.0 50.0 50.0 50.0 50.0 50.0 50.0 50.0 49.9 50.0 50.0 50.0 50.0 50.0 50.0 50.0 50.0 50.0 50.0 50.0 50.0 50.0 50.0 50.0 50.0 50.0 50.0 50.0 50.0 50.0 50.0 50.0 49.9 50.0 50.0 50.0 50.0 50.0 50.0 50.0 50.0 50.0 50.0 50.0 50.0 50.0 50.0 50.0 50.0 50.0 50.0 50.0 50.0 50.0 50.0 50.0 50.0 50.0 50.0 50.0 50.0 50.0 
# name: reacPower
# type: matrix
# rows: 1
# columns: 352
 -3.83 -3.83 -3.83 -3.933 -3.83 -3.83 -3.726 -3.726 -3.726 -3.726 -3.83 -3.83 -3.726 -3.726 -3.726 -3.726 -2.588 -11.697 -11.387 -11.076 -9.523 -11.387 -8.799 -10.662 -7.349 -6.625 -7.246 -5.693 -5.59 -5.279 -5.797 -5.383 -6.521 -6.004 -5.486 -5.9 -5.486 -5.383 -5.383 -5.383 -5.279 -5.693 -5.693 -5.383 -5.693 -5.072 -5.59 -5.072 -5.693 -5.279 -5.9 -5.9 -5.486 -6.211 -6.625 -5.693 -6.418 -6.107 -6.314 -6.107 -7.039 -5.797 -5.59 -5.693 -5.59 -5.383 -5.693 -5.693 -5.486 -5.383 -5.176 -5.383 -6.211 -10.352 -5.486 -5.383 -2.277 -5.486 -5.383 -5.279 -5.383 -5.072 -5.072 -5.176 -5.383 -5.176 -5.072 -5.072 -5.59 -5.176 -5.176 -5.383 -5.176 -5.486 -5.59 -5.383 -5.383 -5.383 -5.279 -5.176 -5.383 -5.072 -5.176 -5.176 -4.968 -5.072 -5.072 -4.968 -5.279 -5.072 -5.279 -5.486 -5.072 -5.176 -5.279 -5.072 -5.486 -4.968 -5.072 -5.072 -5.176 -4.968 -5.176 -5.279 -5.486 -5.279 -5.9 -7.556 -6.211 -6.418 -7.142 -5.797 -5.176 -5.693 -5.072 -7.039 -5.693 -4.658 -6.521 -6.107 -6.004 -5.383 -3.83 -6.314 -5.486 -5.383 -4.761 -4.347 -4.968 -5.072 -4.865 -4.865 -5.693 -4.554 -4.658 -4.347 -4.451 -4.347 -4.554 -4.14 -4.451 -4.554 -4.244 -4.037 -4.14 -4.14 -4.244 -4.244 -4.14 -4.244 -4.037 -4.14 -4.14 -3.83 -3.933 -4.037 -3.83 -4.14 -4.14 -4.14 -3.933 -3.933 -3.933 -4.037 -3.933 -3.726 -4.037 -3.83 -3.726 -3.933 -3.83 -3.83 -3.83 -3.726 -3.623 -3.623 -3.623 -3.002 -3.623 -3.519 -3.83 -3.623 -3.623 -3.623 -3.83 -3.83 -3.83 -3.83 -3.726 -3.623 -3.623 -3.726 -3.519 -3.519 -3.519 -3.416 -3.416 -3.416 -3.519 -3.416 -3.416 -3.312 -3.416 -3.312 -3.312 -3.105 -3.105 -3.209 -3.416 -3.312 -3.623 -3.312 -3.312 -3.416 -3.416 -3.209 -3.209 -3.209 -3.002 -3.002 -2.898 -2.898 -2.795 -2.898 -2.588 -2.691 -2.795 -2.795 -2.795 -2.795 -2.795 -2.898 -2.691 -2.795 -2.795 -2.898 -2.691 -2.588 -2.38 -2.588 -2.795 -2.588 -2.691 -2.588 -2.588 -2.795 -2.588 -2.795 -2.795 -2.691 -3.312 -2.795 -2.795 -2.795 -2.795 -2.898 -2.795 -2.898 -2.795 -2.898 -2.898 -2.898 -2.898 -2.898 -2.898 -2.898 -2.898 -2.898 -2.898 -2.898 -2.898 -2.898 -2.898 -2.898 -2.898 -3.002 -3.002 -3.002 -2.898 -3.002 -3.623 -3.519 -3.519 -3.623 -3.83 -3.416 -3.519 -3.416 -3.519 -3.209 -3.105 -3.312 -3.312 -3.105 -3.209 -3.209 -3.105 -3.209 -3.105 -3.416 -3.209 -3.105 -3.105 -3.209 -3.312 -3.416 -3.209 -3.105 -3.209 -3.416 -3.416 -3.312 -3.209 -3.312 -3.416 -3.933 -3.933 -3.933 -3.933 -3.83 -3.519 -3.623 -3.726 -3.623 -3.519 -3.726 -3.83 -3.83 -3.623 -3.726 -3.519 -3.726 
