# name: phAngle
# type: matrix
# rows: 1
# columns: 359
 355 355 355 355 355 355 355 355 355 355 355 355 355 355 355 355 355 355 355 355 355 355 355 355 355 355 355 355 355 355 355 355 355 355 355 355 355 355 355 355 355 355 355 355 355 355 355 355 355 355 355 355 355 355 355 355 355 355 355 355 355 355 355 355 355 355 355 355 355 355 355 355 355 355 355 355 355 355 355 355 355 355 355 355 355 355 355 355 355 355 355 355 355 355 355 355 355 355 355 355 355 355 355 355 355 355 355 355 355 355 355 355 355 355 355 355 355 355 355 355 355 355 355 355 355 351 355 355 355 355 355 355 354 354 354 354 354 354 354 354 354 354 354 354 354 354 354 354 354 354 354 354 354 354 354 354 354 354 354 354 354 354 354 354 354 354 354 354 354 354 354 354 354 354 354 354 354 354 354 354 354 354 354 354 354 354 354 354 354 354 354 354 354 354 354 354 354 354 354 354 354 354 354 354 354 354 354 354 354 354 354 354 354 354 355 356 355 355 356 356 352 355 355 355 355 355 355 279 279 279 279 279 279 279 279 279 279 279 279 278 279 278 279 270 270 270 270 270 270 270 276 270 270 270 270 270 270 270 270 270 270 270 353 356 353 353 353 353 353 353 353 352 352 352 352 352 352 352 352 352 352 352 352 352 352 352 352 352 352 352 352 352 352 352 353 352 353 353 353 352 352 352 352 352 352 352 352 352 352 353 352 352 352 352 352 352 352 352 352 352 352 353 352 353 352 352 352 350 352 350 350 350 350 350 350 350 350 350 350 350 350 350 350 350 350 350 350 350 350 350 350 350 350 350 352 350 350 350 350 
# name: freq
# type: matrix
# rows: 1
# columns: 359
 50.0 50.0 50.0 50.0 50.0 50.0 50.0 50.0 50.0 50.0 50.0 50.0 50.0 50.0 50.0 50.0 50.0 50.0 50.0 50.0 50.0 50.0 50.0 50.0 50.0 50.0 50.0 50.0 49.9 50.0 50.0 50.0 50.0 50.0 50.0 50.0 50.0 50.0 50.0 50.0 50.0 50.0 50.0 50.0 50.0 50.0 50.0 50.0 49.9 50.0 50.0 50.0 50.0 50.0 50.0 50.0 50.0 50.0 50.0 50.0 50.0 49.9 49.9 50.0 50.0 49.9 50.0 50.0 49.9 49.9 49.9 50.0 50.0 49.9 50.0 50.0 49.9 50.0 49.9 49.9 50.0 50.0 49.9 50.0 50.0 49.9 49.9 49.9 49.9 49.9 50.0 49.9 50.0 49.9 49.9 49.9 49.9 49.9 49.9 49.9 49.9 49.9 49.9 49.9 50.0 49.9 50.0 50.0 49.9 49.9 49.9 49.9 49.9 49.9 50.0 49.9 50.0 49.9 49.9 49.9 49.9 50.0 49.9 50.0 50.0 50.0 50.0 50.0 50.0 50.0 50.0 50.0 50.0 50.0 50.0 50.0 50.0 50.0 50.0 50.0 50.0 50.0 50.0 50.0 50.0 50.0 50.0 50.0 50.0 50.0 50.0 50.0 50.0 50.0 50.0 50.0 50.0 50.0 50.0 50.0 50.0 50.0 50.0 50.0 50.0 50.0 50.0 50.0 50.0 50.0 50.0 50.0 50.0 50.0 50.0 50.1 50.0 50.0 50.0 50.1 50.0 50.0 50.0 50.0 50.0 50.0 50.0 50.0 50.1 50.0 50.0 50.0 50.0 50.0 50.0 50.0 50.0 50.0 50.0 50.0 50.0 50.0 50.0 50.0 50.0 50.0 50.0 50.0 50.0 50.0 50.0 50.0 50.0 50.0 50.0 50.0 50.0 50.0 50.0 50.0 50.0 50.0 50.0 50.0 50.0 50.0 50.0 50.0 50.0 50.0 50.0 50.0 50.0 50.0 50.0 50.0 50.0 50.0 50.0 50.0 50.0 50.0 50.0 50.0 50.0 50.0 50.0 50.0 50.0 50.0 50.0 50.0 50.0 50.0 50.0 50.0 50.0 50.0 50.0 50.0 50.0 50.0 50.0 50.0 50.0 50.0 50.0 50.0 50.0 50.0 50.0 50.0 50.0 50.0 50.0 50.0 50.0 50.0 50.0 50.0 50.0 50.0 50.0 50.0 50.0 50.0 50.0 50.0 50.0 50.0 50.0 50.0 50.0 50.0 50.0 50.0 50.0 50.0 50.0 50.0 50.0 50.0 50.0 50.0 50.0 50.0 50.0 50.0 50.0 50.0 50.0 50.0 50.0 50.0 50.0 50.0 50.0 50.0 50.0 50.0 50.0 50.0 50.0 50.0 50.0 50.0 50.0 50.0 50.0 50.0 50.0 50.0 50.0 50.0 50.0 50.0 50.0 50.0 50.0 50.0 50.0 50.0 50.0 50.0 50.0 50.0 50.0 50.0 50.0 50.0 50.0 50.0 50.0 50.0 50.0 50.0 50.0 50.0 50.0 
# name: reacPower
# type: matrix
# rows: 1
# columns: 359
 -3.312 -3.209 -3.002 -3.002 -3.312 -3.416 -3.312 -3.312 -3.209 -3.312 -3.416 -3.519 -3.519 -3.312 -3.519 -3.416 -3.312 -3.519 -3.416 -3.416 -3.312 -3.416 -3.416 -3.623 -3.623 -3.623 -3.519 -3.416 -3.416 -3.519 -3.416 -3.312 -3.105 -3.105 -3.209 -3.209 -3.002 -3.105 -3.209 -3.105 -3.209 -3.312 -3.209 -3.209 -3.209 -3.209 -3.416 -3.209 -3.312 -3.209 -3.312 -3.312 -3.209 -3.105 -3.312 -3.209 -3.312 -3.312 -3.416 -3.416 -3.312 -3.105 -3.209 -3.209 -3.209 -3.209 -3.209 -3.209 -3.209 -3.416 -3.209 -3.312 -3.209 -3.105 -3.416 -3.209 -3.312 -3.416 -3.209 -3.105 -2.898 -3.002 -3.002 -2.898 -3.002 -3.105 -2.898 -3.209 -3.105 -3.105 -3.209 -3.105 -3.209 -3.002 -3.105 -3.105 -3.209 -3.105 -3.105 -3.209 -3.105 -3.105 -3.105 -3.002 -3.002 -3.209 -3.209 -3.105 -3.105 -3.105 -3.105 -3.105 -3.209 -3.105 -3.002 -2.898 -3.105 -3.105 -3.105 -3.209 -3.002 -3.002 -3.312 -3.209 -3.105 -4.347 -3.416 -3.209 -3.105 -3.105 -3.105 -3.105 -3.002 -2.691 -2.691 -2.691 -2.691 -2.588 -2.691 -2.588 -2.588 -2.795 -2.691 -2.691 -2.588 -2.691 -2.691 -2.795 -2.484 -2.588 -2.484 -2.588 -2.588 -2.588 -2.691 -2.795 -2.795 -2.795 -2.795 -2.484 -2.484 -2.795 -2.484 -2.691 -2.795 -2.588 -2.691 -2.795 -2.898 -2.795 -2.588 -2.588 -2.484 -2.795 -2.691 -2.691 -2.691 -2.691 -2.691 -2.795 -2.795 -2.691 -2.588 -2.588 -2.691 -2.795 -2.795 -2.691 -2.691 -2.795 -2.588 -2.588 -2.588 -2.588 -2.484 -2.588 -2.588 -2.691 -2.691 -2.691 -2.588 -2.588 -2.588 -2.795 -2.898 -2.588 -2.691 -2.484 -2.691 -2.691 -2.691 -2.691 -2.691 -2.691 -3.312 -3.519 -3.416 -3.416 -4.037 -3.83 -4.14 -2.898 -2.898 -2.691 -2.691 -2.898 -2.795 -3.519 -3.519 -3.519 -3.519 -3.519 -3.519 -3.519 -3.519 -3.519 -3.519 -3.519 -3.519 -3.519 -3.623 -3.623 -3.623 -3.726 -3.726 -3.726 -3.726 -3.726 -3.726 -3.726 -3.623 -3.726 -3.726 -3.726 -3.726 -3.726 -3.726 -3.726 -3.726 -3.726 -3.726 -3.726 -2.277 -3.623 -2.173 -2.277 -2.277 -2.277 -2.277 -2.277 -2.38 -2.173 -2.173 -2.277 -2.173 -2.173 -2.173 -2.173 -2.173 -2.173 -2.173 -2.277 -2.173 -2.173 -2.173 -2.277 -2.277 -2.277 -2.277 -2.173 -2.173 -2.173 -2.277 -2.277 -2.277 -2.173 -2.277 -2.277 -2.277 -2.173 -2.173 -2.173 -2.173 -2.173 -2.173 -2.277 -2.277 -2.277 -2.38 -2.173 -2.277 -2.173 -2.173 -2.277 -2.277 -2.277 -2.277 -2.277 -2.277 -2.277 -2.277 -2.277 -2.277 -2.38 -2.277 -2.277 -2.277 -2.277 -2.277 -2.277 -2.277 -2.277 -2.173 -2.277 -2.277 -2.277 -2.277 -2.277 -2.277 -2.277 -2.277 -2.277 -2.277 -2.38 -2.277 -2.277 -2.277 -2.277 -2.277 -2.277 -2.277 -2.38 -2.277 -2.277 -2.277 -2.38 -2.277 -2.277 -2.277 
