# name: phAngle
# type: matrix
# rows: 1
# columns: 359
 0 0 0 0 0 0 0 0 0 0 0 0 0 0 0 0 0 0 0 0 0 0 0 0 0 0 0 0 0 0 0 0 0 0 0 0 0 0 0 0 0 0 0 0 0 0 0 0 0 0 0 0 0 0 0 0 0 0 0 0 0 0 0 0 0 0 0 0 0 0 0 0 0 0 0 0 0 0 0 0 0 0 0 0 0 0 0 0 0 0 0 0 0 0 0 0 0 0 0 0 356 356 357 0 357 0 0 0 0 357 0 0 0 0 0 0 0 0 0 0 0 0 0 0 0 357 0 0 0 0 0 0 0 0 357 0 0 0 0 0 0 0 0 0 0 0 0 0 0 0 0 0 0 0 0 0 0 0 0 0 0 0 0 0 0 0 0 0 0 0 0 358 357 0 0 0 357 357 357 357 357 357 0 357 357 0 0 0 357 0 0 357 0 0 0 0 0 0 357 0 0 0 0 0 0 0 0 0 0 0 0 0 0 0 0 0 0 0 0 0 0 0 0 0 0 0 0 0 0 0 0 0 0 0 0 0 0 0 0 0 0 0 0 0 0 0 0 0 0 0 0 0 0 0 0 0 0 0 0 0 0 0 0 0 0 0 0 0 0 0 0 0 0 0 0 358 0 0 0 0 0 0 0 0 0 0 0 0 0 358 357 357 0 357 357 0 357 357 0 358 358 357 357 357 0 0 0 0 0 0 0 0 0 0 0 0 0 0 0 0 0 0 0 0 0 0 0 0 0 0 0 0 0 0 0 357 0 0 0 357 0 0 0 0 0 0 0 0 0 0 0 0 0 0 0 0 0 0 0 
# name: freq
# type: matrix
# rows: 1
# columns: 359
 50.0 50.0 50.0 50.0 50.0 50.0 50.0 50.0 50.0 50.0 50.0 50.0 50.0 50.0 50.0 50.0 50.0 50.0 50.0 50.0 50.0 50.0 50.0 50.0 50.0 50.0 50.0 50.0 50.0 50.0 50.0 50.0 50.0 50.0 50.0 50.0 50.0 50.0 50.0 50.0 50.0 50.0 50.0 50.0 50.0 50.0 50.0 50.0 50.0 50.0 50.0 50.0 50.0 50.0 50.0 50.0 50.0 50.0 50.0 50.0 50.0 50.0 50.0 50.0 50.0 50.0 50.0 50.0 50.0 50.0 50.0 50.0 50.0 50.0 50.0 50.0 50.0 50.0 50.0 50.0 50.0 50.0 50.0 50.0 50.0 50.0 50.0 50.0 50.0 50.0 50.0 50.0 50.0 50.0 50.0 50.0 50.0 50.0 50.0 50.0 50.0 50.0 50.0 50.0 50.0 50.0 50.0 50.0 50.0 50.0 50.0 50.0 50.0 50.0 50.0 50.0 50.0 50.0 50.0 50.0 50.0 50.0 50.0 50.0 50.0 50.0 50.0 50.0 50.0 50.0 50.0 50.0 50.0 50.0 50.0 50.0 50.0 50.0 50.0 50.0 50.0 50.0 50.0 50.0 50.0 50.0 50.0 50.0 50.0 50.0 50.0 50.0 50.0 50.0 50.0 50.0 50.0 50.0 50.0 50.0 50.0 50.0 50.0 50.0 50.0 50.0 50.0 50.0 50.0 50.0 50.0 50.0 50.0 50.0 50.0 50.0 50.0 50.0 50.0 50.0 50.0 50.0 50.0 50.0 50.0 50.0 50.0 50.0 50.0 50.0 50.0 50.0 50.0 50.0 50.0 50.0 50.0 50.0 50.0 50.0 50.0 50.0 50.0 50.0 50.0 50.0 50.0 50.0 50.0 50.0 50.0 50.0 50.0 50.0 50.0 50.0 50.0 50.0 50.0 50.0 50.0 50.0 50.0 50.0 50.0 50.0 50.0 50.0 50.0 50.0 50.0 50.0 50.0 50.0 50.0 50.0 50.0 50.0 50.0 50.0 50.0 50.0 50.0 50.0 50.0 50.0 50.0 50.0 50.0 50.0 50.0 50.0 50.0 50.0 50.0 50.0 50.0 50.0 50.0 50.0 50.0 50.0 50.0 50.0 50.0 50.0 50.0 50.0 50.0 50.0 50.0 50.0 50.0 50.0 50.0 50.0 50.0 50.0 50.0 50.0 50.0 50.0 50.0 50.0 50.0 50.0 50.0 50.0 50.0 50.0 50.0 50.0 50.0 50.0 50.0 50.0 50.0 50.0 50.0 50.0 50.0 50.0 50.0 50.0 50.0 50.0 50.0 50.0 50.0 50.0 50.0 50.0 50.0 50.0 50.0 50.0 50.0 50.0 50.0 50.0 50.0 50.0 50.0 50.0 50.0 50.0 50.0 50.0 50.0 50.0 50.0 50.0 50.0 50.0 50.0 50.0 50.0 50.0 50.0 50.0 50.0 50.0 50.0 50.0 50.0 50.0 50.0 50.0 50.0 50.0 50.0 50.0 50.0 50.0 50.0 50.0 50.0 50.0 50.0 
# name: reacPower
# type: matrix
# rows: 1
# columns: 359
 -1.248 -1.248 -1.248 -1.457 -1.144 -1.144 -1.04 -1.144 -1.04 -1.353 -1.457 -1.769 -1.248 -1.248 -1.248 -1.353 -1.248 -1.248 -1.353 -1.457 -1.144 -1.144 -1.144 -1.144 -1.04 -1.04 -1.04 -0.936 -1.144 -1.04 -1.144 -0.936 -0.936 -1.04 -0.936 -0.936 -0.936 -0.936 -1.04 -0.936 -1.04 -0.936 -1.144 -1.04 -1.144 -1.353 -1.144 -1.144 -1.144 -1.248 -1.248 -1.248 -1.353 -1.353 -1.248 -1.144 -1.04 -1.144 -1.04 -1.04 -1.04 -0.936 -1.04 -1.144 -1.04 -1.04 -1.04 -1.04 -0.936 -0.936 -0.832 -0.936 -0.936 -0.936 -1.04 -0.936 -0.832 -0.936 -1.04 -0.936 -0.936 -0.728 -0.936 -0.936 -1.04 -1.04 -1.248 -1.144 -1.144 -1.144 -1.248 -1.04 -1.144 -1.144 -0.936 -1.144 -1.144 -1.353 -1.248 -1.248 -4.475 -4.475 -2.185 -1.977 -1.977 -1.873 -1.873 -1.873 -1.873 -1.977 -1.248 -1.248 -1.144 -1.353 -1.248 -1.144 -1.248 -1.144 -1.04 -1.144 -1.144 -1.144 -1.144 -1.248 -1.248 -1.977 -1.873 -1.873 -1.665 -1.665 -1.665 -1.561 -1.665 -1.769 -2.081 -1.769 -1.769 -1.457 -1.769 -1.665 -1.457 -1.561 -1.561 -1.665 -1.665 -1.248 -1.457 -1.353 -1.457 -1.873 -1.353 -1.665 -1.769 -1.457 -1.665 -1.561 -1.769 -1.353 -1.561 -1.561 -1.665 -1.769 -1.561 -1.353 -1.248 -1.248 -1.144 -1.144 -1.144 -1.248 -1.144 -3.018 -2.081 -1.353 -1.353 -1.769 -2.185 -2.081 -1.977 -2.081 -1.977 -1.977 -1.769 -2.081 -1.977 -1.769 -1.873 -1.873 -1.977 -1.769 -1.665 -2.185 -1.248 -1.04 -1.04 -1.144 -1.04 -1.144 -1.977 -1.248 -1.248 -1.144 -1.144 -1.144 -1.144 -1.04 -0.936 -1.04 -1.04 -1.144 -1.04 -1.04 -1.04 -1.04 -0.832 -0.936 -1.04 -1.04 -1.04 -0.936 -0.936 -1.04 -0.936 -1.04 -0.936 -1.04 -1.04 -0.936 -1.04 -0.936 -1.04 -1.144 -1.04 -1.04 -1.144 -0.936 -1.04 -1.144 -1.04 -1.04 -1.144 -1.04 -1.144 -1.248 -1.04 -1.04 -1.144 -1.04 -0.936 -0.936 -0.832 -1.04 -1.144 -1.04 -1.144 -1.144 -0.936 -1.04 -1.04 -0.936 -0.936 -1.144 -0.936 -1.04 -1.248 -1.04 -1.04 -1.144 -1.144 -1.248 -1.04 -1.04 -0.936 -1.04 -0.936 -3.642 -1.873 -1.561 -1.873 -1.665 -1.353 -1.353 -1.353 -1.353 -1.248 -1.353 -1.144 -1.248 -1.457 -3.538 -1.977 -2.185 -1.873 -2.081 -2.185 -1.873 -1.977 -1.977 -1.457 -2.81 -3.122 -2.081 -1.977 -2.081 -1.769 -1.769 -1.665 -1.873 -1.873 -1.769 -1.561 -1.769 -1.873 -1.873 -1.873 -1.561 -1.665 -1.769 -1.873 -1.457 -1.665 -1.873 -1.769 -1.353 -1.561 -1.665 -1.665 -1.561 -1.561 -1.561 -1.457 -1.457 -1.353 -1.665 -1.561 -1.977 -1.665 -1.665 -1.665 -2.081 -1.665 -1.248 -1.561 -1.04 -0.936 -0.832 -0.832 -0.936 -0.832 -1.248 -0.728 -0.832 -0.728 -0.728 -0.728 -0.728 -0.728 -0.728 -0.728 
# name: power
# type: matrix
# rows: 1
# columns: 359
 37.26 37.364 38.093 38.613 37.364 37.468 37.052 37.78 37.364 38.197 38.301 38.925 37.676 37.572 37.78 37.364 37.364 37.572 37.468 37.468 37.364 37.364 37.468 37.26 37.26 37.156 37.26 37.052 37.364 37.364 37.468 37.052 37.052 36.948 37.052 37.052 36.948 36.948 36.948 36.948 37.052 37.26 37.468 37.156 36.948 36.948 37.052 37.156 37.26 37.26 37.156 36.948 37.052 37.885 37.26 37.156 37.052 36.948 37.052 36.844 37.052 37.468 37.156 36.948 36.844 36.844 36.844 36.948 36.948 36.948 36.844 36.948 37.676 37.364 37.364 37.364 37.156 37.572 37.364 37.364 37.572 36.948 36.844 36.948 36.948 37.26 37.156 37.156 36.948 36.948 36.948 37.052 37.052 36.948 37.052 37.052 36.948 37.156 37.364 37.26 51.311 52.456 41.319 41.84 41.319 41.735 41.631 41.631 41.319 41.735 37.989 37.676 37.468 38.613 37.364 37.676 37.156 37.052 37.052 37.156 37.052 37.156 37.156 37.156 37.052 39.862 39.654 39.862 39.55 39.654 39.654 39.654 39.342 39.654 41.111 39.862 40.174 39.966 40.07 39.758 39.342 39.446 39.862 40.174 40.174 39.654 39.654 39.446 39.654 40.799 39.966 39.55 39.966 39.758 39.758 39.654 39.758 39.446 39.55 39.446 40.07 40.487 40.07 38.301 37.572 37.572 37.572 37.468 37.468 37.885 37.572 45.899 42.464 38.925 39.029 41.423 42.36 42.048 41.527 41.84 41.319 41.631 41.423 41.423 41.215 40.799 41.111 41.319 42.256 41.007 41.007 42.048 38.301 37.989 37.676 37.572 37.885 37.885 38.301 37.676 37.885 37.676 37.468 37.572 37.468 37.468 37.468 37.468 37.468 37.364 37.572 37.468 37.468 37.468 37.468 37.468 37.468 37.989 37.468 37.468 37.364 37.468 37.468 37.364 37.468 37.468 37.364 37.364 37.572 37.468 37.572 37.676 37.468 37.26 37.885 37.364 37.156 37.676 37.156 37.156 37.885 37.156 37.156 37.989 37.26 37.468 37.78 37.364 37.364 37.885 37.156 37.156 37.78 37.364 37.78 37.78 37.156 37.26 37.885 37.26 37.052 37.78 37.052 37.052 37.885 37.156 37.156 37.676 37.468 37.364 37.572 37.156 37.052 37.156 37.26 45.066 41.527 39.654 40.591 39.029 38.821 38.717 38.301 38.925 38.197 39.029 38.717 38.717 39.342 52.56 40.903 41.319 40.903 41.423 40.903 40.903 41.319 41.631 39.238 45.795 46.107 41.527 41.423 41.735 41.007 41.319 41.215 41.111 41.111 41.111 41.007 40.799 41.111 40.903 41.007 40.799 41.007 41.007 41.007 40.903 41.007 41.111 41.007 41.215 40.903 40.799 40.903 40.903 41.007 40.799 40.487 40.591 40.487 40.382 40.591 42.152 40.591 40.799 40.695 40.695 40.799 39.238 39.758 37.78 37.676 37.364 37.052 37.156 37.052 36.948 37.468 37.364 37.156 37.052 36.948 36.844 37.26 37.052 37.156 
