# name: phAngle
# type: matrix
# rows: 1
# columns: 359
 355 355 355 355 355 355 355 355 355 355 355 355 355 355 355 355 355 355 355 355 355 355 355 355 355 353 352 354 356 356 297 297 297 297 297 297 297 297 297 297 297 297 297 297 297 297 297 297 297 297 297 297 297 297 297 297 297 297 297 297 297 297 297 297 297 297 297 297 297 297 297 297 297 297 297 355 356 355 356 355 355 355 355 355 355 355 355 355 355 355 355 355 355 355 355 355 355 355 355 355 355 355 355 355 355 355 355 355 355 355 355 355 355 355 355 355 355 355 355 355 355 355 355 355 355 355 355 355 355 355 355 355 355 355 355 355 355 355 355 355 355 355 355 355 355 355 355 355 355 355 355 355 355 355 355 355 355 355 355 355 355 355 355 356 355 355 355 355 355 355 355 355 355 355 355 355 355 355 355 356 355 356 355 355 355 355 355 355 355 355 355 355 355 355 355 355 355 355 355 355 355 355 355 355 356 355 356 355 355 355 355 355 355 355 355 355 355 355 355 355 355 355 355 355 355 355 355 355 355 355 355 355 355 355 355 355 355 355 356 356 355 355 356 355 355 355 356 356 355 356 355 355 356 355 355 355 356 355 355 355 355 355 355 355 355 355 355 355 355 355 355 355 355 355 355 355 355 355 355 355 355 355 355 355 355 355 355 355 355 355 355 355 355 355 355 355 355 355 355 355 355 355 355 355 355 355 355 355 355 355 355 355 355 355 355 355 355 355 355 355 355 355 355 355 355 355 355 355 355 355 355 355 355 353 354 351 352 356 356 356 356 356 356 356 356 356 356 356 355 355 355 356 355 356 355 356 351 356 351 
# name: freq
# type: matrix
# rows: 1
# columns: 359
 50.0 50.0 50.0 50.0 50.0 50.0 50.0 50.0 50.0 50.0 50.0 50.0 50.0 50.0 50.0 50.0 50.0 50.0 50.0 50.0 50.0 50.0 50.0 50.0 50.0 50.0 50.0 50.0 50.0 50.0 50.0 50.0 50.0 50.0 50.0 50.0 50.0 50.0 50.0 50.0 50.0 50.0 50.0 50.0 50.0 50.0 50.0 50.0 50.0 50.0 50.0 50.0 50.0 50.0 50.0 50.0 50.0 50.0 50.0 50.0 50.0 50.0 50.0 50.0 50.0 50.0 50.0 50.0 50.0 50.0 50.0 50.0 50.0 50.0 50.0 50.0 50.0 50.0 50.0 50.0 50.0 50.0 50.0 50.0 50.0 50.0 50.0 50.0 50.0 50.0 50.0 50.0 50.0 50.0 50.0 50.0 50.0 50.0 50.0 50.0 50.0 50.0 50.0 50.0 50.0 50.0 50.0 50.0 50.0 50.0 50.0 50.0 50.0 50.0 50.0 50.0 50.0 50.0 50.0 50.0 50.0 50.0 50.0 50.0 50.0 50.0 50.0 50.0 50.0 50.0 50.0 50.0 50.0 50.0 50.0 50.0 50.0 50.0 50.0 50.0 50.0 50.0 50.0 50.0 50.0 50.0 50.0 50.0 50.0 50.0 50.0 50.0 50.0 50.0 50.0 50.0 50.0 50.0 50.0 50.0 50.0 50.0 50.0 50.0 50.0 50.0 50.0 50.0 50.0 50.0 50.0 50.0 50.0 50.0 50.0 50.0 50.0 50.0 50.0 50.0 50.0 50.0 50.0 49.9 50.0 49.9 50.0 50.0 50.0 50.0 50.0 50.0 50.0 50.0 50.0 50.0 50.0 50.0 50.0 50.0 50.0 50.0 50.0 50.0 50.0 50.0 50.0 50.0 50.0 50.0 50.0 50.0 50.0 50.0 50.0 50.0 50.0 50.0 50.0 50.0 50.0 50.0 50.0 50.0 50.0 50.0 50.0 50.0 50.0 50.0 50.0 50.0 50.0 50.0 50.0 50.0 50.0 50.0 50.0 50.0 50.0 50.0 50.0 50.0 50.0 50.0 50.0 50.0 50.0 50.0 50.0 50.0 50.0 50.0 50.0 50.0 50.0 50.0 50.0 50.0 50.0 50.0 50.0 50.0 50.0 50.0 50.0 50.0 50.0 50.0 50.0 50.0 50.0 50.0 50.0 50.0 50.0 50.0 50.0 50.0 50.0 50.0 50.0 50.0 50.0 50.0 50.0 50.0 50.0 50.0 50.0 50.0 50.0 50.0 50.0 50.0 50.0 50.0 50.0 50.0 50.0 50.0 50.0 50.0 50.0 50.0 50.0 50.0 50.0 50.0 50.0 50.0 50.0 50.0 50.0 50.0 50.0 50.0 50.0 50.0 50.0 50.0 50.0 50.0 50.0 50.0 50.0 50.0 50.0 50.0 50.0 50.0 50.0 50.0 50.0 50.0 50.0 50.0 50.0 50.0 50.0 50.0 50.0 50.0 50.0 50.0 50.0 50.0 50.0 50.0 50.0 50.0 50.0 50.0 50.0 50.0 50.0 50.0 50.0 
# name: reacPower
# type: matrix
# rows: 1
# columns: 359
 -3.933 -3.623 -3.83 -3.726 -3.726 -3.726 -3.933 -3.83 -3.726 -3.726 -3.933 -3.83 -4.037 -3.933 -3.933 -3.933 -3.726 -3.519 -3.519 -3.623 -3.83 -3.933 -3.83 -3.933 -3.83 -4.554 -4.244 -5.072 -3.933 -4.037 -4.244 -4.14 -4.14 -4.244 -4.244 -4.244 -4.14 -4.14 -4.244 -4.244 -4.244 -4.14 -4.244 -4.244 -4.14 -4.244 -4.244 -4.244 -4.244 -4.244 -4.244 -4.244 -4.244 -4.244 -4.244 -4.244 -4.244 -4.244 -4.244 -4.14 -4.244 -4.14 -4.244 -4.244 -4.244 -4.244 -4.244 -4.244 -4.14 -4.244 -4.244 -4.14 -4.244 -4.244 -4.244 -3.83 -3.83 -3.623 -3.83 -3.83 -3.83 -3.83 -3.933 -3.83 -3.726 -3.623 -3.726 -3.726 -3.83 -3.726 -3.623 -3.726 -3.726 -3.726 -3.726 -3.726 -3.83 -3.83 -3.726 -3.726 -3.726 -3.726 -3.726 -3.726 -3.726 -3.726 -3.726 -3.726 -3.726 -3.726 -3.623 -3.726 -3.623 -3.726 -3.83 -3.83 -3.83 -3.726 -3.83 -3.83 -3.83 -3.83 -3.83 -3.726 -3.726 -3.83 -3.726 -3.726 -3.726 -3.726 -3.726 -3.726 -3.726 -3.726 -3.726 -3.623 -3.726 -3.623 -3.726 -3.726 -3.623 -3.623 -3.623 -3.623 -3.726 -3.623 -3.726 -3.726 -3.623 -3.726 -3.726 -3.726 -3.726 -3.83 -3.623 -3.623 -3.726 -3.623 -3.623 -3.623 -3.623 -3.623 -3.623 -3.933 -3.726 -3.623 -3.623 -3.726 -3.83 -3.726 -3.726 -3.726 -3.726 -3.83 -3.726 -3.623 -3.623 -3.623 -3.623 -3.726 -3.726 -3.726 -3.623 -3.726 -3.83 -3.83 -3.726 -3.726 -3.726 -3.726 -3.726 -3.726 -3.726 -3.726 -3.726 -3.726 -3.83 -3.726 -3.623 -3.623 -3.623 -3.726 -3.726 -3.726 -3.726 -3.726 -3.83 -3.623 -3.623 -3.519 -3.519 -3.623 -3.519 -3.623 -3.726 -3.726 -3.726 -3.623 -3.726 -3.726 -3.726 -3.726 -3.726 -3.623 -3.623 -3.623 -3.623 -3.623 -3.623 -3.623 -3.726 -3.726 -3.726 -3.726 -3.623 -3.623 -3.623 -3.623 -4.037 -3.726 -3.726 -3.726 -3.83 -3.726 -3.726 -3.726 -3.726 -3.726 -3.726 -3.726 -3.623 -3.623 -3.726 -3.726 -3.623 -3.726 -3.726 -3.726 -3.726 -3.726 -3.83 -3.726 -3.83 -3.83 -3.726 -3.83 -3.83 -3.83 -3.726 -3.726 -3.726 -3.519 -3.623 -3.519 -3.519 -3.726 -3.726 -3.726 -3.726 -3.726 -3.726 -3.726 -3.83 -3.83 -3.83 -3.83 -3.83 -3.726 -3.726 -3.83 -3.83 -3.83 -3.726 -3.726 -3.726 -3.726 -3.726 -3.83 -3.726 -3.726 -3.726 -3.726 -3.726 -3.726 -3.726 -3.726 -3.726 -3.726 -3.726 -3.726 -3.519 -3.519 -3.519 -3.726 -3.726 -3.933 -3.933 -3.933 -3.83 -3.933 -3.933 -3.83 -3.933 -3.83 -3.83 -3.83 -3.83 -3.83 -3.83 -3.933 -3.83 -3.83 -3.933 -3.623 -3.623 -4.037 -4.14 -4.037 -3.933 -3.83 -3.933 -3.933 -3.933 -3.933 -4.037 -3.933 -4.037 -4.037 -4.037 -4.037 -3.933 -3.933 -3.933 -4.037 -4.037 -4.037 -4.037 -4.037 -4.14 
