# name: phAngle
# type: matrix
# rows: 1
# columns: 359
 344 346 343 341 346 344 344 346 344 343 343 343 346 346 342 345 347 343 346 349 345 343 346 346 343 345 343 346 346 342 343 346 344 345 345 343 342 346 346 345 345 345 342 342 342 345 342 342 345 342 342 346 345 345 345 342 342 345 345 345 342 346 346 346 346 346 345 347 346 346 345 342 342 342 345 342 345 342 344 345 344 344 344 345 345 344 345 341 345 345 344 345 344 345 341 344 344 344 344 347 344 347 344 344 344 347 341 344 344 346 347 344 344 347 344 347 344 344 344 344 344 344 344 347 343 347 345 346 341 344 344 342 344 342 344 341 344 341 344 345 342 341 343 346 345 345 345 345 345 345 347 345 345 344 343 344 344 344 344 344 344 344 344 344 344 344 344 344 344 344 344 344 344 344 344 344 343 343 344 344 344 346 343 344 344 346 344 344 341 344 343 345 344 344 344 344 344 344 344 344 344 344 344 345 344 344 344 344 344 344 344 344 344 344 344 344 344 344 344 344 344 344 344 345 346 344 344 344 344 344 346 344 344 344 344 344 344 344 344 344 344 344 344 344 344 344 344 344 344 344 344 344 344 344 344 344 345 347 345 345 345 345 345 345 345 345 345 345 345 345 345 345 345 345 345 345 345 345 345 345 345 345 345 345 345 345 345 345 345 345 345 345 345 345 345 345 345 345 345 345 345 345 345 345 345 345 345 345 345 345 345 345 345 345 345 345 345 345 345 345 345 345 345 345 345 345 345 345 345 345 345 345 345 345 345 345 345 345 345 345 345 345 345 345 345 345 345 345 345 345 344 344 344 344 344 344 344 344 344 
# name: freq
# type: matrix
# rows: 1
# columns: 359
 50.0 50.0 50.0 50.0 50.0 50.0 50.0 50.0 50.0 50.0 50.0 50.0 50.0 50.0 50.0 50.0 50.0 50.0 50.0 50.0 50.0 50.0 50.0 50.0 50.0 50.0 50.0 50.0 50.0 50.0 50.0 50.0 50.0 50.0 50.0 50.0 50.0 50.0 50.0 50.0 50.0 50.0 50.0 50.0 50.0 50.0 50.0 50.0 50.0 50.0 50.0 50.0 50.0 50.0 50.0 50.0 50.0 50.0 50.0 50.0 50.0 50.0 50.0 50.0 50.0 50.0 50.0 50.0 50.0 50.0 50.0 50.0 50.0 50.0 50.0 50.0 50.0 50.0 50.0 50.0 50.0 50.0 50.0 50.0 50.0 50.0 50.0 50.0 50.0 50.0 50.0 50.0 50.0 50.0 50.0 50.0 50.0 50.0 50.0 50.0 50.0 50.0 50.0 50.0 50.0 50.0 50.0 50.0 50.0 50.0 50.0 50.0 50.0 50.0 50.0 50.0 50.0 50.0 50.0 50.0 50.0 50.0 50.0 50.0 50.0 50.0 50.0 50.0 50.0 50.0 50.0 50.0 50.0 50.0 50.0 50.0 50.0 50.0 50.0 50.0 50.0 50.0 50.0 50.0 50.0 50.0 50.0 50.0 50.0 50.0 50.0 50.0 50.0 50.0 50.0 50.0 50.0 50.0 50.0 50.0 50.0 50.0 50.0 50.0 50.0 50.0 50.0 50.0 50.0 50.0 50.0 50.0 50.0 50.0 50.0 50.0 50.0 50.0 50.0 50.0 50.0 50.0 50.0 50.0 50.0 50.0 50.0 50.0 50.0 50.0 50.0 50.0 50.0 50.0 50.0 50.0 50.0 50.0 50.0 50.0 50.0 50.0 50.0 50.0 50.0 50.0 50.0 50.0 50.0 50.0 50.0 50.0 50.0 50.0 50.0 50.0 50.0 50.0 50.0 50.0 50.0 50.0 50.0 50.0 50.0 50.0 50.0 50.0 50.0 50.0 50.0 50.0 50.0 50.0 50.0 50.0 50.0 50.0 50.0 50.0 50.0 50.0 50.0 50.0 50.0 50.0 50.0 50.0 50.0 50.0 50.0 50.0 50.0 50.0 50.0 50.0 50.0 50.0 50.0 50.0 50.0 50.0 50.0 50.0 50.0 50.0 50.0 50.0 50.0 50.0 50.0 50.0 50.0 50.0 50.0 50.0 50.0 50.0 50.0 50.0 50.0 50.0 50.0 50.0 50.0 50.0 50.0 50.0 50.0 50.0 50.0 50.0 50.0 50.0 50.0 50.0 50.0 50.0 50.0 50.0 50.0 50.0 50.0 50.0 50.0 50.0 50.0 50.0 50.0 50.0 50.0 50.0 50.0 50.0 50.0 50.0 50.0 50.0 50.0 50.0 50.0 50.0 50.0 50.0 50.0 50.0 50.0 50.0 50.0 50.0 50.0 50.0 50.0 50.0 50.0 50.0 50.0 50.0 50.0 50.0 50.0 50.0 50.0 50.0 50.0 50.0 50.0 50.0 50.0 50.0 50.0 50.0 50.0 50.0 50.0 50.0 50.0 50.0 50.0 
# name: reacPower
# type: matrix
# rows: 1
# columns: 359
 -13.322 -11.656 -13.218 -14.154 -11.448 -13.426 -11.969 -11.656 -12.385 -12.281 -13.426 -12.385 -11.865 -11.24 -12.905 -11.032 -14.467 -12.697 -10.824 -9.367 -13.946 -13.009 -10.512 -13.842 -13.009 -10.512 -13.114 -10.407 -10.72 -11.969 -12.489 -10.407 -13.114 -14.154 -11.24 -13.009 -12.489 -11.448 -11.656 -11.448 -10.928 -11.344 -11.865 -12.073 -13.426 -10.616 -13.426 -12.281 -11.136 -13.218 -12.177 -11.032 -11.136 -10.928 -11.761 -11.865 -11.969 -11.24 -10.824 -10.303 -13.842 -14.779 -14.363 -14.363 -14.154 -14.258 -13.842 -14.467 -14.363 -14.258 -11.865 -12.385 -11.969 -12.385 -10.407 -11.969 -11.552 -12.801 -11.865 -11.865 -11.032 -10.616 -11.24 -10.407 -11.24 -10.512 -11.24 -11.969 -11.552 -11.136 -10.824 -10.303 -11.656 -11.136 -12.177 -11.448 -10.095 -10.512 -10.407 -9.159 -10.512 -9.783 -9.054 -10.407 -10.303 -11.24 -10.199 -9.887 -11.24 -11.136 -9.471 -10.095 -10.199 -9.263 -10.095 -8.95 -10.72 -11.344 -11.552 -10.616 -11.032 -10.095 -10.512 -8.846 -9.991 -9.575 -13.946 -14.154 -12.489 -10.928 -11.136 -12.385 -11.761 -12.385 -9.887 -12.801 -11.344 -12.697 -10.616 -11.448 -13.114 -13.009 -10.199 -9.575 -9.783 -9.054 -9.054 -9.575 -9.054 -8.43 -9.783 -9.575 -8.534 -8.014 -8.43 -8.638 -8.638 -8.534 -8.638 -8.95 -8.95 -8.222 -8.638 -8.534 -8.534 -8.534 -8.534 -8.638 -8.638 -8.638 -8.534 -8.846 -8.742 -8.638 -8.638 -8.638 -8.638 -8.638 -8.534 -8.638 -8.742 -13.738 -11.969 -8.742 -8.222 -9.783 -8.638 -8.638 -10.407 -9.054 -13.842 -13.53 -8.742 -8.742 -8.742 -8.846 -8.742 -8.742 -8.742 -8.638 -8.742 -8.742 -8.742 -9.679 -8.742 -8.43 -8.742 -8.742 -8.534 -8.222 -8.846 -8.534 -8.638 -8.742 -8.846 -8.638 -8.742 -8.846 -8.846 -8.846 -8.742 -8.638 -8.742 -9.367 -10.616 -8.43 -8.638 -8.95 -8.326 -9.054 -9.783 -9.054 -9.263 -8.534 -8.95 -8.846 -8.638 -8.846 -8.326 -8.742 -9.054 -8.43 -9.054 -8.326 -8.742 -8.95 -8.742 -9.367 -8.95 -8.638 -8.95 -8.638 -8.638 -8.846 -9.159 -9.054 -11.656 -9.679 -9.367 -8.95 -9.367 -9.159 -8.846 -9.471 -9.054 -9.575 -9.159 -9.471 -9.367 -9.159 -8.742 -9.263 -9.367 -9.263 -9.367 -9.159 -9.575 -9.263 -9.159 -9.471 -8.95 -9.471 -9.471 -8.95 -9.471 -9.159 -9.263 -8.742 -9.159 -8.95 -9.159 -9.263 -9.367 -9.471 -9.367 -9.263 -9.263 -9.159 -9.159 -9.367 -9.263 -9.367 -9.367 -9.263 -9.159 -9.263 -9.159 -9.471 -9.263 -9.367 -9.159 -9.159 -9.263 -9.159 -9.471 -9.679 -9.367 -9.263 -9.263 -9.367 -9.367 -9.054 -9.159 -9.263 -9.263 -9.263 -9.159 -9.263 -9.367 -9.471 -9.263 -9.159 -9.159 -9.367 -8.95 -9.471 -9.159 -9.263 -9.679 -9.159 -9.367 -9.159 -9.783 -9.159 -9.159 -9.159 -9.575 -9.159 -9.054 -9.159 -8.846 -8.846 -8.742 -8.534 -8.95 -8.846 -8.846 -8.846 -8.95 
