# name: phAngle
# type: matrix
# rows: 1
# columns: 360
 340 345 343 344 336 341 341 341 343 343 341 341 339 340 339 340 339 338 338 339 338 342 339 339 338 338 338 340 341 341 341 340 339 343 340 340 338 343 341 342 341 341 341 341 339 339 339 340 339 339 339 339 339 339 338 338 338 337 338 338 337 339 337 338 337 337 338 337 338 337 337 338 337 338 337 338 337 337 338 337 338 337 337 338 337 338 337 338 337 337 338 337 337 337 336 337 337 337 336 337 337 336 337 336 336 337 336 337 336 337 336 336 337 341 341 340 338 338 336 337 336 336 336 336 337 336 336 336 337 342 336 336 336 336 339 339 339 339 340 339 339 340 340 339 339 339 338 337 339 339 338 341 339 339 339 339 339 339 339 341 341 340 337 338 332 294 294 294 294 294 294 294 294 294 294 294 294 294 294 294 294 294 294 294 294 294 294 294 294 294 294 294 294 294 294 294 294 341 339 340 339 340 338 340 340 338 339 341 337 340 342 338 339 341 335 336 335 341 335 336 340 337 338 340 340 335 335 340 338 335 339 341 336 336 335 335 335 335 335 335 335 335 335 335 335 335 335 335 335 335 335 335 335 335 333 333 335 335 333 333 333 333 333 335 335 333 333 333 333 335 333 333 333 333 333 333 333 333 339 333 333 335 333 333 333 333 333 333 340 333 333 336 337 337 336 338 338 338 338 337 337 337 336 336 336 337 336 336 336 336 337 337 336 337 336 335 336 337 336 335 341 336 336 341 341 335 338 337 335 337 339 338 337 336 336 336 336 336 335 336 337 335 337 336 337 336 336 338 337 335 337 338 337 336 336 337 336 336 336 336 
# name: freq
# type: matrix
# rows: 1
# columns: 360
 50.0 50.0 50.0 50.0 50.0 50.0 50.0 50.0 50.0 50.0 50.0 50.0 50.0 50.0 50.0 50.0 50.0 50.0 50.0 50.0 50.0 50.0 50.0 50.0 50.0 50.0 50.0 50.0 50.0 50.0 50.0 50.0 50.0 50.0 50.0 50.0 50.0 50.0 50.0 50.0 50.0 50.0 50.0 50.0 50.0 50.0 50.0 50.0 50.0 50.0 50.0 50.0 50.0 50.0 50.0 50.0 50.0 50.0 50.0 50.0 50.0 50.0 50.0 50.0 50.0 50.0 50.0 50.0 50.0 50.0 50.0 50.0 50.0 50.0 50.0 50.0 50.0 50.0 50.0 50.0 50.0 50.0 50.0 50.0 50.0 50.0 50.0 50.0 50.0 50.0 50.0 50.0 50.0 49.9 50.0 50.0 50.0 50.0 50.0 50.0 50.0 50.0 50.0 50.0 50.0 50.0 50.0 50.0 50.0 50.0 50.0 50.0 50.0 50.0 50.0 50.0 50.0 50.0 50.0 50.0 50.0 50.0 50.0 50.0 50.0 50.0 50.0 50.0 50.0 50.0 50.0 50.0 50.0 50.0 50.0 50.1 50.0 50.1 50.1 50.0 50.0 50.1 50.1 50.0 50.0 50.1 50.1 50.1 50.1 50.1 50.1 50.1 50.1 50.1 50.1 50.1 50.1 50.1 50.1 50.1 50.1 50.1 50.1 50.0 50.1 50.1 50.1 50.1 50.1 50.1 50.0 50.0 50.1 50.1 50.0 50.1 50.1 50.1 50.1 50.1 50.0 50.1 50.0 50.0 50.0 50.0 50.0 50.0 50.0 50.0 50.0 50.0 50.0 50.0 50.0 50.0 50.0 50.0 50.0 50.0 50.0 50.0 50.0 50.0 50.0 50.0 50.0 50.0 50.0 50.0 50.0 50.0 50.0 50.0 50.0 50.0 50.0 50.0 50.0 50.0 50.0 50.0 50.0 50.0 50.0 50.0 50.0 50.0 50.0 50.0 50.0 50.0 50.0 50.0 50.0 50.0 50.0 50.0 50.0 50.0 50.0 50.0 50.0 50.0 50.0 50.0 50.0 50.0 50.0 50.0 50.0 50.0 50.0 50.0 50.0 50.0 50.0 50.0 50.0 50.0 50.0 50.0 49.9 50.0 50.0 50.0 50.0 49.9 50.0 50.0 49.9 50.0 50.0 49.9 50.0 50.0 49.9 50.0 50.0 49.9 50.0 50.0 50.0 50.0 50.0 50.0 50.0 50.0 49.9 49.9 50.0 49.9 50.0 49.9 50.0 49.9 50.0 50.0 50.0 50.0 50.0 50.0 50.0 50.0 49.9 49.9 50.0 50.0 50.0 50.0 50.0 50.0 50.0 49.9 50.0 49.9 50.0 50.0 50.0 50.0 50.0 50.0 50.0 50.0 50.0 50.0 50.0 50.0 50.0 50.0 50.0 50.0 50.0 50.0 50.0 50.0 50.0 50.0 50.0 50.0 49.9 49.9 50.0 49.9 49.9 50.0 49.9 49.9 50.0 50.0 49.9 49.9 49.9 49.9 50.0 50.0 49.9 49.9 50.0 50.0 
# name: reacPower
# type: matrix
# rows: 1
# columns: 360
 -20.393 -21.118 -20.704 -21.118 -20.186 -20.393 -20.497 -20.393 -20.807 -20.704 -20.497 -20.289 -20.497 -20.497 -20.289 -20.497 -20.393 -20.289 -20.393 -20.393 -20.289 -20.497 -20.186 -20.289 -20.289 -20.289 -20.289 -20.704 -20.704 -20.393 -20.6 -20.393 -20.289 -20.6 -20.704 -20.704 -20.393 -20.807 -20.393 -20.6 -20.704 -20.6 -20.6 -20.6 -20.289 -20.289 -20.393 -20.704 -20.393 -20.393 -20.393 -20.393 -20.393 -20.393 -20.393 -20.289 -20.393 -20.289 -20.289 -20.289 -20.393 -20.393 -20.289 -20.289 -20.289 -20.289 -20.289 -20.186 -20.393 -20.393 -20.289 -20.289 -20.289 -20.289 -20.186 -20.289 -20.186 -20.289 -20.393 -20.393 -20.393 -20.186 -20.289 -20.289 -20.289 -20.393 -20.289 -20.289 -20.289 -20.186 -20.289 -20.289 -20.289 -20.186 -20.082 -20.186 -20.186 -20.082 -20.082 -20.082 -20.186 -20.186 -20.186 -20.186 -20.082 -20.186 -20.186 -20.289 -20.082 -20.082 -20.186 -20.186 -20.186 -20.289 -20.6 -20.393 -20.186 -20.289 -20.082 -20.289 -20.186 -20.186 -20.186 -20.186 -20.186 -20.186 -20.186 -20.289 -20.393 -20.6 -20.186 -20.289 -20.289 -20.289 -20.289 -20.289 -20.393 -20.6 -20.497 -20.497 -20.393 -20.497 -20.497 -20.393 -20.6 -20.393 -20.393 -20.289 -20.289 -20.289 -20.393 -20.6 -20.393 -20.393 -20.497 -20.6 -20.497 -20.393 -20.497 -20.393 -20.6 -20.6 -20.289 -20.289 -20.186 -19.668 -19.668 -19.668 -19.668 -19.668 -19.565 -19.565 -19.565 -19.565 -19.565 -19.565 -19.565 -19.565 -19.565 -19.461 -19.565 -19.461 -19.461 -19.461 -19.565 -19.461 -19.565 -19.461 -19.461 -19.461 -19.461 -19.461 -19.461 -19.461 -19.461 -19.565 -19.461 -20.497 -20.289 -20.393 -20.393 -20.393 -20.289 -20.393 -20.393 -20.289 -20.186 -20.497 -20.186 -20.393 -20.497 -20.186 -20.289 -20.497 -20.186 -20.186 -20.186 -20.393 -19.979 -20.186 -20.289 -20.186 -20.186 -20.289 -20.393 -20.082 -19.979 -20.289 -20.082 -20.082 -20.186 -20.289 -19.979 -20.082 -20.082 -20.082 -20.082 -20.082 -20.082 -19.979 -19.875 -19.875 -19.979 -19.979 -19.979 -19.979 -19.875 -19.979 -19.979 -19.979 -19.979 -19.875 -19.979 -19.979 -19.979 -19.979 -19.979 -20.082 -20.186 -20.082 -20.082 -20.082 -20.082 -20.082 -20.082 -20.082 -20.082 -20.082 -20.082 -20.082 -20.082 -19.979 -20.082 -20.082 -20.082 -20.082 -20.082 -20.082 -20.289 -20.186 -20.082 -20.082 -20.082 -20.082 -20.082 -20.082 -20.082 -20.082 -20.289 -20.082 -20.082 -20.082 -20.186 -20.289 -20.082 -20.289 -20.186 -20.393 -20.289 -19.979 -20.082 -20.082 -20.082 -20.082 -20.082 -20.186 -20.082 -20.082 -20.289 -20.082 -20.289 -20.082 -19.875 -20.082 -20.186 -20.082 -20.082 -19.875 -19.979 -19.979 -20.393 -19.979 -19.772 -20.289 -20.186 -19.979 -19.979 -19.979 -19.979 -20.082 -20.082 -20.186 -20.082 -20.186 -20.082 -19.979 -20.186 -20.082 -20.082 -20.186 -20.082 -20.082 -20.082 -20.082 -20.186 -20.082 -20.082 -20.289 -19.979 -20.082 -20.289 -20.186 -20.082 -20.082 -20.082 -20.186 -19.979 -19.979 -19.979 -20.082 
