# name: phAngle
# type: matrix
# rows: 1
# columns: 357
 341 341 343 341 343 341 343 341 341 341 341 343 343 343 343 343 343 343 343 343 343 343 342 342 343 345 342 342 342 342 342 342 342 342 342 342 345 342 342 341 344 342 341 342 342 341 342 342 344 341 341 341 344 344 342 342 344 341 344 341 341 341 344 341 341 344 344 341 341 341 341 344 341 344 341 342 342 342 344 345 344 341 344 344 343 344 344 339 344 344 344 344 344 344 342 344 341 344 343 344 343 344 343 344 344 343 343 343 343 339 339 340 343 343 341 342 344 344 344 343 341 341 341 344 341 341 343 343 341 342 346 343 343 341 343 343 343 343 341 345 346 341 346 343 346 343 344 343 346 342 343 344 346 343 341 343 343 343 343 342 345 345 342 342 345 342 343 346 343 343 345 341 344 345 345 345 345 346 342 345 343 343 345 343 343 345 342 346 345 342 345 338 340 342 326 326 326 326 326 326 326 326 326 326 326 326 326 326 326 326 326 326 326 326 326 326 326 326 326 326 326 326 326 326 326 326 326 326 326 326 326 326 326 326 326 326 326 326 326 326 326 326 326 326 326 326 326 323 341 342 344 345 341 345 346 343 341 341 342 342 343 345 341 344 342 345 342 345 343 344 342 342 346 344 344 345 344 341 345 342 343 341 346 342 345 342 342 345 342 342 345 344 338 342 344 341 341 342 346 341 343 343 342 343 341 343 345 341 343 346 342 344 344 345 342 345 344 342 345 344 342 345 342 344 341 344 344 344 342 347 345 342 345 345 344 346 345 340 348 345 343 342 348 346 343 345 344 344 348 347 346 345 344 341 341 344 345 
# name: freq
# type: matrix
# rows: 1
# columns: 357
 50.0 50.0 50.0 50.0 50.0 50.0 50.0 50.0 50.0 50.0 50.0 50.0 50.0 50.0 50.0 50.0 50.0 50.0 50.0 50.0 50.0 50.0 50.0 50.0 50.0 50.0 50.0 50.0 50.0 50.0 50.0 50.0 50.0 50.0 50.0 50.0 50.0 50.0 50.0 50.0 50.0 50.0 50.0 50.0 50.0 50.0 50.0 50.0 50.0 50.0 50.0 50.0 50.0 50.0 50.0 50.0 50.0 50.0 50.0 50.0 50.0 50.0 50.0 50.0 50.0 50.0 50.0 50.0 50.0 50.0 50.0 50.0 50.0 50.0 50.0 50.0 50.0 50.0 50.0 50.0 50.0 50.0 50.0 50.0 50.0 50.0 50.0 50.0 50.0 50.0 50.0 50.0 50.0 50.0 50.0 50.0 50.0 50.0 50.0 50.0 50.0 50.0 50.0 50.0 50.0 50.0 50.0 50.0 50.0 50.0 50.0 50.0 50.0 50.0 50.0 50.0 50.0 50.0 50.0 50.0 50.0 50.0 50.0 50.0 50.0 50.0 50.0 50.0 50.0 50.0 50.0 50.0 50.0 50.0 50.0 50.0 50.0 50.0 50.0 50.0 50.0 50.0 50.0 50.0 50.0 50.0 50.0 50.0 50.0 50.0 50.0 50.0 50.0 50.0 50.0 50.0 50.0 50.0 50.0 50.0 50.0 50.0 50.0 50.0 50.0 50.0 50.0 50.0 50.0 50.0 50.0 50.0 50.0 50.0 50.0 50.0 50.1 50.1 50.0 50.0 50.0 50.0 50.0 50.0 50.0 50.0 50.0 50.0 50.0 50.0 50.0 50.0 50.0 50.0 50.0 50.0 50.0 50.0 50.0 50.0 50.0 50.0 50.0 50.0 50.0 50.0 50.0 50.0 50.0 50.0 50.0 50.0 50.0 50.0 50.0 50.0 50.0 50.0 50.0 50.0 50.0 50.0 50.0 50.0 50.0 50.0 50.0 50.0 50.0 50.0 50.0 50.0 50.0 50.0 50.0 50.0 50.0 50.0 50.0 50.0 50.0 50.0 50.0 50.0 50.0 50.0 50.0 50.0 50.0 50.0 50.0 50.0 50.0 50.0 50.0 50.0 50.0 50.0 50.0 50.0 50.0 50.0 50.0 50.0 50.0 50.0 50.0 50.0 50.0 50.0 50.0 50.0 50.0 50.0 50.0 50.0 50.0 50.0 50.0 50.0 50.0 50.0 50.0 50.0 50.0 50.0 50.0 50.0 50.0 50.0 50.0 50.0 50.0 50.0 50.0 50.0 50.0 50.0 50.0 50.0 50.0 50.0 50.0 50.0 50.0 50.0 50.0 50.0 50.0 50.0 50.0 50.0 50.0 50.0 50.0 50.0 50.0 50.0 50.0 50.0 50.0 50.0 50.0 50.0 50.0 50.0 50.0 50.0 50.0 50.0 50.0 50.0 50.0 50.0 50.0 50.0 50.0 50.0 50.0 50.0 50.0 50.0 50.0 50.0 50.0 50.0 50.0 50.0 50.0 50.0 50.0 50.0 50.0 50.0 50.0 50.0 50.0 
# name: reacPower
# type: matrix
# rows: 1
# columns: 357
 -16.77 -16.666 -16.252 -16.77 -16.045 -18.219 -19.565 -17.805 -17.287 -17.08 -16.563 -15.942 -15.735 -15.735 -16.252 -15.942 -15.528 -15.01 -15.321 -15.735 -16.252 -15.113 -14.906 -15.217 -15.528 -14.389 -14.803 -15.321 -14.492 -15.631 -14.803 -14.906 -14.596 -15.528 -14.699 -14.699 -14.078 -14.492 -15.113 -15.424 -14.182 -15.113 -14.803 -15.217 -15.01 -15.321 -14.492 -14.492 -14.389 -14.596 -14.699 -15.424 -13.354 -14.078 -15.631 -14.596 -14.078 -15.321 -14.182 -14.492 -14.389 -14.389 -13.768 -15.217 -14.492 -13.25 -13.768 -14.389 -17.909 -15.631 -14.596 -14.078 -15.528 -13.975 -14.492 -18.323 -14.492 -14.492 -13.768 -18.633 -13.871 -14.492 -13.768 -14.285 -14.078 -14.078 -14.182 -16.666 -13.561 -13.457 -14.078 -13.147 -13.457 -14.182 -14.492 -13.25 -14.906 -13.354 -14.182 -13.457 -14.182 -13.25 -13.871 -12.629 -13.768 -12.94 -12.836 -12.525 -12.94 -16.977 -17.184 -17.184 -13.354 -15.838 -14.699 -15.942 -13.561 -13.975 -15.631 -17.391 -15.735 -14.492 -14.389 -13.664 -15.528 -15.01 -14.078 -13.147 -14.389 -12.836 -11.594 -13.354 -13.354 -14.492 -13.25 -13.871 -13.768 -13.043 -14.389 -12.215 -11.697 -14.906 -11.49 -12.733 -12.008 -12.836 -14.285 -14.182 -12.215 -12.836 -12.836 -12.733 -10.352 -13.25 -14.906 -13.25 -12.525 -13.561 -14.389 -13.871 -12.008 -11.49 -13.043 -12.525 -11.801 -13.871 -13.354 -11.801 -13.561 -13.457 -12.318 -12.733 -12.215 -12.215 -11.387 -12.111 -11.18 -12.111 -12.525 -12.215 -12.629 -13.25 -11.18 -13.354 -12.94 -11.697 -13.457 -12.215 -11.904 -13.354 -11.904 -16.977 -17.184 -19.151 -5.693 -5.693 -5.693 -5.693 -5.693 -5.693 -5.693 -5.693 -5.693 -5.693 -5.797 -5.693 -5.693 -5.693 -5.693 -5.693 -5.693 -5.693 -5.693 -5.693 -5.693 -5.693 -5.693 -5.693 -5.693 -5.693 -5.693 -5.693 -5.693 -5.797 -5.693 -5.693 -5.693 -5.693 -5.797 -5.797 -5.693 -5.693 -5.693 -5.797 -5.693 -5.797 -5.797 -5.693 -5.797 -5.693 -5.797 -5.797 -5.797 -5.797 -5.797 -5.797 -5.797 -6.521 -13.457 -12.629 -12.318 -12.111 -13.25 -11.904 -12.111 -13.043 -13.043 -12.836 -12.422 -12.525 -13.354 -12.215 -12.525 -11.283 -13.457 -11.801 -12.525 -12.008 -12.733 -12.215 -12.836 -12.733 -12.318 -11.904 -11.49 -11.49 -12.215 -12.525 -12.215 -13.043 -13.147 -12.733 -12.318 -14.285 -11.904 -13.147 -12.422 -12.215 -14.285 -13.664 -11.904 -11.697 -16.77 -13.457 -16.563 -16.045 -15.838 -13.768 -20.186 -16.356 -15.838 -13.25 -13.457 -12.94 -16.149 -17.287 -12.318 -13.354 -13.457 -12.318 -13.871 -11.801 -10.973 -12.008 -14.182 -10.766 -11.49 -12.525 -10.766 -11.801 -12.629 -12.318 -13.664 -11.18 -12.629 -12.215 -10.973 -10.455 -13.354 -10.144 -10.559 -12.422 -10.973 -11.49 -11.283 -11.801 -11.076 -12.525 -9.523 -12.318 -12.94 -13.25 -9.937 -11.801 -14.285 -12.008 -12.111 -10.559 -9.834 -10.041 -11.18 -10.559 -11.18 -12.318 -12.525 -11.49 -11.076 
