# name: phAngle
# type: matrix
# rows: 1
# columns: 358
 340 340 343 341 339 339 346 352 352 338 346 347 338 342 345 343 345 339 344 339 340 339 339 344 352 339 348 340 338 338 338 338 339 339 338 339 339 341 338 339 338 340 339 340 344 344 339 346 339 339 340 340 344 338 348 339 340 340 339 341 341 342 342 339 342 342 340 339 343 340 344 349 344 341 346 341 338 339 352 342 343 352 339 352 339 352 338 339 339 342 344 342 339 341 341 338 338 341 341 338 352 344 339 352 344 352 352 339 343 346 339 351 339 338 352 352 352 352 348 352 349 347 343 343 345 352 344 345 338 352 352 346 344 348 349 352 352 352 343 343 341 341 341 343 340 337 341 347 347 342 340 340 342 340 338 342 341 338 343 343 341 341 340 344 342 340 345 343 341 340 349 338 338 341 342 352 344 344 342 340 343 343 348 341 348 341 343 345 343 348 348 331 289 289 289 289 289 289 289 289 289 289 289 289 289 289 289 289 289 289 289 289 289 289 289 289 289 289 289 289 289 289 289 289 289 289 289 289 289 290 289 289 289 289 289 289 290 289 289 289 289 289 290 289 289 289 289 289 289 289 289 289 289 289 289 289 289 289 290 340 340 346 337 337 326 326 333 330 333 341 337 333 333 337 337 333 333 326 338 341 333 350 330 333 341 337 341 344 341 333 344 344 337 341 350 330 330 341 333 350 344 333 333 350 330 350 330 330 333 350 330 350 337 337 350 330 344 337 337 330 330 333 330 352 344 330 341 344 352 338 341 341 337 350 341 333 333 333 337 330 326 337 341 333 330 333 333 333 330 330 344 350 333 333 344 341 337 337 
# name: freq
# type: matrix
# rows: 1
# columns: 358
 50.0 50.0 50.0 50.0 50.0 50.0 50.0 50.0 50.0 50.0 50.0 50.0 50.0 50.0 50.0 50.0 50.0 50.0 50.0 50.0 50.0 50.0 50.0 50.0 50.0 50.0 50.0 50.0 50.0 50.0 50.0 50.0 50.0 50.0 50.0 50.0 50.0 50.0 50.0 50.0 50.0 50.0 50.0 50.0 50.0 50.0 50.0 50.0 50.0 50.0 50.0 50.0 50.0 50.0 50.0 50.0 50.0 50.0 50.0 50.0 50.0 50.0 50.0 50.0 50.0 50.0 50.0 50.0 50.0 50.0 50.0 50.0 50.0 50.0 50.0 50.0 50.0 50.0 50.0 50.0 50.0 50.0 50.0 50.0 50.0 50.0 50.0 50.0 50.0 50.0 50.0 50.0 50.0 50.0 50.0 50.0 50.0 50.0 50.0 50.0 50.0 50.0 50.0 50.0 50.0 50.0 50.0 50.0 50.0 50.0 50.0 50.0 50.0 50.0 50.0 50.0 50.0 50.0 50.0 50.0 50.0 50.0 50.0 50.0 50.0 50.0 50.0 50.0 50.0 50.0 50.0 50.0 50.0 50.0 50.0 50.0 50.0 50.0 50.0 50.0 50.0 50.0 50.0 50.0 50.0 50.0 50.0 50.0 50.0 50.0 50.0 50.0 50.0 50.0 50.0 50.0 50.0 50.0 50.0 50.0 50.0 50.0 50.0 50.0 50.0 50.0 50.0 50.0 50.0 50.0 50.0 50.0 50.0 50.0 50.0 50.0 50.0 50.0 50.0 50.0 50.0 50.0 50.0 50.0 50.0 50.0 50.0 50.0 50.0 50.0 50.0 50.0 50.0 50.0 50.0 50.0 50.0 50.0 50.0 50.0 50.0 50.0 50.0 50.0 50.0 50.0 50.0 50.0 50.0 50.0 50.0 50.0 50.0 50.0 50.0 50.0 50.0 50.0 50.0 50.0 50.0 50.0 50.0 50.0 50.0 50.0 50.0 50.0 50.0 50.0 50.0 50.0 50.0 50.0 50.0 50.0 50.0 50.0 50.0 50.0 50.0 50.0 50.0 50.0 50.0 50.0 50.0 50.0 50.0 50.0 50.0 50.0 50.0 50.0 50.0 50.0 50.0 50.0 50.0 50.0 50.0 50.0 50.0 50.0 50.0 50.0 50.0 50.0 50.0 50.0 50.0 50.0 50.0 50.0 50.0 50.0 50.0 50.0 50.0 50.0 50.0 50.0 50.0 50.0 50.0 50.0 50.0 50.0 50.0 50.0 50.0 50.0 50.0 50.0 50.0 50.0 50.0 50.0 50.0 50.0 50.0 50.0 50.0 50.0 50.0 50.0 50.0 50.0 50.0 50.0 50.0 50.0 50.0 50.0 50.0 50.0 50.0 50.0 50.0 50.0 50.0 50.0 50.0 50.0 50.0 50.0 50.0 50.0 50.0 50.0 50.0 50.0 50.0 50.0 50.0 50.0 50.0 50.0 50.0 50.0 50.0 50.0 50.0 50.0 50.0 50.0 50.0 50.0 50.0 50.0 50.0 50.0 50.0 50.0 50.0 50.0 50.0 50.0 
# name: reacPower
# type: matrix
# rows: 1
# columns: 358
 -13.218 -13.53 -13.946 -13.218 -12.801 -7.805 -5.203 -7.077 -5.203 -8.534 -10.407 -6.036 -12.801 -13.426 -14.571 -13.738 -8.326 -13.009 -14.258 -12.905 -13.114 -12.905 -12.801 -9.783 -5.724 -12.801 -8.95 -11.136 -12.801 -12.801 -12.801 -12.801 -12.801 -12.801 -12.801 -12.905 -12.801 -10.303 -12.801 -12.905 -12.801 -13.114 -12.905 -11.032 -9.471 -8.43 -12.801 -8.846 -13.009 -12.905 -13.009 -10.199 -10.928 -12.801 -6.557 -12.801 -13.009 -12.801 -12.905 -13.322 -12.593 -13.53 -13.426 -12.801 -13.53 -13.322 -11.344 -12.905 -13.634 -13.114 -8.742 -5.932 -10.512 -13.218 -9.054 -13.322 -12.801 -11.865 -5.828 -13.842 -13.53 -5.412 -12.905 -5.412 -12.593 -5.516 -12.385 -11.865 -12.905 -12.489 -8.222 -13.634 -12.905 -12.905 -13.218 -12.801 -12.177 -13.218 -13.322 -12.801 -5.412 -8.95 -12.281 -5.516 -8.638 -5.412 -5.412 -12.905 -11.656 -7.91 -12.073 -5.828 -12.905 -12.697 -5.516 -5.516 -5.412 -5.308 -6.765 -5.412 -6.869 -8.846 -11.448 -10.928 -8.846 -5.516 -10.303 -9.471 -12.801 -5.62 -5.516 -9.471 -8.95 -7.805 -6.244 -5.412 -5.516 -5.516 -10.095 -11.136 -13.426 -13.426 -13.426 -13.738 -13.322 -11.865 -13.322 -9.575 -9.783 -13.946 -13.218 -13.218 -13.634 -13.114 -12.801 -13.946 -13.322 -12.385 -11.24 -13.738 -13.426 -13.322 -13.114 -9.159 -13.634 -13.218 -14.571 -13.738 -13.946 -13.322 -6.765 -12.593 -12.593 -13.426 -13.634 -5.62 -10.407 -13.53 -13.53 -13.218 -14.258 -13.738 -5.932 -13.53 -6.452 -13.322 -13.842 -9.054 -10.512 -6.14 -16.652 -9.887 -3.538 -3.538 -3.538 -3.538 -3.538 -3.538 -3.538 -3.538 -3.538 -3.642 -3.642 -3.538 -3.642 -3.642 -3.538 -3.642 -3.642 -3.538 -3.538 -3.538 -3.538 -3.538 -3.538 -3.538 -3.538 -3.538 -3.642 -3.538 -3.642 -3.642 -3.642 -3.642 -3.538 -3.642 -3.642 -3.642 -3.538 -3.434 -3.538 -3.434 -3.434 -3.434 -3.538 -3.538 -3.434 -3.434 -3.538 -3.538 -3.538 -3.538 -3.538 -3.538 -3.538 -3.538 -3.538 -3.538 -3.538 -3.538 -3.538 -3.538 -3.538 -3.434 -3.538 -3.434 -3.434 -3.434 -3.434 -13.322 -12.281 -15.924 -7.285 -6.973 -8.014 -8.222 -6.765 -8.742 -6.452 -4.579 -6.14 -6.348 -6.452 -6.661 -7.077 -7.285 -6.973 -7.91 -3.955 -5.412 -7.493 -3.122 -8.118 -5.932 -5.932 -7.181 -5.828 -5.203 -5.62 -6.244 -5.62 -4.059 -7.805 -5.412 -3.226 -8.534 -8.742 -5.412 -6.348 -3.33 -5.412 -6.557 -6.036 -3.434 -9.054 -3.434 -8.742 -8.326 -7.493 -3.33 -7.91 -3.33 -6.452 -9.159 -8.534 -6.036 -5.412 -8.95 -3.746 -10.095 -4.579 -6.973 -8.222 -3.538 -7.805 -8.95 -5.516 -5.203 -3.538 -4.787 -5.412 -11.032 -7.077 -3.33 -5.62 -9.367 -6.244 -6.14 -7.285 -8.118 -8.534 -7.493 -5.412 -8.534 -8.534 -7.077 -6.14 -6.14 -8.014 -8.326 -4.683 -3.434 -6.452 -7.077 -4.787 -5.516 -7.285 -6.036 
