# name: phAngle
# type: matrix
# rows: 1
# columns: 363
 274 274 274 349 326 349 349 349 349 349 349 349 349 349 349 349 349 349 349 349 349 349 349 349 349 349 349 349 349 349 349 349 349 349 349 349 349 349 349 349 349 349 349 349 349 349 349 349 349 349 349 349 349 349 349 349 349 349 349 349 349 349 349 348 348 350 350 350 350 350 350 350 350 350 350 349 349 349 349 349 349 349 349 349 349 349 349 349 351 351 349 349 351 351 351 351 351 351 350 350 350 350 350 350 350 350 350 350 350 350 350 350 350 350 350 350 350 350 350 350 350 350 350 350 350 349 349 351 351 350 350 350 350 350 350 350 350 350 350 350 350 350 350 350 350 350 350 350 350 350 350 350 350 350 350 350 350 350 350 350 350 349 274 351 352 350 350 350 351 351 349 350 349 349 349 350 349 350 351 349 350 349 350 350 349 349 349 349 349 349 349 349 349 349 349 349 349 349 349 349 349 349 349 349 350 350 350 350 350 350 350 350 349 350 350 350 350 350 350 350 350 350 350 350 350 350 350 350 350 350 350 350 350 349 349 349 349 349 349 349 349 349 349 349 349 349 350 349 349 349 349 349 349 351 349 350 350 350 351 351 350 351 351 350 350 350 350 350 350 349 349 353 353 349 350 353 349 349 353 349 349 349 353 349 349 349 349 349 349 349 353 349 353 349 349 353 349 353 349 349 349 349 349 349 349 349 353 349 349 353 349 349 353 349 349 349 349 349 349 349 349 349 349 353 349 353 353 353 353 353 353 353 349 353 349 353 353 353 353 352 352 349 352 352 353 353 352 352 352 352 353 352 349 352 349 349 352 352 352 352 352 352 352 
# name: freq
# type: matrix
# rows: 1
# columns: 363
 50.0 50.0 50.0 50.0 50.0 50.0 50.0 50.0 50.0 50.0 50.0 50.0 50.0 50.0 50.0 50.0 50.0 50.0 50.0 50.0 50.0 50.0 50.0 50.0 50.0 50.0 50.0 50.0 50.0 50.0 50.0 50.0 50.0 50.0 50.0 50.0 50.0 50.0 50.0 50.0 50.0 50.0 50.0 50.0 50.0 50.0 50.0 50.0 50.0 50.0 50.0 50.0 50.0 50.0 50.0 50.0 50.0 50.0 50.0 50.0 50.0 50.0 50.0 50.0 50.0 50.0 50.0 50.0 50.0 50.0 50.0 50.0 50.0 50.0 50.0 50.0 50.0 50.0 50.0 50.0 50.0 50.0 50.0 50.0 50.0 50.0 50.0 50.0 50.0 50.0 50.0 50.0 50.0 50.0 50.0 50.0 50.0 50.0 50.0 50.0 50.0 50.0 50.0 50.0 50.0 50.0 50.0 50.0 50.0 50.0 50.0 50.0 50.0 50.0 50.0 50.0 50.0 50.0 50.0 50.0 50.0 50.0 50.0 50.1 50.0 50.0 50.0 50.0 50.0 50.0 50.0 50.0 50.0 50.0 50.0 50.0 50.0 50.0 50.0 50.0 50.0 50.0 50.0 50.0 50.0 50.0 50.0 50.0 50.0 50.0 50.0 50.0 50.0 50.0 50.0 50.0 50.0 50.0 50.0 50.0 50.0 50.0 50.0 50.0 50.0 50.0 50.0 50.0 50.0 50.0 50.0 50.0 50.0 50.0 50.0 50.0 50.0 50.0 50.0 50.0 50.0 50.0 50.0 50.0 50.0 50.0 50.0 50.0 50.0 50.0 50.0 50.0 50.0 50.0 50.0 50.0 50.0 50.0 50.0 50.0 50.0 50.0 50.0 50.0 50.0 50.0 50.0 50.0 50.0 50.0 50.0 50.0 50.0 50.0 50.0 50.0 50.0 50.0 50.0 50.0 50.0 50.0 50.0 50.0 50.0 50.0 50.0 50.0 50.0 50.0 50.0 50.0 50.0 50.0 50.0 50.0 50.0 50.0 50.0 50.0 50.0 50.0 50.0 50.0 50.0 50.0 50.0 50.0 50.0 50.0 50.0 50.0 50.0 50.0 50.0 50.0 50.0 50.0 50.0 50.0 50.0 50.0 50.0 50.0 50.0 50.0 50.0 50.0 50.0 50.0 50.0 50.0 50.0 50.0 50.0 50.0 50.0 50.0 50.0 50.0 50.0 50.0 50.0 50.0 50.0 50.0 50.0 50.0 50.0 50.0 50.0 50.0 50.0 50.0 50.0 50.0 50.0 50.0 50.0 50.0 50.0 50.0 50.0 50.0 50.0 50.0 50.0 50.0 50.0 50.0 50.0 50.0 50.0 50.0 50.0 50.0 50.0 50.0 50.0 50.0 50.0 50.0 50.0 50.0 50.0 50.0 50.0 50.0 50.0 50.0 50.0 50.0 50.0 50.0 50.0 50.0 50.0 50.0 50.0 50.0 50.0 50.0 50.0 50.0 50.0 50.0 50.0 50.0 50.0 50.0 50.0 50.0 50.0 50.0 50.0 50.0 50.0 50.0 50.0 50.0 50.0 50.0 50.0 
# name: reacPower
# type: matrix
# rows: 1
# columns: 363
 -5.176 -5.279 -5.279 -6.625 -4.037 -13.457 -13.561 -13.768 -13.25 -13.768 -13.871 -13.871 -13.561 -13.768 -13.768 -13.561 -13.561 -13.871 -13.25 -13.561 -13.25 -13.25 -13.561 -13.664 -13.043 -13.768 -13.664 -13.768 -13.354 -13.561 -13.25 -13.354 -13.25 -12.94 -13.457 -13.561 -13.457 -13.457 -13.664 -13.25 -13.147 -13.354 -13.043 -13.25 -13.043 -12.94 -12.94 -12.94 -12.836 -13.043 -13.147 -13.043 -13.561 -13.457 -13.664 -13.25 -12.836 -13.043 -12.836 -12.94 -12.94 -12.94 -12.836 -12.733 -12.629 -11.904 -12.215 -12.008 -12.008 -11.594 -12.008 -11.801 -11.49 -11.387 -11.076 -11.18 -11.076 -10.973 -11.387 -11.18 -11.387 -10.662 -11.076 -10.869 -10.973 -10.559 -10.352 -10.352 -10.144 -10.248 -12.94 -10.352 -9.937 -10.041 -9.834 -9.73 -9.937 -9.316 -9.73 -9.627 -9.834 -10.041 -9.834 -9.109 -9.627 -9.316 -9.006 -9.109 -9.627 -9.006 -9.213 -9.316 -9.523 -9.006 -9.109 -8.799 -8.592 -8.488 -8.488 -8.799 -8.695 -9.006 -8.592 -8.488 -9.006 -10.766 -10.248 -10.248 -4.658 -4.968 -4.658 -4.554 -4.554 -4.761 -4.554 -4.658 -4.554 -4.658 -4.554 -4.554 -4.658 -4.554 -4.554 -4.554 -4.658 -4.658 -4.658 -4.554 -4.451 -4.451 -4.347 -4.347 -4.347 -4.347 -4.347 -4.347 -4.244 -4.451 -4.451 -4.347 -4.347 -4.347 -5.279 -8.074 -5.9 -9.523 -9.627 -9.523 -7.867 -7.66 -10.973 -8.592 -10.662 -10.455 -10.455 -8.592 -8.385 -9.523 -10.041 -8.385 -11.594 -8.488 -9.834 -7.349 -8.488 -8.799 -8.902 -8.695 -8.695 -8.799 -8.799 -8.799 -8.695 -8.281 -8.695 -8.592 -8.488 -8.592 -8.488 -8.592 -8.488 -8.592 -8.488 -11.594 -7.039 -7.246 -7.039 -6.935 -7.142 -7.039 -7.039 -6.728 -10.352 -6.625 -6.935 -6.935 -6.728 -6.935 -7.039 -7.142 -7.142 -7.142 -6.935 -6.935 -6.935 -6.832 -6.728 -6.625 -6.832 -6.935 -6.935 -6.832 -6.625 -6.728 -6.521 -6.521 -6.625 -6.728 -6.832 -6.521 -6.728 -6.625 -6.625 -6.625 -6.418 -6.521 -6.728 -6.521 -6.521 -6.625 -6.728 -6.418 -6.521 -7.453 -8.281 -7.556 -7.349 -7.349 -7.764 -7.142 -6.728 -7.867 -7.764 -7.66 -7.764 -7.556 -7.66 -7.453 -7.349 -6.314 -6.521 -6.004 -6.004 -6.418 -8.488 -6.004 -6.418 -6.211 -6.107 -6.418 -6.418 -6.314 -6.004 -6.314 -6.211 -6.211 -6.521 -6.418 -6.418 -6.211 -5.9 -6.418 -6.004 -6.314 -6.314 -6.107 -6.625 -6.004 -6.418 -6.521 -6.418 -6.625 -6.418 -6.521 -6.418 -6.521 -6.107 -6.211 -6.211 -6.107 -6.521 -6.418 -6.004 -6.728 -6.211 -6.211 -6.521 -6.418 -6.211 -6.314 -6.314 -6.314 -6.107 -6.107 -6.107 -6.004 -6.004 -5.797 -6.004 -6.004 -6.107 -6.107 -6.314 -6.004 -6.211 -6.107 -6.004 -6.107 -6.107 -6.004 -5.9 -6.314 -6.004 -6.004 -6.004 -6.004 -6.107 -6.004 -5.797 -6.107 -6.004 -5.9 -6.314 -5.797 -6.314 -6.211 -5.9 -6.107 -5.59 -6.004 -5.797 -5.59 -5.693 
