# name: phAngle
# type: matrix
# rows: 1
# columns: 358
 347 344 341 346 344 344 345 344 345 342 347 342 341 344 344 342 347 344 345 342 345 344 344 344 346 345 344 341 345 341 344 341 345 342 344 344 345 340 344 345 347 344 344 345 347 344 341 347 345 345 340 347 345 345 344 344 345 344 344 344 345 344 343 341 344 344 344 347 344 347 344 348 344 341 344 338 337 342 343 344 342 341 345 346 344 340 344 343 341 339 341 347 315 315 315 315 315 315 315 315 315 315 315 315 315 315 282 282 281 281 281 281 281 281 281 281 282 281 281 281 281 281 281 281 281 282 281 282 282 281 282 281 281 281 281 282 281 281 281 282 281 281 281 281 282 281 281 282 281 281 281 281 281 281 282 281 281 282 281 281 281 281 281 281 281 281 281 281 281 281 281 281 281 281 281 281 281 282 281 281 281 281 282 281 282 281 281 281 281 281 281 281 281 281 281 282 281 282 281 281 282 281 281 281 281 281 281 281 281 281 281 281 281 281 281 281 281 281 281 281 281 281 281 281 281 281 281 281 281 281 281 281 281 281 281 281 281 281 281 281 281 281 281 281 343 336 346 341 349 343 343 343 343 343 345 339 347 348 350 350 347 344 343 344 343 345 340 347 349 344 346 344 347 347 341 344 343 347 339 344 347 346 347 344 343 344 345 344 344 344 344 343 343 343 349 346 343 347 344 347 347 346 343 343 347 344 344 344 347 349 343 344 344 344 344 347 350 347 349 343 347 349 344 344 344 343 346 344 347 346 348 343 346 346 345 344 346 347 348 345 344 348 347 340 345 344 347 344 347 344 347 349 347 347 347 345 346 347 
# name: freq
# type: matrix
# rows: 1
# columns: 358
 50.0 50.0 50.0 50.0 50.0 50.0 50.0 50.0 50.0 50.0 50.0 50.0 50.0 50.0 50.0 50.0 50.0 50.0 50.0 50.0 50.0 50.0 50.0 50.0 50.0 50.0 50.0 50.0 50.0 50.0 50.0 50.0 50.0 50.0 50.0 50.0 50.0 50.0 50.0 50.0 50.0 50.0 50.0 50.0 50.0 50.0 50.0 50.0 50.0 50.0 50.0 50.0 50.0 50.0 50.0 50.0 50.0 50.0 50.0 50.0 50.0 50.0 50.0 50.0 50.0 50.0 50.0 50.0 50.0 50.0 50.0 50.0 50.0 50.0 50.0 50.0 50.0 50.0 50.0 50.0 50.0 50.0 50.0 50.0 50.0 50.0 50.0 50.0 50.0 50.0 50.0 50.0 50.0 50.0 50.0 50.0 50.0 50.0 50.0 50.0 50.0 50.0 50.0 50.0 50.0 50.0 50.0 50.0 50.0 50.0 50.0 50.0 50.0 50.0 50.0 50.0 50.0 50.0 50.0 50.0 50.0 50.0 50.0 50.0 50.0 50.0 50.0 50.0 50.0 50.0 50.0 50.0 50.0 50.0 50.0 50.0 50.0 50.0 50.0 50.0 50.0 50.0 50.0 50.0 50.0 50.0 50.0 50.0 50.0 50.0 50.0 50.0 50.0 50.0 50.0 50.0 50.0 50.0 50.0 50.0 50.0 50.0 50.0 50.0 50.0 50.0 50.0 50.0 50.0 50.0 50.0 50.0 50.0 50.0 50.0 50.0 50.0 50.0 50.0 50.0 50.0 50.0 50.0 50.0 50.0 50.0 50.0 50.0 50.0 50.0 50.0 50.0 50.0 50.0 50.0 50.0 50.0 50.0 50.0 50.0 50.0 50.0 50.0 50.0 50.0 50.0 50.0 50.0 50.0 50.0 50.0 50.0 50.0 50.0 50.0 50.0 50.0 50.0 50.0 50.0 50.0 50.0 50.0 50.0 50.0 50.0 50.0 50.0 50.0 50.0 50.0 50.0 50.0 50.0 50.0 50.0 50.0 50.0 50.0 50.0 50.0 50.0 50.0 50.0 50.0 50.0 50.0 50.0 50.0 50.0 50.0 50.0 50.0 50.0 50.0 50.0 50.0 50.0 50.0 50.0 50.0 50.0 50.0 50.0 50.0 50.0 50.0 50.0 50.0 50.0 50.0 50.0 50.0 50.0 50.0 50.0 50.0 50.0 50.0 50.0 50.0 50.0 50.0 50.0 50.0 50.0 50.0 50.0 50.0 50.0 50.0 50.0 50.0 50.0 50.0 50.0 50.0 50.0 50.0 50.0 50.0 50.0 50.0 50.0 50.0 50.0 50.0 50.0 50.0 50.0 50.0 50.0 50.0 50.0 50.0 50.0 50.0 50.0 50.0 50.0 50.0 50.0 50.0 50.0 50.0 50.0 50.0 50.0 50.0 50.0 50.0 50.0 50.0 50.0 50.0 50.0 50.0 50.0 50.0 50.0 50.0 50.0 50.0 50.0 50.0 50.0 50.0 50.0 50.0 50.0 50.0 50.0 50.0 50.0 50.0 50.0 50.0 50.0 
# name: reacPower
# type: matrix
# rows: 1
# columns: 358
 -10.248 -11.18 -12.836 -12.111 -12.008 -10.455 -11.697 -11.387 -11.904 -13.354 -9.627 -12.629 -13.561 -12.008 -11.904 -13.147 -10.248 -12.111 -11.076 -12.94 -11.801 -11.801 -11.49 -11.49 -12.215 -11.594 -10.869 -13.354 -10.248 -12.629 -10.455 -12.836 -10.662 -13.147 -12.318 -10.559 -11.801 -12.733 -11.18 -10.869 -9.627 -11.283 -10.973 -12.215 -9.73 -11.801 -12.94 -10.041 -12.111 -12.215 -15.01 -10.144 -10.352 -10.662 -12.111 -12.215 -10.559 -11.904 -10.973 -10.662 -11.283 -10.973 -11.49 -13.25 -12.008 -11.283 -11.904 -10.144 -10.662 -10.248 -10.662 -10.248 -11.18 -13.561 -11.283 -16.873 -16.666 -14.078 -13.354 -11.387 -12.525 -13.147 -12.215 -12.318 -11.076 -12.836 -11.283 -12.422 -12.836 -17.287 -17.805 -6.728 -5.9 -5.9 -5.9 -5.9 -5.9 -5.9 -5.9 -5.9 -5.9 -5.9 -5.9 -5.9 -5.9 -5.9 -6.418 -6.418 -6.418 -6.418 -6.418 -6.418 -6.418 -6.418 -6.418 -6.418 -6.418 -6.418 -6.418 -6.418 -6.418 -6.418 -6.418 -6.418 -6.418 -6.418 -6.418 -6.418 -6.418 -6.418 -6.418 -6.418 -6.418 -6.418 -6.418 -6.418 -6.418 -6.418 -6.418 -6.418 -6.418 -6.418 -6.418 -6.418 -6.418 -6.418 -6.418 -6.418 -6.521 -6.418 -6.418 -6.521 -6.521 -6.418 -6.418 -6.418 -6.418 -6.418 -6.418 -6.418 -6.418 -6.521 -6.418 -6.521 -6.521 -6.521 -6.521 -6.521 -6.521 -6.521 -6.521 -6.521 -6.521 -6.521 -6.521 -6.418 -6.521 -6.521 -6.521 -6.521 -6.521 -6.418 -6.418 -6.418 -6.418 -6.521 -6.521 -6.521 -6.521 -6.521 -6.521 -6.521 -6.521 -6.521 -6.521 -6.521 -6.521 -6.418 -6.521 -6.521 -6.418 -6.521 -6.521 -6.521 -6.521 -6.418 -6.418 -6.521 -6.521 -6.521 -6.521 -6.521 -6.521 -6.521 -6.521 -6.521 -6.521 -6.521 -6.521 -6.521 -6.521 -6.521 -6.521 -6.521 -6.521 -6.521 -6.521 -6.521 -6.521 -6.521 -6.521 -6.521 -6.521 -6.521 -6.521 -6.521 -6.521 -6.521 -6.521 -6.521 -6.521 -6.521 -6.521 -6.521 -18.737 -16.666 -9.73 -12.733 -7.349 -10.559 -11.49 -10.869 -10.766 -10.248 -10.041 -12.318 -9.42 -8.799 -8.074 -7.971 -9.316 -11.283 -11.904 -11.904 -10.662 -9.109 -12.422 -10.041 -6.521 -10.455 -9.627 -10.662 -9.523 -8.695 -14.285 -11.387 -11.387 -10.144 -12.525 -11.387 -8.695 -9.006 -9.937 -10.352 -11.076 -11.18 -10.248 -10.869 -11.18 -10.766 -10.455 -11.801 -10.248 -10.766 -8.074 -9.937 -10.973 -8.799 -10.352 -10.144 -10.248 -9.937 -10.662 -10.455 -9.316 -11.801 -11.387 -11.697 -8.902 -7.66 -10.352 -12.318 -11.801 -10.973 -10.248 -9.213 -8.074 -8.488 -7.971 -10.559 -9.937 -7.66 -11.076 -10.248 -11.594 -10.455 -9.937 -11.49 -9.937 -9.73 -9.627 -12.215 -8.592 -8.902 -9.937 -11.283 -9.73 -9.937 -10.248 -9.627 -10.766 -9.937 -8.385 -13.457 -9.937 -10.455 -8.902 -10.869 -8.799 -10.352 -8.385 -6.625 -8.902 -10.248 -9.834 -9.213 -9.73 -8.695 
