# name: phAngle
# type: matrix
# rows: 1
# columns: 359
 346 341 344 344 343 341 338 338 338 338 344 341 338 338 341 338 344 338 338 338 338 338 344 341 338 338 338 338 344 279 278 279 278 278 279 278 279 279 279 279 279 279 279 278 279 279 333 341 346 346 344 346 345 347 347 347 341 346 343 347 346 347 347 346 343 347 347 346 347 347 343 347 346 341 347 346 343 347 347 346 341 341 343 341 347 339 341 347 343 341 339 347 341 346 343 341 346 341 347 339 343 341 347 341 347 341 343 347 341 341 341 341 343 341 341 341 341 341 343 341 341 346 341 339 343 341 339 336 341 341 343 341 341 341 341 341 343 341 341 341 341 341 343 343 341 341 341 341 343 341 341 341 341 341 343 341 341 341 341 341 343 341 341 341 341 341 343 347 341 341 341 346 341 341 341 339 341 339 341 341 339 339 341 339 341 341 339 339 341 339 345 341 341 341 341 339 343 341 339 339 344 344 341 344 344 344 344 344 346 344 344 344 344 344 346 344 344 344 339 337 341 344 344 344 344 344 341 344 344 344 344 344 343 344 344 344 344 344 341 344 344 344 344 344 343 344 344 344 344 344 343 346 344 344 344 344 341 344 344 344 344 344 343 344 344 344 344 344 341 344 344 344 344 344 343 344 344 344 344 344 343 346 344 344 344 344 343 344 344 344 346 344 341 344 337 337 344 344 343 344 344 344 344 344 343 344 344 344 344 344 343 344 344 344 344 344 341 344 344 344 344 344 336 344 337 344 339 344 341 344 344 344 344 344 341 344 344 344 344 344 341 344 344 344 344 341 341 341 341 341 341 341 346 341 344 339 343 347 344 
# name: freq
# type: matrix
# rows: 1
# columns: 359
 49.9 49.9 49.9 50.0 50.0 50.0 50.0 49.9 50.0 50.0 50.0 50.0 50.0 50.0 50.0 50.0 50.0 50.0 50.0 50.0 50.0 50.0 50.0 50.0 50.0 50.0 50.0 50.0 50.0 50.0 50.0 50.0 50.0 50.0 50.0 50.0 50.0 50.0 50.0 50.0 50.0 50.0 50.0 50.0 50.0 50.0 50.0 50.0 50.0 50.0 50.0 50.0 50.0 50.0 50.0 50.0 50.0 50.0 50.0 50.0 50.0 50.0 50.0 50.0 50.0 50.0 50.0 50.0 50.0 50.0 49.9 49.9 50.0 50.0 50.0 50.0 50.0 50.0 50.0 50.0 50.0 50.0 50.0 50.0 50.0 50.0 50.0 49.9 50.0 50.0 50.0 50.0 50.0 50.0 50.0 50.0 50.0 50.0 50.0 50.0 50.0 50.0 50.0 50.0 50.0 49.9 50.0 50.0 50.0 50.0 50.0 50.0 50.0 50.0 50.0 50.0 50.0 50.0 50.0 50.0 50.0 50.0 50.0 50.0 50.0 50.0 50.0 50.0 50.0 50.0 50.0 50.0 50.0 50.0 50.0 50.0 50.0 50.0 50.0 50.0 50.0 50.0 50.0 50.0 50.0 50.0 50.0 50.0 50.0 50.0 50.0 50.0 50.0 50.0 50.0 50.0 50.0 50.0 50.0 50.0 50.0 50.0 50.0 50.0 50.0 50.0 50.0 50.0 50.0 50.0 50.0 50.0 50.0 50.0 50.0 50.0 50.0 50.0 50.0 50.0 50.0 50.0 50.0 50.0 50.0 50.0 50.0 50.0 50.0 50.0 50.0 50.0 50.0 50.0 50.0 50.0 50.0 50.0 50.0 50.0 50.0 50.0 50.0 50.0 50.0 50.0 50.0 50.0 50.0 50.0 50.0 50.0 50.0 50.0 50.0 50.0 50.0 50.0 50.0 50.0 50.0 50.0 50.0 50.0 50.0 50.0 50.0 50.0 50.0 50.0 50.0 50.0 50.0 50.0 50.0 50.0 50.0 50.0 50.0 50.0 50.0 50.0 50.0 50.0 50.0 50.0 50.0 50.0 50.0 50.0 50.0 50.0 50.0 50.0 50.0 50.0 50.0 50.0 50.0 50.0 50.0 50.0 50.0 50.0 50.0 50.0 50.0 50.0 50.0 50.0 50.0 50.0 50.0 50.0 50.0 50.0 50.0 50.0 50.0 50.0 50.0 50.0 50.0 50.0 50.0 50.0 50.0 50.0 50.0 50.0 50.0 50.0 50.0 50.0 50.0 50.0 50.0 50.0 50.0 50.0 50.0 50.0 50.0 50.0 50.0 50.0 50.0 50.0 50.0 50.0 50.0 50.0 50.0 50.0 50.0 50.0 50.0 50.0 50.0 50.0 50.0 50.0 50.0 50.0 50.0 50.0 50.0 50.0 50.0 50.0 50.0 50.0 50.0 50.0 50.0 50.0 50.0 50.0 50.0 50.0 50.0 50.0 50.0 50.0 50.0 50.0 50.0 50.0 50.0 50.0 50.0 50.0 50.0 50.0 50.0 50.0 50.0 50.0 50.0 
# name: reacPower
# type: matrix
# rows: 1
# columns: 359
 -7.142 -5.072 -5.59 -5.486 -6.728 -5.486 -5.279 -5.072 -5.279 -5.279 -5.797 -5.383 -5.59 -5.693 -5.383 -5.176 -5.59 -5.176 -5.072 -5.176 -5.176 -5.279 -5.693 -5.486 -5.279 -5.279 -5.486 -5.279 -6.004 -5.279 -5.279 -5.279 -5.279 -5.279 -5.279 -5.279 -5.279 -5.279 -5.279 -5.279 -5.279 -5.279 -5.279 -5.279 -5.279 -5.279 -6.625 -5.072 -5.693 -5.797 -5.486 -5.59 -6.832 -6.004 -5.9 -5.9 -7.867 -5.9 -6.625 -6.107 -5.797 -6.004 -6.004 -5.797 -6.625 -5.9 -6.107 -5.693 -5.9 -5.797 -6.418 -5.9 -5.693 -6.211 -6.107 -6.004 -6.314 -6.004 -6.004 -5.9 -6.211 -6.418 -6.728 -6.521 -6.107 -6.418 -6.832 -5.797 -7.142 -6.314 -6.418 -6.107 -6.418 -6.107 -6.728 -6.211 -5.9 -6.211 -6.107 -6.418 -7.556 -6.728 -6.004 -6.832 -6.107 -6.314 -6.832 -6.004 -7.453 -8.178 -6.418 -6.211 -6.832 -6.314 -6.314 -6.211 -6.418 -6.314 -6.625 -6.521 -6.314 -6.107 -6.521 -6.521 -6.728 -7.453 -6.314 -8.281 -6.625 -6.314 -7.142 -6.211 -6.521 -6.211 -6.728 -6.521 -6.728 -6.625 -6.314 -6.521 -6.521 -6.832 -6.935 -6.728 -6.418 -6.521 -6.314 -6.728 -7.039 -6.728 -6.418 -6.418 -6.211 -6.314 -6.832 -6.314 -6.211 -6.625 -6.521 -6.418 -7.142 -7.453 -6.211 -6.211 -6.521 -6.314 -6.832 -6.107 -6.418 -6.314 -6.314 -6.107 -6.625 -6.418 -6.314 -6.211 -6.314 -6.211 -6.625 -6.107 -6.314 -6.211 -6.521 -6.211 -6.728 -6.314 -6.314 -6.521 -6.625 -6.418 -7.142 -6.418 -6.314 -6.418 -6.418 -6.211 -7.142 -6.314 -6.211 -6.211 -5.797 -5.797 -6.625 -5.797 -5.797 -5.693 -5.9 -5.9 -5.9 -5.9 -5.693 -5.693 -5.59 -5.797 -6.107 -5.9 -6.004 -5.693 -6.832 -6.211 -6.521 -5.9 -5.797 -5.797 -5.9 -5.9 -6.521 -6.004 -5.9 -5.9 -6.107 -5.9 -6.935 -5.9 -5.797 -6.004 -5.797 -5.9 -6.625 -5.9 -5.59 -5.693 -5.693 -5.693 -6.728 -5.797 -5.693 -5.59 -5.797 -5.59 -6.625 -5.797 -5.693 -5.693 -5.797 -5.693 -6.728 -5.693 -5.797 -5.59 -5.9 -5.693 -6.625 -5.693 -5.797 -5.693 -5.59 -5.59 -6.418 -5.59 -5.59 -5.59 -5.59 -5.486 -6.832 -5.797 -5.486 -5.693 -5.59 -5.693 -6.625 -5.797 -5.59 -5.486 -5.693 -5.59 -6.314 -5.9 -5.486 -5.59 -6.107 -5.693 -6.521 -5.797 -6.211 -6.211 -6.004 -5.59 -6.625 -5.797 -5.9 -5.486 -5.797 -5.693 -6.521 -5.797 -5.693 -5.797 -5.797 -5.693 -6.625 -5.693 -5.9 -5.693 -5.9 -5.693 -6.625 -5.9 -5.797 -6.004 -5.9 -6.107 -8.178 -6.107 -6.521 -5.797 -6.211 -5.797 -6.832 -5.9 -5.9 -5.9 -5.9 -5.797 -6.935 -6.004 -5.9 -5.797 -5.9 -5.797 -6.728 -5.797 -5.797 -6.004 -6.004 -5.59 -6.418 -5.486 -5.59 -5.59 -5.59 -5.59 -6.107 -5.486 -6.004 -6.211 -6.935 -7.971 -8.902 
