# name: phAngle
# type: matrix
# rows: 1
# columns: 358
 339 346 346 346 346 343 345 345 346 346 346 346 345 345 345 346 345 345 345 345 345 345 346 346 337 345 345 346 346 345 345 345 345 345 345 345 345 345 346 346 346 346 346 346 346 346 346 346 346 346 346 346 346 346 346 345 346 345 345 346 346 345 345 346 346 345 345 345 345 345 345 345 346 345 345 345 345 345 345 345 345 345 345 345 345 345 345 345 345 345 345 345 345 345 345 345 345 345 346 345 345 345 345 345 345 345 345 345 346 345 345 345 345 345 345 345 345 345 345 345 345 345 345 345 345 345 345 345 345 345 345 345 345 345 345 345 345 345 345 345 345 345 345 346 346 345 345 345 345 345 345 346 345 345 345 345 345 345 345 345 345 345 346 345 345 345 345 345 345 345 345 345 345 345 345 345 345 345 345 345 345 345 345 345 345 345 345 345 345 345 345 344 344 344 346 346 346 346 345 345 345 345 346 345 345 345 345 345 345 345 345 345 345 345 345 345 345 344 343 343 343 343 343 343 343 343 343 343 343 343 343 343 343 343 343 344 343 343 344 344 344 344 344 344 342 344 344 344 342 344 344 342 344 344 344 344 345 344 344 343 343 343 344 345 344 346 344 344 344 344 344 344 344 344 344 344 344 344 344 344 344 344 345 344 344 344 343 344 344 344 344 344 344 343 343 343 343 343 343 342 343 342 342 342 342 341 341 342 341 342 341 341 342 341 341 341 341 343 341 341 341 341 341 341 341 341 341 341 341 341 341 341 341 341 341 341 341 341 341 341 340 341 340 341 340 340 341 340 340 340 340 340 340 340 342 315 315 315 
# name: freq
# type: matrix
# rows: 1
# columns: 358
 50.0 50.0 50.0 50.0 50.0 50.0 50.0 50.0 50.0 50.0 50.0 50.0 50.0 50.0 50.0 50.0 50.0 50.0 50.0 50.0 50.0 50.0 50.0 50.0 50.0 50.0 50.0 50.0 50.0 50.0 50.0 50.0 50.0 50.0 50.0 50.0 50.0 50.0 50.0 50.0 50.0 50.0 50.0 50.0 50.0 50.0 50.0 50.0 49.9 50.0 50.0 49.9 50.0 50.0 50.0 50.0 50.0 50.0 50.0 50.0 50.0 50.0 50.0 50.0 50.0 50.0 50.0 50.0 50.0 50.0 50.0 50.0 50.0 50.0 50.0 50.0 50.0 50.0 50.0 50.0 50.0 50.0 50.0 50.0 50.0 50.0 50.0 50.0 50.0 50.0 50.0 50.0 50.0 50.0 50.0 50.0 50.0 50.0 50.0 50.0 50.0 50.0 50.0 50.0 50.0 50.0 50.0 50.0 50.0 50.0 50.0 50.0 50.0 50.0 50.0 50.0 50.0 50.0 50.0 49.9 50.0 49.9 50.0 50.0 50.0 49.9 50.0 49.9 50.0 49.9 49.9 49.9 50.0 49.9 49.9 49.9 49.9 49.9 49.9 50.0 49.9 49.9 50.0 50.0 49.9 50.0 50.0 50.0 50.0 50.0 50.0 50.0 49.9 50.0 50.0 49.9 49.9 50.0 50.0 49.9 50.0 50.0 50.0 50.0 50.0 50.0 50.0 50.0 50.0 50.0 50.0 50.0 50.0 50.0 50.0 50.0 50.0 50.0 50.0 50.0 50.0 50.0 50.0 50.0 50.0 50.0 50.0 50.0 50.0 50.0 50.0 50.0 50.1 50.0 50.0 50.1 50.0 50.0 50.0 50.0 50.0 50.0 50.0 50.0 50.0 50.0 50.0 50.0 50.0 50.0 50.0 50.0 50.0 50.0 50.1 50.0 50.0 50.0 50.0 50.0 50.0 50.0 50.0 50.0 50.0 50.0 50.0 50.0 50.0 50.0 50.0 50.0 50.0 50.0 50.0 50.0 50.0 50.0 50.0 50.0 50.0 50.0 50.0 50.0 50.0 50.0 50.0 50.0 50.0 50.0 50.0 50.0 50.0 50.0 50.0 50.0 50.0 50.0 50.0 50.0 50.0 50.0 50.0 50.0 50.0 50.0 50.0 50.0 50.0 50.0 50.0 50.0 50.0 50.0 50.0 50.0 50.0 50.0 50.0 50.0 50.0 50.0 50.0 50.0 50.0 50.0 50.0 50.0 50.0 50.0 50.0 50.0 50.0 50.0 50.0 50.0 50.0 50.0 50.0 50.0 50.0 50.0 50.0 50.0 50.0 50.0 50.0 50.0 50.0 50.0 50.0 50.0 50.0 50.0 50.0 50.0 50.0 50.0 50.0 50.0 50.0 50.0 50.0 50.0 50.0 50.0 50.0 50.0 50.0 50.0 50.0 50.0 50.0 50.0 50.0 50.0 50.0 50.0 50.0 50.0 50.0 50.0 50.0 50.0 50.0 50.0 50.0 50.0 50.0 50.0 50.0 50.0 50.0 50.0 50.0 50.0 50.0 50.0 
# name: reacPower
# type: matrix
# rows: 1
# columns: 358
 -20.6 -21.635 -21.635 -21.635 -21.739 -21.118 -21.428 -21.532 -21.739 -21.635 -21.635 -21.635 -21.532 -21.532 -21.428 -21.635 -21.532 -21.428 -21.325 -21.325 -21.325 -21.221 -21.532 -21.739 -21.014 -21.532 -21.739 -21.739 -21.946 -21.842 -21.635 -21.739 -21.739 -21.739 -21.635 -21.635 -21.635 -21.739 -21.842 -21.635 -21.842 -21.842 -21.842 -21.842 -21.946 -21.946 -21.946 -21.946 -21.946 -21.842 -21.739 -21.842 -21.842 -21.946 -21.946 -21.739 -21.946 -21.739 -21.842 -21.946 -21.842 -21.842 -21.842 -21.842 -21.946 -21.739 -21.325 -21.221 -21.118 -21.221 -21.221 -21.118 -21.428 -21.221 -21.221 -21.221 -21.221 -21.221 -21.221 -21.118 -21.221 -21.221 -21.221 -21.221 -21.221 -21.118 -21.221 -21.221 -21.221 -21.221 -21.221 -21.118 -21.325 -21.118 -21.221 -21.221 -21.118 -21.221 -21.325 -21.221 -21.118 -21.014 -21.118 -21.118 -21.221 -21.118 -21.118 -21.118 -21.325 -21.221 -21.118 -21.221 -21.221 -21.221 -21.221 -21.118 -21.221 -21.221 -21.221 -21.221 -21.221 -21.221 -21.221 -21.221 -21.221 -21.221 -21.221 -21.118 -21.118 -21.118 -21.118 -21.221 -21.118 -21.221 -21.118 -21.221 -21.118 -21.118 -21.118 -21.118 -21.118 -21.221 -21.221 -21.325 -21.325 -21.221 -21.221 -21.221 -21.221 -21.221 -21.221 -21.428 -21.325 -21.325 -21.428 -21.221 -21.221 -21.325 -21.221 -21.014 -21.014 -20.911 -21.118 -20.911 -20.911 -20.911 -20.911 -20.911 -20.911 -20.807 -20.911 -21.014 -21.014 -21.014 -20.807 -20.911 -20.807 -20.911 -20.911 -20.911 -21.118 -21.014 -21.014 -21.118 -20.911 -20.911 -20.807 -21.014 -20.807 -21.014 -20.911 -21.014 -20.807 -20.807 -21.221 -21.221 -21.014 -21.118 -21.014 -21.014 -21.118 -21.014 -21.221 -21.014 -21.118 -21.014 -20.911 -21.014 -20.911 -21.014 -21.014 -21.014 -21.118 -21.118 -20.911 -20.911 -21.014 -20.6 -20.6 -20.6 -20.704 -20.704 -20.704 -20.704 -20.704 -20.6 -20.6 -20.704 -20.6 -20.6 -20.6 -20.6 -20.6 -20.6 -20.6 -20.6 -20.6 -20.6 -20.6 -20.6 -20.6 -20.6 -20.497 -20.497 -20.6 -20.6 -20.6 -20.6 -20.6 -20.6 -20.6 -20.6 -20.497 -20.6 -20.6 -20.6 -20.911 -20.497 -20.6 -20.497 -20.497 -20.497 -20.6 -21.118 -20.911 -21.221 -20.911 -20.704 -20.807 -20.807 -20.807 -20.807 -20.807 -20.704 -20.704 -20.6 -20.704 -20.704 -20.704 -20.807 -20.704 -20.6 -21.014 -20.6 -20.807 -20.807 -20.807 -20.704 -20.704 -20.807 -20.807 -20.911 -20.911 -20.807 -20.807 -20.911 -20.704 -20.704 -20.911 -20.497 -20.497 -20.497 -20.6 -20.497 -20.497 -20.393 -20.393 -20.393 -20.497 -20.393 -20.393 -20.393 -20.393 -20.497 -20.393 -20.393 -20.393 -20.704 -20.393 -20.497 -20.497 -20.393 -20.497 -20.497 -20.497 -20.393 -20.497 -20.393 -20.497 -20.497 -20.497 -20.393 -20.497 -20.393 -20.497 -20.497 -20.497 -20.497 -20.393 -20.393 -20.393 -20.497 -20.497 -20.497 -20.497 -20.393 -20.393 -20.497 -20.393 -20.393 -20.393 -20.393 -20.393 -20.704 -20.497 -19.875 -19.772 -19.772 
