# name: phAngle
# type: matrix
# rows: 1
# columns: 360
 0 0 0 357 0 358 357 358 357 0 357 355 357 357 357 357 357 357 357 357 358 357 0 357 0 357 0 0 0 0 0 356 358 358 358 357 357 0 0 0 0 0 0 357 0 0 357 0 0 357 0 0 0 0 0 0 357 357 0 357 357 358 357 0 0 0 0 0 0 0 0 0 0 0 0 0 0 0 0 0 358 358 0 0 0 0 0 355 0 0 0 0 357 0 0 0 0 0 358 357 0 357 0 358 356 358 357 0 357 0 0 0 0 0 0 0 0 0 0 0 0 0 0 0 0 0 0 0 0 0 0 0 0 357 0 0 0 0 357 0 357 0 0 0 357 357 357 357 0 0 0 0 0 0 0 0 0 0 0 0 0 0 0 0 0 0 0 0 0 0 0 0 357 357 0 0 358 355 357 357 357 357 357 0 0 0 0 0 0 0 0 0 0 0 0 0 0 0 0 0 0 0 0 0 0 356 0 357 0 0 0 0 0 0 0 0 0 0 0 0 0 0 0 0 0 0 0 358 357 357 357 357 357 357 357 357 357 357 357 357 357 357 357 357 357 357 357 357 358 357 357 357 0 357 357 357 357 357 357 0 357 0 0 357 357 0 357 0 0 357 357 357 357 357 357 357 0 0 357 0 0 0 357 0 0 0 0 0 357 0 0 357 0 0 0 0 0 0 0 0 0 0 0 0 0 0 0 356 357 357 357 357 357 357 357 357 357 357 357 357 357 357 357 357 357 357 357 358 357 357 357 358 358 358 357 357 357 357 357 357 357 357 357 357 357 357 357 357 357 357 357 357 357 357 357 357 0 0 0 0 
# name: freq
# type: matrix
# rows: 1
# columns: 360
 50.0 50.0 50.0 50.0 50.0 50.0 50.0 50.0 50.0 50.0 50.0 50.0 50.0 50.0 50.0 50.0 50.0 50.0 50.0 50.0 50.0 50.0 50.0 50.0 50.0 50.0 50.0 50.0 50.0 50.0 50.0 50.0 50.0 50.0 50.0 50.0 50.0 50.0 50.0 50.0 50.0 50.0 50.0 50.0 50.0 50.0 50.0 50.0 50.0 50.0 50.0 50.0 50.0 50.0 50.0 50.0 50.0 50.0 50.0 50.0 50.0 50.0 50.0 50.0 50.0 50.0 50.0 50.0 50.0 50.0 50.0 50.0 50.0 50.0 50.0 50.0 50.0 50.0 50.0 50.0 50.0 50.0 50.0 50.0 50.0 50.0 50.0 50.0 50.0 50.0 50.0 50.0 50.0 50.0 50.0 50.0 50.0 50.0 50.0 50.0 50.0 50.0 50.0 50.0 50.0 50.0 50.0 50.0 50.0 50.0 50.0 50.0 50.0 50.0 50.0 50.0 50.0 50.0 50.0 50.0 50.0 50.0 50.0 50.0 50.0 50.0 50.0 50.0 50.0 50.0 50.0 50.0 50.0 50.0 50.0 50.0 50.0 50.0 50.0 50.0 50.0 50.0 50.0 50.0 50.0 50.0 50.0 50.0 50.0 50.0 50.0 50.0 50.0 50.0 50.0 50.0 50.0 50.0 50.0 50.0 50.0 50.0 50.0 50.0 50.0 50.0 50.0 50.0 50.0 50.0 50.0 50.0 50.0 50.0 50.0 50.0 50.0 50.0 50.0 50.0 50.0 50.0 50.0 50.0 50.0 50.0 50.0 50.0 50.0 50.0 50.0 50.0 50.0 50.0 50.0 50.0 50.0 50.0 50.0 50.0 50.0 50.0 50.0 50.0 50.0 50.0 50.0 50.0 50.0 50.0 50.0 50.0 50.0 50.0 50.0 50.0 50.0 50.0 50.0 50.0 50.0 50.0 50.0 50.0 50.0 50.0 50.0 50.0 50.0 50.0 50.0 50.0 50.0 50.0 50.0 50.0 50.0 50.0 50.0 50.0 50.0 50.0 50.0 50.0 50.0 50.0 50.0 50.0 50.0 50.0 50.0 50.0 50.0 50.0 50.0 50.0 50.0 50.0 50.0 50.0 50.0 50.0 50.0 50.0 50.0 50.0 50.0 50.0 50.0 50.0 50.0 50.0 50.0 50.0 50.0 50.0 50.0 50.0 50.0 50.0 50.0 50.0 50.0 50.0 50.0 50.0 50.0 50.0 50.0 50.0 50.0 50.0 50.0 50.0 50.0 50.0 50.0 50.0 50.0 50.0 50.0 50.0 50.0 50.0 50.0 50.0 50.0 50.0 50.0 50.0 50.0 50.0 50.0 50.0 50.0 50.0 50.0 50.0 50.0 50.0 50.0 50.0 50.0 50.0 50.0 50.0 50.0 50.0 50.0 50.0 50.0 50.0 50.0 50.0 50.0 50.0 50.0 50.0 50.0 50.0 50.0 50.0 50.0 50.0 50.0 50.0 50.0 50.0 50.0 50.0 50.0 50.0 50.0 50.0 50.0 50.0 50.0 50.0 50.0 50.0 
# name: reacPower
# type: matrix
# rows: 1
# columns: 360
 -1.04 -1.144 -1.144 -2.601 -1.769 -2.706 -2.497 -3.746 -1.977 -1.769 -2.185 -4.579 -2.289 -2.393 -2.289 -2.185 -1.977 -2.393 -2.601 -2.497 -3.226 -2.185 -1.873 -2.081 -1.873 -2.393 -1.665 -1.665 -1.457 -1.769 -1.873 -4.995 -3.226 -2.601 -2.914 -1.977 -2.185 -1.665 -1.665 -1.873 -1.769 -1.769 -1.873 -1.977 -1.769 -1.873 -2.081 -1.457 -1.769 -2.081 -1.665 -1.561 -1.769 -1.665 -1.665 -1.769 -2.393 -1.977 -1.873 -2.393 -2.081 -2.706 -2.185 -1.144 -1.457 -1.353 -1.248 -1.144 -1.248 -1.144 -1.248 -1.144 -1.144 -1.144 -0.936 -1.144 -1.769 -1.665 -1.873 -1.144 -2.601 -2.706 -1.561 -1.561 -1.665 -1.457 -1.561 -3.955 -1.873 -1.457 -1.457 -1.561 -2.289 -1.457 -1.144 -1.561 -1.353 -1.353 -2.914 -2.497 -1.873 -2.393 -1.665 -2.81 -5.308 -2.706 -2.081 -1.873 -2.081 -1.769 -1.457 -1.873 -1.665 -1.665 -1.665 -1.353 -1.769 -1.561 -1.769 -1.873 -1.561 -1.665 -1.457 -1.248 -1.769 -1.665 -1.665 -1.457 -1.769 -1.769 -1.561 -1.873 -1.457 -1.977 -1.873 -1.769 -1.665 -1.665 -2.185 -1.873 -2.081 -1.873 -1.561 -1.873 -1.977 -1.977 -2.081 -2.81 -1.873 -1.457 -1.665 -1.665 -1.561 -1.457 -1.561 -1.561 -1.665 -1.457 -1.665 -1.769 -1.561 -1.457 -1.665 -1.769 -1.769 -1.769 -1.769 -1.769 -1.665 -1.665 -1.665 -1.665 -2.081 -2.081 -1.665 -1.561 -3.434 -4.267 -2.601 -1.977 -2.706 -2.185 -3.642 -1.769 -1.769 -1.665 -1.561 -1.561 -1.873 -1.561 -1.561 -1.561 -1.665 -1.665 -1.561 -1.457 -1.457 -1.457 -1.457 -1.769 -1.561 -1.457 -1.457 -1.457 -1.457 -5.308 -1.873 -2.185 -1.873 -1.665 -1.665 -1.665 -1.665 -1.665 -1.769 -1.561 -1.457 -1.561 -1.561 -1.665 -1.561 -1.457 -1.457 -1.561 -1.457 -1.665 -1.665 -3.538 -2.393 -2.393 -2.393 -2.393 -2.393 -2.497 -2.393 -2.185 -2.497 -2.497 -2.289 -2.497 -2.289 -2.497 -2.497 -2.289 -2.497 -2.393 -2.289 -2.393 -3.85 -1.977 -1.977 -2.081 -1.873 -2.081 -2.185 -1.977 -2.081 -2.185 -1.977 -1.873 -1.977 -1.873 -1.873 -2.081 -2.081 -1.873 -1.977 -1.873 -1.873 -2.081 -3.018 -1.977 -2.185 -1.977 -1.977 -2.081 -1.769 -1.665 -1.977 -1.873 -1.769 -1.873 -1.977 -1.873 -1.769 -1.873 -1.873 -1.977 -1.977 -1.977 -1.873 -1.977 -1.769 -1.665 -1.665 -1.561 -1.457 -1.353 -1.353 -1.457 -1.353 -1.248 -1.248 -1.248 -1.353 -1.248 -1.769 -5.62 -2.185 -2.601 -2.81 -2.393 -2.706 -2.393 -2.497 -2.497 -2.497 -2.706 -2.601 -2.393 -2.81 -2.601 -2.706 -2.81 -2.706 -2.497 -2.393 -3.018 -2.393 -2.393 -2.393 -3.538 -3.226 -3.226 -2.497 -2.393 -2.289 -2.393 -2.393 -2.185 -2.289 -2.289 -2.497 -2.393 -2.393 -2.289 -2.185 -2.497 -2.601 -2.289 -2.289 -2.914 -2.081 -1.977 -2.081 -2.081 -1.769 -1.769 -1.665 -1.769 
