# name: phAngle
# type: matrix
# rows: 1
# columns: 317
 349 349 349 349 349 349 349 349 349 349 349 349 349 349 349 349 349 349 349 349 349 349 349 349 349 349 349 349 349 349 274 274 350 350 350 350 350 350 350 350 349 349 349 349 349 349 351 349 351 351 351 351 351 351 351 351 351 351 351 351 351 351 351 351 351 351 350 349 351 349 350 350 350 350 350 349 349 349 349 349 349 349 349 349 350 350 349 350 349 349 349 349 349 349 349 350 350 349 349 349 349 350 349 350 350 349 349 349 349 349 349 349 350 349 349 349 349 349 349 349 349 350 350 350 350 350 350 350 350 350 350 350 350 350 350 350 350 350 350 350 350 350 350 350 350 350 350 350 350 350 350 350 350 350 350 349 350 350 350 350 350 350 350 350 350 350 350 350 350 350 350 350 349 350 350 350 350 351 350 350 350 350 350 350 350 350 350 350 350 349 349 349 349 352 352 352 352 349 349 351 351 351 351 351 351 351 351 351 351 351 351 351 351 351 351 351 351 351 351 351 351 351 351 351 351 351 351 351 351 351 351 350 351 351 351 351 351 351 351 351 351 351 351 351 351 351 351 351 351 351 351 351 351 351 351 351 351 351 351 351 351 351 351 351 351 351 351 351 351 351 351 351 351 351 350 350 350 350 350 350 351 350 351 349 351 351 352 349 349 349 350 351 352 352 349 352 352 352 352 352 352 352 350 350 350 350 350 350 350 350 350 350 350 350 350 350 350 
# name: freq
# type: matrix
# rows: 1
# columns: 317
 50.0 50.0 50.0 50.0 50.0 50.0 50.0 50.0 50.0 50.0 50.0 50.0 50.0 50.0 50.0 50.0 50.0 50.0 50.0 50.0 50.0 50.0 50.0 50.0 50.0 50.0 50.0 50.0 50.0 50.0 50.0 50.0 50.0 50.0 50.0 50.0 50.0 50.0 50.0 50.0 50.0 50.0 50.0 50.0 50.0 50.0 50.0 50.0 50.0 50.0 50.0 50.0 50.0 50.0 50.0 50.0 50.0 50.0 50.0 50.0 50.0 50.0 50.0 50.0 50.0 50.0 50.0 50.0 50.0 50.0 50.0 50.0 50.0 50.0 50.0 50.0 50.0 50.0 50.0 50.0 50.0 50.0 50.0 50.0 50.0 50.0 50.0 50.0 50.0 50.0 50.0 50.0 50.0 50.0 50.0 50.0 50.0 50.0 50.0 50.0 50.0 50.0 50.0 50.0 50.0 50.0 50.0 50.0 50.0 50.0 50.0 50.0 50.0 50.0 50.0 50.0 50.0 50.0 50.0 50.0 50.0 50.0 50.0 50.0 50.0 50.0 50.0 50.0 50.0 50.0 50.0 50.0 50.0 50.0 50.0 50.0 50.0 50.0 50.0 50.0 50.0 50.0 50.0 50.0 50.0 50.0 50.0 50.0 50.0 50.0 50.0 50.0 50.0 50.0 50.0 50.0 50.0 50.0 50.0 50.0 50.0 50.0 50.0 50.0 50.0 50.0 50.0 50.0 50.0 50.0 50.0 50.0 50.0 50.0 50.0 50.0 50.0 50.0 50.0 50.0 50.0 50.0 50.0 50.0 50.0 50.0 50.0 50.0 50.0 50.0 50.0 50.0 50.0 50.0 50.0 50.0 50.0 50.0 50.0 50.0 50.0 50.0 50.0 50.0 50.0 50.0 50.0 50.0 50.0 50.0 50.0 50.0 50.0 50.0 50.0 50.0 50.0 50.0 50.0 50.0 50.0 50.0 50.0 50.0 50.0 50.0 50.0 50.0 50.0 50.0 50.0 50.0 50.0 50.0 50.0 50.0 50.0 50.0 50.0 50.0 50.0 50.0 50.0 50.0 50.0 50.0 50.0 50.0 50.0 50.0 50.0 50.0 50.0 50.0 50.0 50.0 50.0 50.0 50.0 50.0 50.0 50.0 50.0 50.0 50.0 50.0 50.0 50.0 50.0 50.0 50.0 50.0 50.0 50.0 50.0 50.0 50.0 50.0 50.0 50.0 50.0 50.0 50.0 50.0 50.0 50.0 50.0 50.0 50.0 50.0 50.0 50.0 50.0 50.0 50.0 50.0 50.0 50.0 50.0 50.0 50.0 50.0 50.0 50.0 50.0 50.0 50.0 50.0 50.0 50.0 50.0 50.0 50.0 50.0 50.0 50.0 50.0 
# name: reacPower
# type: matrix
# rows: 1
# columns: 317
 -13.664 -13.457 -13.561 -12.836 -13.561 -13.664 -13.561 -13.664 -13.664 -13.457 -13.457 -13.457 -13.25 -13.457 -13.25 -13.25 -13.354 -13.354 -13.25 -13.147 -13.457 -13.147 -13.354 -13.25 -13.147 -13.25 -13.457 -13.561 -13.25 -13.457 -5.279 -5.279 -6.728 -6.625 -8.695 -9.006 -9.006 -9.006 -8.902 -9.109 -8.488 -8.281 -8.488 -8.488 -8.281 -8.281 -8.074 -8.281 -7.971 -7.971 -8.074 -8.074 -7.764 -7.867 -7.66 -7.764 -7.764 -7.66 -7.556 -7.453 -7.246 -7.142 -7.246 -7.142 -6.935 -7.039 -11.076 -12.94 -12.318 -12.629 -12.111 -12.318 -11.594 -11.49 -11.697 -11.283 -10.973 -10.869 -10.869 -10.662 -10.766 -10.662 -10.766 -10.766 -11.697 -9.523 -13.147 -11.697 -12.525 -12.525 -13.25 -12.733 -12.525 -12.733 -10.869 -11.801 -11.387 -12.422 -10.352 -10.869 -10.973 -11.594 -11.18 -11.49 -11.904 -10.869 -10.973 -10.973 -10.766 -10.973 -10.869 -11.18 -11.594 -10.662 -10.869 -11.18 -11.18 -10.973 -10.662 -10.559 -10.559 -9.523 -9.316 -9.213 -9.213 -9.42 -9.316 -9.42 -9.523 -9.109 -9.213 -9.213 -9.006 -9.006 -9.213 -9.316 -9.213 -9.213 -9.316 -9.109 -9.213 -8.902 -9.109 -9.006 -9.006 -9.006 -9.109 -9.006 -9.109 -9.006 -9.109 -8.902 -8.695 -8.799 -8.799 -13.354 -9.42 -8.799 -8.902 -8.799 -8.488 -8.592 -8.695 -8.592 -8.799 -8.799 -8.695 -8.695 -8.592 -8.592 -8.695 -9.627 -10.662 -9.73 -9.316 -9.42 -9.42 -10.041 -9.523 -9.523 -9.627 -9.42 -9.213 -9.316 -9.523 -9.213 -9.42 -9.42 -9.523 -8.385 -8.385 -8.385 -8.281 -8.178 -8.074 -8.074 -8.178 -8.385 -8.385 -8.074 -8.074 -7.971 -7.971 -8.074 -8.074 -8.074 -8.178 -7.971 -7.867 -7.971 -8.074 -8.074 -7.971 -7.971 -7.867 -7.867 -7.556 -7.867 -7.556 -7.453 -7.349 -7.556 -7.453 -7.349 -7.556 -7.453 -7.349 -7.453 -7.349 -7.246 -7.349 -9.109 -7.246 -7.246 -7.349 -7.349 -7.349 -7.349 -7.142 -7.349 -7.246 -7.556 -7.453 -7.246 -7.349 -7.453 -7.142 -7.039 -7.349 -7.556 -7.453 -7.349 -7.453 -7.246 -7.349 -7.246 -7.349 -7.349 -7.246 -7.142 -7.246 -7.349 -7.246 -7.246 -7.039 -7.246 -7.246 -6.935 -7.142 -6.935 -7.349 -6.935 -7.246 -7.246 -7.142 -6.935 -7.349 -7.246 -7.246 -6.935 -7.556 -7.246 -7.349 -8.281 -7.971 -7.971 -7.971 -8.385 -8.281 -10.973 -8.799 -7.764 -8.074 -8.074 -8.281 -8.074 -8.074 -8.074 -8.074 -7.971 -8.074 -8.074 -8.695 -7.142 -6.935 -6.935 -7.039 -6.832 -6.935 -6.832 -6.728 -7.039 -6.935 -6.832 -7.142 -6.935 -7.142 
# name: power
# type: matrix
# rows: 1
# columns: 317
 66.149 66.046 66.149 62.526 66.149 66.149 66.046 66.253 65.735 65.01 64.7 66.046 64.7 65.631 65.01 65.01 65.01 65.01 65.114 65.01 65.01 65.01 65.424 65.321 65.321 65.321 65.321 65.424 65.838 65.631 0.31 0.31 35.196 35.403 46.584 46.791 46.791 46.998 46.998 46.998 44.927 44.41 44.099 43.789 43.685 43.375 43.168 43.064 42.65 42.546 42.339 42.132 41.925 41.615 41.615 41.304 41.097 40.89 40.579 40.476 40.372 40.165 39.958 39.751 39.544 39.441 58.489 65.942 63.975 64.493 62.319 62.733 59.11 58.903 60.352 57.66 57.039 56.729 56.522 56.315 56.211 55.901 56.832 56.832 61.387 51.449 65.735 60.869 64.389 64.493 65.735 63.665 63.975 64.286 56.625 60.455 58.903 62.94 54.865 55.797 56.729 59.317 57.453 59.524 60.973 56.625 56.418 56.936 56.418 56.729 56.418 56.936 60.248 55.797 56.418 56.625 56.211 55.797 55.486 55.279 54.762 50.207 49.689 49.586 49.689 49.482 49.379 49.275 49.275 49.068 48.861 48.861 48.861 48.758 48.654 48.654 48.447 48.344 48.344 48.24 48.136 48.033 48.033 47.929 47.826 47.722 47.619 47.412 47.412 47.308 47.412 47.205 47.205 47.101 46.998 65.631 49.275 46.791 46.687 46.48 46.48 46.377 46.273 46.17 46.17 46.066 45.963 45.963 45.859 45.756 45.652 50.207 54.658 50.207 49.793 50.207 49.586 52.484 50.0 49.586 50.724 49.896 49.172 49.379 49.068 49.068 48.861 49.172 49.068 44.099 43.996 43.892 43.789 43.789 43.685 43.582 43.582 43.478 43.478 43.271 43.168 43.064 43.064 42.96 42.96 42.753 42.753 42.65 42.546 42.546 42.443 42.443 42.339 42.236 42.132 42.029 41.925 41.822 41.718 41.718 41.718 41.615 41.615 41.408 41.408 41.304 41.201 41.097 41.097 40.994 40.89 49.482 40.683 40.787 40.683 40.579 40.476 40.476 40.269 40.372 40.269 41.718 41.615 40.89 40.787 40.683 40.476 40.579 40.476 40.476 40.372 40.269 40.372 40.165 40.165 40.062 39.958 39.958 39.958 39.855 39.855 39.751 39.751 39.855 39.648 39.544 39.544 39.441 39.441 39.441 39.337 39.337 39.337 39.441 39.13 39.13 39.13 39.027 39.027 39.027 41.925 38.716 39.751 43.685 43.064 43.168 43.478 44.513 43.892 56.004 46.584 42.546 43.789 43.892 44.203 43.582 43.789 43.996 43.996 43.892 43.892 43.685 46.17 37.991 37.888 37.991 37.991 37.888 37.888 37.888 37.784 37.784 37.784 37.784 37.784 37.888 37.681 
