# name: phAngle
# type: matrix
# rows: 1
# columns: 359
 283 283 283 283 283 283 283 283 283 283 283 283 283 283 283 283 283 283 283 283 283 283 283 283 283 283 283 283 283 283 283 283 283 283 283 283 283 283 283 283 283 283 283 283 282 283 283 283 283 283 283 283 283 283 283 283 282 283 283 283 283 283 283 283 282 283 283 283 283 283 283 283 283 283 283 283 283 283 283 283 283 283 283 283 283 282 283 283 283 283 283 283 283 283 283 283 283 283 283 283 283 283 283 283 283 283 283 283 283 283 283 283 283 354 356 353 354 355 356 355 355 355 355 355 355 355 355 355 355 355 355 355 355 355 355 355 355 355 355 355 355 355 355 355 355 355 355 355 355 355 355 355 355 355 355 355 355 355 355 355 356 355 355 355 355 355 355 355 355 355 355 355 355 355 355 355 355 355 355 355 355 355 355 356 355 355 355 355 355 355 355 355 355 355 355 355 355 355 355 355 355 355 355 355 355 355 355 355 355 355 355 355 355 355 355 355 355 355 355 355 355 355 355 355 355 355 355 355 355 355 355 355 355 355 355 355 355 355 355 355 355 355 355 355 355 355 355 356 297 297 297 297 297 297 297 297 297 297 297 297 297 297 297 297 297 297 297 297 297 297 297 297 297 297 297 297 297 297 297 297 297 297 352 356 352 356 356 356 356 356 355 356 356 356 355 355 355 355 355 355 355 355 355 355 355 355 355 356 356 355 355 355 355 355 355 355 355 355 355 355 355 355 355 355 355 355 355 355 355 355 355 355 355 355 355 355 355 355 355 355 355 355 355 355 355 355 355 355 355 355 355 355 355 355 355 355 355 355 355 
# name: freq
# type: matrix
# rows: 1
# columns: 359
 50.0 50.0 50.0 50.0 50.0 50.0 50.0 50.0 50.0 50.0 50.0 50.0 50.0 50.0 50.0 50.0 50.0 50.0 50.0 50.0 50.0 50.0 50.0 50.0 50.0 50.0 50.0 50.0 50.0 50.0 50.0 50.0 50.0 50.0 50.0 50.0 50.0 50.0 50.0 50.0 50.0 50.0 50.0 50.0 50.0 50.0 50.0 50.0 50.0 50.0 50.0 50.0 50.0 50.0 50.0 50.0 50.0 50.0 50.0 50.0 50.0 50.0 50.0 50.0 50.0 50.0 50.0 50.0 50.0 50.0 50.0 50.0 50.0 50.0 50.0 50.0 50.0 50.0 50.0 50.0 50.0 50.0 50.0 50.0 50.0 50.0 50.0 50.0 50.0 50.0 50.0 50.0 50.0 50.0 50.0 50.0 50.0 50.0 50.0 50.0 50.0 50.0 50.0 50.0 50.0 50.0 50.0 50.0 50.0 50.0 50.0 50.0 50.0 50.0 50.0 50.0 50.0 50.0 50.0 50.0 50.0 50.0 50.0 50.0 50.0 50.0 50.0 50.0 50.0 50.0 50.0 50.0 50.0 50.0 50.0 50.0 50.0 50.0 50.0 50.0 50.0 50.0 50.0 50.0 50.0 50.0 50.0 50.0 50.0 50.0 50.0 50.0 50.0 50.0 50.0 50.0 50.0 50.0 50.0 50.0 50.0 50.0 50.0 50.0 50.0 50.0 50.0 50.0 50.0 50.0 50.0 50.0 50.0 50.0 50.0 50.0 50.0 50.0 50.0 50.0 50.0 50.0 50.0 50.0 50.0 50.0 50.0 50.0 50.0 50.0 50.0 50.0 50.0 50.0 50.0 50.0 50.0 50.0 50.0 50.0 50.0 50.0 50.0 50.0 50.0 50.0 50.0 50.0 50.0 50.0 50.0 50.0 50.0 50.1 50.0 50.0 50.0 50.0 50.0 50.0 50.0 50.0 50.0 50.0 50.0 50.0 50.0 50.0 50.0 50.0 50.0 50.0 50.0 50.0 50.0 50.0 50.0 50.0 50.0 50.0 50.0 50.0 50.0 50.0 50.0 50.0 50.0 50.0 50.0 50.0 50.0 50.0 50.0 50.0 50.0 50.0 50.0 50.0 50.0 50.0 50.0 50.0 50.0 50.0 50.0 50.0 50.0 50.0 50.0 50.0 50.0 50.0 50.0 50.0 50.0 50.0 50.0 50.0 50.0 50.0 50.0 50.0 50.0 50.0 50.0 50.0 50.0 50.0 50.0 50.0 50.0 50.0 50.0 50.0 50.0 50.0 50.0 50.0 50.0 50.0 50.0 50.0 50.0 50.0 50.0 50.0 50.0 50.0 50.0 50.0 50.0 50.0 50.0 50.0 50.0 50.0 50.0 50.0 50.0 50.0 50.0 50.0 50.0 50.0 50.0 50.0 50.0 50.0 50.0 50.0 50.0 50.0 50.0 50.0 50.0 50.0 50.0 50.0 50.0 50.0 50.0 50.0 50.0 50.0 50.0 50.0 50.0 50.0 50.0 50.0 50.0 50.0 50.0 50.0 50.0 50.0 50.0 50.0 50.0 
# name: reacPower
# type: matrix
# rows: 1
# columns: 359
 -4.347 -4.347 -4.347 -4.347 -4.347 -4.347 -4.347 -4.347 -4.347 -4.347 -4.347 -4.347 -4.347 -4.347 -4.347 -4.347 -4.347 -4.347 -4.347 -4.347 -4.347 -4.347 -4.347 -4.347 -4.347 -4.347 -4.347 -4.347 -4.347 -4.347 -4.347 -4.347 -4.347 -4.347 -4.347 -4.347 -4.347 -4.347 -4.347 -4.347 -4.347 -4.347 -4.347 -4.347 -4.347 -4.347 -4.347 -4.347 -4.347 -4.347 -4.347 -4.347 -4.347 -4.347 -4.347 -4.347 -4.347 -4.347 -4.347 -4.347 -4.347 -4.347 -4.347 -4.347 -4.347 -4.347 -4.347 -4.347 -4.347 -4.347 -4.347 -4.347 -4.347 -4.347 -4.347 -4.347 -4.347 -4.347 -4.347 -4.347 -4.347 -4.347 -4.347 -4.347 -4.347 -4.347 -4.347 -4.347 -4.347 -4.347 -4.347 -4.347 -4.347 -4.347 -4.347 -4.347 -4.347 -4.347 -4.347 -4.347 -4.347 -4.347 -4.347 -4.347 -4.347 -4.347 -4.347 -4.347 -4.347 -4.347 -4.347 -4.347 -4.347 -4.451 -4.037 -4.244 -4.865 -5.693 -4.037 -3.726 -3.726 -3.726 -3.726 -3.623 -3.623 -3.623 -3.519 -3.519 -3.519 -3.416 -3.416 -3.416 -3.519 -3.519 -3.519 -3.519 -3.519 -3.519 -3.416 -3.416 -3.519 -3.519 -3.519 -3.623 -3.519 -3.519 -3.623 -3.519 -3.519 -3.519 -3.519 -3.519 -3.519 -3.519 -3.519 -3.519 -3.416 -3.519 -3.519 -3.519 -3.83 -3.519 -3.726 -3.623 -3.726 -3.726 -3.623 -3.623 -3.623 -3.623 -3.726 -3.623 -3.726 -3.623 -3.623 -3.623 -3.519 -3.519 -3.726 -3.519 -3.519 -3.623 -3.623 -3.623 -3.623 -3.623 -3.623 -3.623 -3.623 -3.623 -3.623 -3.623 -3.623 -3.623 -3.623 -3.623 -3.623 -3.519 -3.623 -3.623 -3.623 -3.623 -3.623 -3.623 -3.519 -3.519 -3.623 -3.623 -3.519 -3.623 -3.726 -3.726 -3.623 -3.623 -3.623 -3.623 -3.726 -3.726 -3.726 -3.726 -3.726 -3.726 -3.623 -3.726 -3.623 -3.623 -3.623 -3.623 -3.726 -3.726 -3.623 -3.726 -3.726 -3.623 -3.623 -3.726 -3.726 -3.726 -3.726 -3.726 -3.726 -3.726 -3.726 -3.519 -3.623 -3.519 -3.623 -3.83 -4.244 -4.244 -4.244 -4.244 -4.244 -4.244 -4.244 -4.244 -4.244 -4.244 -4.244 -4.244 -4.244 -4.244 -4.244 -4.244 -4.244 -4.244 -4.244 -4.244 -4.244 -4.244 -4.244 -4.244 -4.244 -4.244 -4.244 -4.244 -4.244 -4.244 -4.244 -4.244 -4.244 -4.244 -4.14 -4.037 -4.347 -3.83 -3.83 -3.83 -3.83 -3.726 -3.726 -3.83 -3.726 -3.83 -3.83 -3.83 -3.83 -3.83 -3.83 -3.726 -3.726 -3.726 -3.83 -3.726 -3.726 -3.726 -3.726 -3.726 -3.83 -3.726 -3.623 -3.726 -3.726 -3.519 -3.416 -3.519 -3.623 -3.623 -3.623 -3.623 -3.726 -3.726 -3.623 -3.623 -3.726 -3.623 -3.623 -3.726 -3.623 -3.623 -3.623 -3.726 -3.623 -3.623 -3.623 -3.623 -3.519 -3.623 -3.623 -3.519 -3.623 -3.519 -3.623 -3.623 -3.519 -3.416 -3.726 -3.623 -3.623 -3.726 -3.623 -3.623 -3.623 -3.623 -3.726 -3.519 -3.623 -3.83 -3.933 
