# name: phAngle
# type: matrix
# rows: 1
# columns: 358
 340 341 341 344 340 343 341 341 341 340 340 352 352 349 338 340 342 330 290 290 290 289 290 290 290 290 290 290 289 289 290 290 290 289 289 290 289 289 290 290 290 290 289 289 289 289 289 289 289 289 290 290 289 289 289 290 290 289 290 289 289 289 289 289 290 289 289 289 289 290 289 289 289 289 289 289 289 289 290 289 289 289 289 289 289 289 289 289 289 289 289 289 289 289 289 289 289 289 289 290 289 289 289 289 289 289 289 289 289 289 290 289 345 345 345 347 339 352 338 347 339 340 340 340 347 346 340 340 340 339 342 339 339 339 339 340 341 339 341 352 340 349 345 349 344 341 343 342 343 349 344 349 349 343 349 339 342 347 340 352 344 338 344 339 345 343 341 339 340 341 341 341 344 344 342 342 342 342 343 341 342 342 342 341 341 341 345 341 342 343 344 343 341 343 343 343 342 342 341 341 344 343 343 343 343 343 343 342 342 343 343 344 344 343 342 342 342 344 341 342 344 342 342 343 343 342 341 343 343 343 343 343 341 342 342 342 342 342 342 342 342 342 342 342 343 342 342 344 343 344 342 343 342 343 342 342 343 342 342 343 341 343 342 339 341 344 341 344 344 342 344 343 344 342 343 341 346 341 344 341 341 338 341 344 341 341 346 341 342 342 340 340 339 340 339 341 344 344 352 344 345 352 343 352 352 344 344 352 344 352 340 341 352 352 342 339 340 339 341 352 341 349 340 344 340 341 339 352 342 341 341 339 352 348 352 339 340 342 344 339 339 344 339 342 341 346 343 340 338 340 340 339 344 342 341 343 343 338 
# name: freq
# type: matrix
# rows: 1
# columns: 358
 50.0 50.0 50.0 50.0 50.0 50.0 50.0 50.0 50.0 50.0 50.0 50.0 50.0 50.0 50.0 50.0 50.0 50.0 50.0 50.0 50.0 50.0 50.0 50.0 50.0 50.0 50.0 50.0 50.0 50.0 50.0 50.0 50.0 50.0 50.0 50.0 50.0 50.0 50.0 50.0 50.0 50.0 50.0 50.0 50.0 50.0 50.0 50.0 50.0 50.0 50.0 50.0 50.0 50.0 50.0 50.0 50.0 50.0 50.0 50.0 50.0 50.0 50.0 50.0 50.0 50.0 50.0 50.0 50.0 50.0 50.0 50.0 50.0 50.0 50.0 50.0 50.0 50.0 50.0 50.0 50.0 50.0 50.0 50.0 50.0 50.0 50.0 50.0 50.0 50.0 50.0 50.0 50.0 50.0 50.0 50.0 50.0 50.0 50.0 50.0 50.0 50.0 50.0 50.0 50.0 50.0 50.0 50.0 50.0 50.0 50.0 50.0 50.0 50.0 50.0 50.0 50.0 50.0 50.0 50.0 50.0 50.0 50.0 50.0 50.0 50.0 50.0 50.0 50.0 50.0 50.0 50.0 50.0 50.0 50.0 50.0 50.0 50.0 50.0 50.0 50.0 50.0 50.0 50.0 50.0 50.0 50.0 50.0 50.0 50.0 50.0 50.0 50.0 50.0 50.0 50.0 50.0 50.0 50.0 50.0 50.0 50.0 50.0 50.0 50.0 50.0 50.0 50.0 50.0 50.0 50.0 50.0 50.0 50.0 50.0 50.0 50.0 50.0 50.0 50.0 50.0 50.0 50.0 50.0 50.0 50.0 50.0 50.0 50.0 50.0 50.0 50.0 50.0 50.0 50.0 50.0 50.0 50.0 50.0 50.0 50.0 50.0 50.0 50.0 50.0 50.0 50.0 50.0 50.0 50.0 50.0 50.0 50.0 50.0 50.0 50.0 50.0 50.0 50.0 50.0 50.0 50.0 49.9 49.9 50.0 50.0 50.0 50.0 50.0 50.0 50.0 50.0 50.0 50.0 50.0 50.0 50.0 50.0 50.0 50.0 50.0 49.9 50.0 49.9 50.0 50.0 50.0 50.0 50.0 50.0 50.0 50.0 50.0 50.0 50.0 50.0 50.0 50.0 50.0 50.0 50.0 50.0 50.0 50.0 50.0 50.0 50.0 50.0 50.0 50.0 50.0 50.0 50.0 50.0 50.0 50.0 50.0 50.0 50.0 50.0 50.0 50.0 50.0 50.0 50.0 50.0 49.9 50.0 50.0 50.0 50.0 50.0 50.0 50.0 50.0 50.0 50.0 50.0 50.0 50.0 50.0 50.0 50.0 50.0 50.0 50.0 50.0 50.0 50.0 50.0 50.0 50.0 50.0 50.0 50.0 50.0 50.0 50.0 50.0 50.0 50.0 50.0 50.0 50.0 50.0 50.0 50.0 50.0 50.0 50.0 50.0 50.0 50.0 50.0 50.0 50.0 50.0 50.0 50.0 50.0 50.0 50.0 50.0 50.0 50.0 50.0 50.0 50.0 50.0 50.0 50.0 50.0 50.0 50.0 50.0 50.0 50.0 50.0 
# name: reacPower
# type: matrix
# rows: 1
# columns: 358
 -13.322 -13.426 -13.322 -11.656 -13.218 -14.258 -13.322 -13.114 -13.322 -13.218 -12.281 -5.412 -5.724 -6.348 -12.177 -9.991 -13.842 -8.014 -3.434 -3.538 -3.434 -3.434 -3.434 -3.434 -3.538 -3.434 -3.538 -3.538 -3.538 -3.434 -3.538 -3.538 -3.434 -3.538 -3.538 -3.538 -3.434 -3.538 -3.434 -3.434 -3.434 -3.538 -3.538 -3.538 -3.538 -3.538 -3.538 -3.538 -3.434 -3.434 -3.434 -3.434 -3.434 -3.434 -3.434 -3.434 -3.434 -3.434 -3.434 -3.434 -3.434 -3.434 -3.538 -3.434 -3.434 -3.538 -3.434 -3.434 -3.538 -3.434 -3.538 -3.538 -3.538 -3.538 -3.538 -3.434 -3.538 -3.538 -3.538 -3.538 -3.538 -3.538 -3.538 -3.538 -3.434 -3.434 -3.538 -3.538 -3.538 -3.538 -3.538 -3.538 -3.538 -3.538 -3.434 -3.434 -3.538 -3.434 -3.434 -3.434 -3.538 -3.434 -3.538 -3.538 -3.434 -3.538 -3.434 -3.538 -3.538 -3.538 -3.434 -3.538 -13.53 -14.675 -14.883 -9.575 -13.114 -5.828 -12.697 -14.675 -13.009 -13.114 -13.218 -13.114 -8.638 -8.638 -13.114 -13.114 -13.114 -12.697 -13.53 -13.009 -13.009 -12.905 -13.114 -12.489 -13.322 -13.114 -13.426 -5.412 -13.114 -7.701 -9.575 -6.244 -8.534 -13.946 -13.634 -14.05 -13.738 -6.14 -8.638 -6.036 -5.932 -12.697 -6.452 -13.114 -13.53 -10.72 -12.905 -5.62 -9.263 -12.177 -8.846 -13.218 -9.887 -10.512 -13.426 -12.905 -13.218 -13.322 -13.426 -13.842 -14.571 -13.842 -13.634 -13.53 -13.53 -13.426 -13.738 -13.322 -13.426 -13.426 -13.426 -13.322 -13.53 -13.426 -14.883 -13.426 -13.53 -13.738 -14.363 -13.634 -13.842 -13.842 -13.738 -13.738 -14.05 -14.05 -13.842 -13.842 -14.467 -13.738 -13.738 -13.634 -13.738 -13.738 -13.738 -13.634 -13.946 -13.738 -13.738 -13.842 -14.467 -13.738 -14.05 -13.946 -14.05 -13.842 -13.842 -13.946 -13.842 -14.154 -13.634 -13.634 -13.738 -13.53 -13.842 -13.634 -13.634 -13.738 -13.738 -13.738 -13.946 -13.634 -13.53 -13.53 -13.634 -13.53 -13.634 -13.53 -13.634 -13.53 -13.53 -13.426 -13.738 -13.53 -13.426 -13.634 -13.738 -13.842 -14.154 -14.154 -13.426 -14.05 -13.426 -13.426 -13.634 -14.05 -13.426 -13.53 -13.114 -13.53 -13.426 -12.905 -13.218 -8.118 -13.218 -8.534 -14.467 -13.946 -14.258 -14.258 -14.571 -13.426 -14.05 -13.322 -15.091 -13.842 -13.842 -13.842 -13.322 -12.385 -13.322 -14.154 -13.218 -13.218 -7.91 -10.72 -13.53 -13.842 -13.114 -13.218 -12.905 -13.114 -12.905 -10.199 -9.679 -8.43 -5.62 -8.534 -9.887 -5.516 -9.991 -5.516 -5.516 -8.846 -8.43 -5.308 -8.638 -5.412 -13.114 -13.218 -5.308 -5.203 -13.53 -12.905 -13.009 -12.593 -13.218 -5.203 -13.218 -6.14 -13.009 -11.761 -13.114 -13.218 -12.801 -5.308 -13.322 -13.322 -13.114 -12.905 -5.308 -6.036 -5.203 -13.009 -13.114 -13.53 -10.824 -12.905 -12.905 -9.991 -12.801 -13.842 -11.24 -14.987 -10.824 -13.009 -12.801 -13.009 -13.009 -12.801 -13.738 -13.53 -13.322 -13.53 -13.634 -12.385 
