# name: phAngle
# type: matrix
# rows: 1
# columns: 359
 356 356 356 356 356 353 356 351 351 350 356 356 350 353 353 356 356 356 356 356 352 352 353 356 351 353 352 351 353 353 357 353 356 352 350 356 353 0 351 350 356 356 353 356 356 356 353 352 0 0 356 356 356 356 353 353 353 356 0 356 352 0 353 352 356 356 356 356 356 356 353 0 356 356 356 356 356 356 353 0 357 356 356 356 353 349 352 356 356 352 356 352 353 353 353 352 349 353 353 353 350 350 356 351 353 356 353 352 356 349 356 356 356 356 353 356 353 356 353 352 356 353 356 353 353 353 351 349 353 356 353 352 349 352 347 350 351 348 348 348 350 352 351 349 348 350 348 347 347 351 351 353 349 347 348 348 353 351 350 348 347 353 349 351 351 350 350 348 351 350 350 347 349 351 347 350 348 351 348 353 350 348 349 353 350 349 352 350 349 347 351 351 357 349 348 351 348 349 351 351 348 350 351 349 349 350 350 351 350 348 350 351 351 351 348 347 349 350 347 347 350 351 351 348 350 348 350 348 350 348 347 349 352 350 350 350 351 347 350 350 347 349 350 351 347 351 350 350 348 353 347 353 353 349 353 350 350 350 353 349 349 352 353 347 350 349 351 349 352 353 353 349 356 353 353 353 351 353 352 353 353 350 350 353 354 356 353 350 353 353 356 353 350 350 352 350 352 350 349 350 353 350 353 349 352 356 353 352 350 353 353 349 350 349 350 356 353 349 350 352 349 350 350 350 347 350 351 352 350 349 350 349 350 349 353 350 350 352 352 353 353 353 353 349 353 350 348 350 350 350 354 348 350 347 347 351 350 348 351 
# name: freq
# type: matrix
# rows: 1
# columns: 359
 50.0 50.0 50.0 50.0 50.0 50.0 50.0 50.0 50.0 50.0 50.0 50.0 50.0 50.0 50.0 50.0 50.0 50.0 50.0 50.0 50.0 50.0 50.0 50.0 50.0 50.0 50.0 50.0 50.0 50.0 50.0 50.0 50.0 50.0 50.0 50.0 50.0 50.0 50.0 50.0 50.0 50.0 50.0 50.0 50.0 50.0 50.0 50.0 50.0 50.0 50.0 50.0 50.0 50.0 50.0 50.0 50.0 50.0 50.0 50.0 50.0 50.0 50.0 50.0 50.0 50.0 50.0 50.0 50.0 50.0 50.0 50.0 50.0 50.0 50.0 50.0 50.0 50.0 50.0 50.0 50.0 50.0 50.0 50.0 50.0 50.0 50.0 50.0 50.0 50.0 50.0 50.0 50.0 50.0 50.0 50.0 50.0 50.0 50.0 50.0 50.0 50.0 50.0 50.0 50.0 50.0 50.0 50.0 50.0 50.0 50.0 50.0 50.0 50.0 50.0 50.0 50.0 50.0 50.0 50.0 50.0 50.0 50.0 50.0 50.0 50.0 50.0 50.0 50.0 50.0 50.0 50.0 50.0 50.0 50.0 50.0 50.0 50.0 50.0 50.0 50.0 50.0 50.0 50.0 50.0 50.0 50.0 50.0 50.0 50.0 50.0 50.0 50.0 50.0 50.0 50.0 50.0 50.0 50.0 50.0 50.0 50.0 50.0 50.0 50.0 50.0 50.0 50.0 50.0 50.0 50.0 50.0 50.0 50.0 50.0 50.0 50.0 50.0 50.0 50.0 50.0 50.0 50.0 50.0 50.0 50.0 50.0 50.0 50.0 50.0 50.0 50.0 50.0 50.0 50.0 50.0 50.0 50.0 50.0 50.0 50.0 50.0 50.0 50.0 50.0 50.0 50.0 50.0 50.0 50.0 50.0 50.0 50.0 50.0 50.0 50.0 50.0 50.0 50.0 50.0 50.0 50.0 50.0 50.0 50.0 50.0 50.0 50.0 50.0 50.0 50.0 50.0 50.0 50.0 50.0 50.0 50.0 50.0 50.0 50.0 50.0 50.0 50.0 50.0 50.0 50.0 50.0 50.0 50.0 50.0 50.0 50.0 50.0 50.0 50.0 50.0 50.0 50.0 50.0 50.0 50.0 50.0 50.0 50.0 50.0 50.0 50.0 50.0 50.0 50.0 50.0 50.0 50.0 50.0 50.0 50.0 50.0 50.0 50.0 50.0 50.0 50.0 50.0 50.0 50.0 50.0 50.0 50.0 50.0 50.0 50.0 50.0 50.0 50.0 50.0 50.0 50.0 50.0 50.0 50.0 50.0 50.0 50.0 50.0 50.0 50.0 50.0 50.0 50.0 50.0 50.0 50.0 50.0 50.0 50.0 50.0 50.0 50.0 50.0 50.0 50.0 50.0 50.0 50.0 50.0 50.0 50.0 50.0 50.0 50.0 50.0 50.0 50.0 50.0 50.0 50.0 50.0 50.0 50.0 50.0 50.0 50.0 50.0 50.0 50.0 50.0 50.0 50.0 50.0 50.0 50.0 50.0 50.0 50.0 50.0 50.0 50.0 50.0 50.0 
# name: reacPower
# type: matrix
# rows: 1
# columns: 359
 -2.289 -2.497 -3.122 -2.706 -1.977 -4.371 -3.85 -6.14 -7.493 -7.181 -2.706 -3.018 -6.557 -4.891 -4.163 -2.81 -3.33 -2.601 -3.018 -2.81 -3.955 -4.475 -4.787 -3.434 -6.973 -5.516 -4.267 -6.14 -5.724 -5.308 -2.914 -4.787 -2.914 -4.371 -5.932 -2.914 -4.059 -1.561 -6.557 -8.742 -2.914 -3.018 -3.955 -2.289 -3.226 -3.642 -4.579 -3.955 -1.769 -1.665 -2.706 -3.122 -2.393 -2.289 -4.371 -4.163 -5.724 -2.914 -1.248 -3.955 -3.955 -1.665 -4.163 -7.389 -3.538 -2.706 -2.289 -3.746 -2.914 -2.601 -4.267 -1.873 -3.642 -3.018 -2.914 -2.081 -2.393 -2.393 -5.724 -1.665 -1.665 -3.226 -2.289 -3.434 -6.661 -5.516 -4.371 -3.226 -3.226 -3.538 -1.977 -4.995 -3.226 -4.891 -4.995 -5.203 -6.036 -4.475 -4.059 -4.579 -6.452 -6.765 -3.122 -6.869 -4.475 -3.642 -5.203 -5.62 -3.33 -6.036 -3.85 -3.226 -2.601 -3.33 -4.579 -2.081 -4.475 -2.914 -4.995 -4.267 -2.393 -4.891 -3.538 -3.955 -4.995 -5.308 -6.348 -8.326 -4.475 -3.33 -5.308 -5.724 -7.597 -6.036 -8.014 -6.869 -9.263 -8.014 -8.43 -8.43 -6.869 -7.493 -7.805 -8.846 -8.118 -9.159 -8.326 -8.846 -8.638 -7.701 -7.805 -5.724 -8.43 -8.638 -8.118 -8.222 -5.412 -6.557 -7.285 -7.91 -7.91 -5.099 -8.326 -7.701 -7.805 -9.367 -8.326 -8.846 -7.389 -6.14 -6.244 -8.118 -8.638 -6.869 -8.43 -8.534 -8.43 -7.077 -8.43 -5.308 -7.077 -9.575 -7.91 -3.955 -9.471 -8.326 -7.701 -6.661 -7.701 -8.014 -7.701 -7.805 -3.33 -8.326 -8.534 -7.805 -7.91 -9.159 -9.367 -9.054 -7.91 -7.077 -7.701 -8.43 -8.326 -9.471 -5.932 -6.661 -6.452 -7.91 -7.597 -7.597 -7.181 -6.765 -7.91 -8.118 -8.326 -6.557 -7.91 -8.95 -7.285 -7.805 -7.701 -8.638 -7.493 -8.534 -7.701 -8.014 -6.557 -8.846 -8.742 -8.222 -7.389 -7.805 -7.597 -6.14 -6.661 -7.91 -8.95 -6.661 -8.638 -8.326 -6.557 -7.805 -8.638 -7.181 -8.326 -9.367 -8.95 -4.371 -8.638 -5.62 -5.412 -6.036 -4.475 -7.597 -7.701 -6.661 -4.163 -6.14 -7.493 -5.516 -4.059 -7.91 -6.661 -6.869 -7.701 -6.452 -5.412 -5.516 -5.62 -6.244 -3.226 -4.891 -4.475 -4.891 -6.869 -4.891 -4.683 -4.787 -5.62 -7.285 -7.077 -5.828 -4.475 -3.642 -4.683 -7.597 -4.267 -4.267 -3.33 -4.267 -7.701 -7.077 -4.787 -9.159 -4.371 -6.14 -6.452 -6.244 -4.163 -6.348 -4.579 -6.244 -4.163 -3.85 -5.203 -5.828 -9.159 -4.371 -5.412 -7.181 -6.036 -7.701 -8.95 -3.642 -5.724 -6.869 -6.036 -4.995 -6.452 -6.765 -6.244 -7.389 -7.91 -8.534 -7.285 -7.389 -9.054 -6.14 -5.932 -6.348 -7.701 -8.118 -5.828 -6.452 -8.638 -4.163 -3.955 -4.579 -5.099 -5.724 -5.62 -7.91 -5.308 -6.661 -8.222 -7.493 -7.493 -7.389 -5.724 -8.742 -6.557 -7.91 -8.43 -7.285 -9.263 -7.91 -7.181 
