# name: phAngle
# type: matrix
# rows: 1
# columns: 356
 351 351 351 353 351 352 353 353 353 351 353 353 352 351 351 353 353 351 352 353 352 353 352 352 352 352 352 352 352 352 352 351 351 352 352 352 352 352 352 352 352 352 352 352 352 352 352 352 352 352 352 352 352 352 352 352 352 352 352 352 352 352 352 352 352 351 352 351 352 352 352 352 352 352 352 352 351 351 352 352 352 352 352 352 352 353 351 351 351 351 351 351 351 351 351 351 351 351 351 351 351 351 351 350 350 351 351 351 351 351 351 350 351 351 350 350 350 351 351 351 350 350 352 352 350 352 349 346 352 352 349 344 349 355 350 346 352 349 352 352 351 350 351 349 350 350 352 350 353 352 351 350 348 349 350 351 352 351 350 353 352 350 355 350 349 353 351 352 350 355 352 350 350 350 352 350 352 352 352 352 352 352 350 352 349 351 351 349 351 349 351 346 351 351 349 351 346 351 349 349 351 352 348 349 349 354 350 348 349 354 352 346 354 351 351 349 349 346 351 351 348 354 354 354 346 351 356 347 350 348 347 350 347 354 350 348 350 351 350 350 347 354 353 351 351 351 351 351 351 355 344 346 350 351 351 348 354 351 350 351 350 351 349 354 348 354 354 347 354 352 350 351 345 350 347 347 350 354 351 350 351 356 349 347 344 347 350 347 347 350 351 350 350 350 350 347 352 354 350 347 350 353 350 352 353 350 347 353 354 350 357 356 353 347 350 347 354 350 347 353 350 350 350 347 350 354 354 350 349 350 353 349 353 352 353 350 356 356 352 353 353 352 351 350 353 356 352 353 353 349 356 352 349 356 356 356 
# name: freq
# type: matrix
# rows: 1
# columns: 356
 50.0 50.0 50.0 50.0 50.0 50.0 50.0 50.0 50.0 50.0 50.0 50.0 50.0 50.0 50.0 50.0 50.0 50.0 50.0 50.0 50.0 50.0 50.0 50.0 50.0 50.0 50.0 50.0 50.0 50.0 50.0 50.0 50.0 50.0 50.0 50.0 50.0 50.0 50.0 50.0 50.0 50.0 50.0 50.0 50.0 50.0 50.0 50.0 50.0 50.0 50.0 50.0 50.0 50.0 50.0 50.0 50.0 50.0 50.0 50.0 50.0 50.0 50.0 50.0 50.0 50.0 50.0 50.0 50.0 50.0 50.0 50.0 50.0 50.0 50.0 50.0 50.0 50.0 50.0 50.0 50.0 50.0 50.0 50.0 50.0 50.0 50.0 50.0 50.0 50.0 50.0 50.0 50.0 50.0 50.0 50.0 50.0 50.0 50.0 50.0 50.0 50.0 50.0 50.0 50.0 50.0 50.0 50.0 50.0 50.0 50.0 50.0 50.0 50.0 50.0 50.0 50.0 50.0 50.0 50.0 50.0 50.0 50.0 50.0 50.0 50.0 50.0 50.0 50.0 50.0 50.0 50.0 50.0 50.0 50.0 50.0 50.0 50.0 50.0 50.0 50.0 50.0 50.0 50.0 50.0 50.0 50.0 50.0 50.0 50.0 50.0 50.0 50.0 50.0 50.0 50.0 50.0 50.0 50.0 50.0 50.0 50.0 50.0 50.0 50.0 50.0 50.0 50.0 50.0 50.0 50.0 50.0 50.0 50.0 50.0 50.0 50.0 50.0 50.0 50.0 50.0 50.0 50.0 50.0 50.0 50.0 50.0 50.0 50.0 50.0 50.0 50.0 50.0 50.0 50.0 50.0 50.0 50.0 50.0 50.0 50.0 50.0 50.0 50.0 50.0 50.0 50.0 50.0 50.0 50.0 50.0 50.0 50.0 50.0 50.0 50.0 50.0 50.0 50.0 50.0 50.0 50.0 50.0 50.0 50.0 50.0 50.0 50.0 50.0 50.0 50.0 50.0 50.0 50.0 50.0 50.0 50.0 50.0 50.0 50.0 50.0 50.0 50.0 50.0 50.0 50.0 50.0 50.0 50.0 50.0 50.0 50.0 50.0 50.0 50.0 50.0 50.0 50.0 50.0 50.0 50.0 50.0 50.0 50.0 50.0 50.0 50.0 50.0 50.0 50.0 50.0 50.0 50.0 50.0 50.0 50.0 50.0 50.0 50.0 50.0 50.0 50.0 50.0 50.0 50.0 50.0 50.0 50.0 50.0 50.0 50.0 50.0 50.0 50.0 50.0 50.0 50.0 50.0 50.0 50.0 50.0 50.0 50.0 50.0 50.0 50.0 50.0 50.0 50.0 50.0 50.0 50.0 50.0 50.0 50.0 50.0 50.0 50.0 50.0 50.0 50.0 50.0 50.0 50.0 50.0 50.0 50.0 50.0 50.0 50.0 50.0 50.0 50.0 50.0 50.0 50.0 50.0 50.0 50.0 50.0 50.0 50.0 50.0 50.0 50.0 50.0 50.0 50.0 50.0 50.0 50.0 50.0 50.0 50.0 50.0 50.0 
# name: reacPower
# type: matrix
# rows: 1
# columns: 356
 -9.887 -9.887 -9.887 -10.928 -9.991 -10.616 -9.783 -9.887 -9.783 -9.887 -9.783 -11.136 -9.887 -10.407 -9.887 -9.887 -9.887 -9.887 -9.887 -9.783 -9.679 -9.783 -9.679 -9.783 -9.679 -9.679 -9.679 -9.575 -9.679 -9.575 -9.679 -9.887 -9.887 -9.575 -9.575 -9.575 -9.679 -9.575 -9.575 -9.575 -9.679 -9.471 -9.471 -9.471 -9.471 -9.575 -9.471 -9.575 -9.471 -9.575 -9.575 -9.471 -9.575 -9.367 -9.471 -9.471 -9.367 -9.679 -9.367 -9.367 -9.367 -9.471 -9.263 -9.367 -9.367 -9.263 -9.367 -9.263 -9.263 -9.263 -9.471 -9.367 -9.575 -9.575 -9.367 -9.263 -9.263 -9.263 -9.679 -9.679 -10.199 -10.095 -9.471 -9.367 -9.263 -9.783 -9.159 -9.159 -9.263 -9.159 -9.159 -9.159 -9.159 -9.263 -9.054 -9.054 -9.054 -9.054 -9.054 -9.471 -9.367 -8.846 -9.159 -8.014 -9.054 -9.054 -8.742 -9.263 -9.471 -9.054 -9.367 -8.222 -8.846 -9.575 -8.118 -8.014 -8.846 -8.326 -9.783 -8.95 -8.638 -8.846 -7.805 -6.557 -9.159 -7.805 -8.43 -11.24 -7.389 -6.869 -8.846 -12.385 -8.014 -4.787 -8.118 -10.72 -6.661 -8.222 -5.932 -9.679 -9.367 -9.054 -7.91 -8.014 -8.742 -9.575 -7.285 -9.575 -7.493 -6.348 -9.471 -8.534 -9.991 -8.222 -8.222 -9.575 -6.14 -9.783 -8.846 -7.077 -9.054 -9.679 -5.203 -9.263 -8.014 -5.932 -9.159 -7.493 -8.222 -5.724 -7.285 -9.471 -9.263 -8.95 -7.597 -8.326 -6.14 -7.805 -7.077 -6.557 -7.389 -9.367 -8.846 -6.244 -6.14 -7.701 -6.661 -9.679 -7.077 -8.014 -7.701 -10.095 -6.765 -6.661 -8.534 -6.869 -10.303 -7.805 -9.471 -9.887 -6.14 -6.452 -8.95 -8.742 -8.118 -5.412 -8.326 -8.95 -8.846 -4.579 -6.869 -10.095 -5.828 -7.805 -6.452 -9.783 -7.91 -9.887 -6.452 -7.597 -8.014 -5.516 -4.995 -5.203 -10.928 -7.285 -3.018 -8.95 -6.973 -8.95 -9.367 -6.348 -8.534 -4.163 -7.181 -8.222 -7.389 -7.701 -6.244 -7.389 -9.054 -4.371 -7.701 -9.367 -9.159 -9.367 -9.159 -9.367 -9.263 -4.891 -9.887 -10.928 -6.14 -6.244 -6.869 -8.118 -5.62 -6.348 -6.661 -6.973 -6.348 -7.597 -9.054 -4.787 -9.054 -5.724 -5.724 -9.679 -5.62 -3.955 -6.348 -6.973 -10.407 -6.869 -8.95 -8.846 -7.805 -5.516 -6.661 -7.077 -6.973 -3.538 -6.14 -8.222 -10.512 -8.014 -6.452 -8.638 -8.014 -5.932 -6.244 -6.661 -6.661 -7.701 -6.973 -8.014 -3.955 -5.828 -7.493 -7.91 -7.077 -4.787 -7.077 -4.475 -4.891 -7.805 -8.95 -5.203 -5.62 -6.348 -3.642 -3.746 -3.642 -6.14 -7.389 -7.285 -6.244 -7.389 -5.724 -4.787 -6.348 -7.077 -8.534 -7.077 -7.701 -6.14 -5.412 -7.493 -6.036 -8.846 -4.267 -6.14 -5.724 -5.516 -5.308 -6.14 -3.642 -2.914 -4.787 -4.787 -4.371 -4.475 -6.973 -7.181 -4.475 -3.226 -4.371 -4.163 -5.724 -5.932 -3.122 -4.059 -6.557 -2.289 -3.642 -2.497 
