# name: phAngle
# type: matrix
# rows: 1
# columns: 359
 275 275 274 274 275 274 274 274 274 274 275 275 274 274 274 274 274 274 275 274 274 274 275 274 275 275 274 274 274 274 274 275 274 274 275 275 274 274 275 275 274 274 274 341 341 339 339 341 341 341 341 342 341 341 343 342 342 341 341 341 341 343 343 341 343 343 343 342 342 342 342 342 342 342 342 342 342 341 341 341 341 341 341 341 341 341 341 341 341 341 340 340 340 340 340 340 340 340 340 340 340 340 340 340 340 339 339 339 343 343 339 343 343 343 343 343 343 343 343 343 343 341 341 341 341 341 341 341 341 341 341 341 341 341 341 341 341 341 341 340 340 340 340 340 340 340 340 340 340 340 340 340 340 340 340 340 340 339 339 339 339 339 339 339 339 339 339 339 339 339 339 339 339 339 339 339 339 339 337 337 337 337 337 337 337 337 337 337 337 337 337 337 337 337 337 337 337 337 336 336 336 336 336 336 336 336 336 340 340 340 336 340 340 336 340 340 336 336 336 340 338 338 338 338 338 338 338 338 338 338 338 338 338 338 338 338 338 338 338 338 338 338 338 338 336 341 341 341 341 341 341 341 341 341 341 341 341 341 341 341 341 341 341 341 341 336 336 336 336 336 336 333 333 333 333 333 333 333 333 333 333 333 333 333 333 333 333 333 333 333 333 333 333 333 333 333 333 333 333 330 330 330 337 337 337 330 337 330 337 330 337 330 330 337 330 330 330 337 330 330 330 330 330 337 337 337 337 337 337 337 337 337 333 333 333 333 333 333 333 333 333 333 333 333 326 326 326 333 333 333 333 333 333 333 333 333 333 333 333 
# name: freq
# type: matrix
# rows: 1
# columns: 359
 50.0 50.0 50.0 49.9 50.0 50.0 50.0 50.0 50.0 50.0 50.0 50.0 50.0 50.0 50.0 50.0 50.0 50.0 50.0 50.0 50.0 50.0 50.0 50.0 49.9 50.0 49.9 49.9 49.9 50.0 49.9 50.0 49.9 49.9 49.9 49.9 49.9 49.9 49.9 49.9 49.9 49.9 49.9 50.0 49.9 49.9 49.9 50.0 50.0 50.0 50.0 50.0 50.0 50.0 50.0 50.0 50.0 50.0 50.0 50.0 50.0 50.0 50.0 50.0 50.0 50.0 50.0 50.0 50.0 50.0 50.0 50.0 50.0 50.0 50.0 50.0 50.0 50.0 50.0 49.9 49.9 50.0 50.0 50.0 50.0 50.0 50.0 50.0 50.0 50.0 50.0 50.0 50.0 50.0 50.0 50.0 50.0 50.0 50.0 50.0 50.0 50.0 50.0 50.0 50.0 50.0 50.0 50.0 50.0 50.0 50.0 50.0 50.0 50.0 50.0 50.0 50.0 50.0 50.0 50.0 50.0 50.0 50.0 50.0 50.0 50.0 50.0 50.0 50.0 50.0 50.0 50.0 50.0 50.0 50.0 50.0 50.0 50.0 50.0 50.0 50.0 50.0 50.0 50.0 50.0 50.0 50.0 50.0 50.0 50.0 50.0 50.0 50.0 50.0 50.0 50.0 50.0 50.0 50.0 50.0 50.0 50.0 50.0 50.0 50.0 50.0 50.0 50.0 50.0 50.0 50.0 50.0 50.0 50.0 50.0 50.0 50.0 50.0 50.0 50.0 50.0 50.0 50.0 50.0 50.0 50.0 50.0 50.0 50.0 50.0 50.0 50.0 50.0 50.0 50.0 50.0 50.0 49.9 49.9 49.9 49.9 49.9 49.9 49.9 49.9 49.9 49.9 49.9 49.9 49.9 49.9 49.9 49.9 50.0 49.9 49.9 49.9 49.9 49.9 49.9 50.0 49.9 49.9 50.0 49.9 50.0 50.0 50.0 50.0 50.0 50.0 50.0 50.0 50.0 50.0 50.0 50.0 50.0 50.0 50.0 50.0 50.0 50.0 50.0 50.0 50.0 50.0 50.0 50.0 50.0 50.0 50.0 50.0 50.0 50.0 50.0 50.0 50.0 50.0 50.0 50.0 50.0 50.0 50.0 50.0 50.0 50.0 50.0 50.0 50.0 50.0 50.0 50.0 50.0 50.0 50.0 50.0 50.0 50.0 50.0 50.0 50.0 50.0 50.0 50.0 50.0 50.0 50.0 50.0 50.0 50.0 50.0 50.0 50.0 50.0 50.0 50.0 50.0 50.0 50.0 50.0 50.0 50.0 50.0 50.0 50.0 50.0 50.0 50.0 50.0 50.0 50.0 50.0 50.0 50.0 50.0 50.0 50.0 50.0 50.0 50.0 50.0 50.0 50.0 50.0 50.0 50.0 50.0 50.0 50.0 50.0 50.0 50.0 50.0 50.0 50.0 50.0 50.0 50.0 50.0 50.0 50.0 50.0 50.0 50.0 50.0 50.0 50.0 50.0 50.0 50.0 50.0 50.0 50.0 50.0 50.0 50.0 50.0 50.0 
# name: reacPower
# type: matrix
# rows: 1
# columns: 359
 -4.761 -4.761 -4.658 -4.658 -4.761 -4.658 -4.761 -4.761 -4.658 -4.658 -4.658 -4.761 -4.658 -4.658 -4.658 -4.658 -4.658 -4.658 -4.658 -4.658 -4.658 -4.658 -4.658 -4.658 -4.658 -4.658 -4.658 -4.658 -4.658 -4.658 -4.761 -4.761 -4.761 -4.658 -4.761 -4.658 -4.658 -4.658 -4.761 -4.761 -4.658 -4.658 -4.658 -18.219 -18.323 -18.84 -18.84 -18.012 -18.426 -18.426 -17.494 -17.391 -17.909 -17.391 -16.045 -16.252 -16.149 -15.217 -14.492 -14.906 -14.699 -13.354 -14.078 -14.389 -13.871 -13.768 -14.078 -14.078 -13.147 -13.354 -14.078 -13.561 -13.043 -13.664 -13.561 -13.147 -13.561 -13.664 -13.561 -13.147 -13.664 -13.354 -12.94 -13.25 -13.354 -13.354 -13.25 -13.457 -13.25 -13.147 -13.147 -13.147 -13.147 -13.147 -13.043 -12.94 -13.043 -13.043 -12.733 -12.733 -12.94 -12.629 -12.733 -12.733 -12.629 -12.525 -12.525 -12.94 -12.318 -12.215 -12.422 -12.008 -12.318 -12.215 -12.318 -12.008 -11.697 -11.904 -12.318 -12.008 -12.008 -12.008 -11.697 -11.594 -11.594 -11.387 -11.283 -11.283 -11.387 -11.18 -11.18 -11.387 -11.076 -10.973 -11.076 -11.387 -10.766 -10.869 -10.973 -10.869 -10.766 -10.869 -10.662 -10.559 -10.662 -10.455 -10.662 -10.559 -10.869 -10.559 -10.662 -10.559 -10.352 -10.559 -10.973 -10.559 -10.559 -10.869 -10.662 -10.455 -11.076 -11.283 -11.49 -10.662 -11.594 -11.904 -11.283 -11.697 -11.387 -11.594 -11.49 -11.387 -11.49 -11.283 -11.387 -11.594 -11.387 -11.387 -11.801 -11.594 -11.49 -11.801 -11.904 -11.594 -10.559 -11.18 -10.869 -10.766 -11.18 -11.076 -11.18 -10.869 -11.387 -11.283 -10.662 -11.18 -10.766 -10.973 -10.766 -10.662 -10.559 -10.352 -10.455 -10.455 -10.455 -10.352 -10.559 -10.144 -10.144 -10.144 -10.352 -10.248 -10.248 -10.352 -10.248 -10.144 -10.248 -10.352 -10.352 -10.144 -10.248 -10.041 -9.73 -9.834 -10.041 -9.937 -9.834 -9.73 -9.73 -9.523 -9.523 -9.834 -9.42 -9.523 -9.627 -9.213 -9.42 -9.627 -9.73 -9.42 -9.213 -9.523 -8.902 -8.695 -8.385 -7.66 -7.556 -7.246 -7.349 -7.556 -7.453 -7.556 -7.556 -7.556 -7.971 -7.556 -7.867 -7.867 -7.764 -7.971 -7.867 -7.971 -8.178 -8.074 -8.178 -8.178 -8.178 -8.281 -8.385 -8.488 -8.695 -8.695 -8.695 -8.592 -8.695 -8.695 -8.902 -8.799 -8.695 -8.799 -8.902 -8.902 -8.902 -9.42 -9.109 -9.213 -9.213 -9.213 -9.213 -9.316 -9.42 -9.42 -9.316 -9.42 -9.213 -9.109 -9.109 -8.695 -9.006 -8.592 -8.488 -8.695 -8.178 -8.074 -7.971 -8.385 -7.764 -8.592 -7.66 -8.281 -7.764 -8.385 -8.592 -7.246 -8.488 -8.385 -8.281 -8.074 -8.385 -8.488 -8.281 -8.178 -8.281 -8.074 -8.074 -8.074 -7.971 -7.867 -7.556 -7.764 -7.867 -7.867 -7.764 -7.66 -7.66 -7.764 -7.66 -7.349 -7.453 -7.349 -7.556 -7.764 -7.867 -7.971 -8.385 -8.281 -8.281 -8.074 -8.178 -8.074 -8.074 -7.971 -7.971 -7.867 -7.971 -7.971 -7.971 -7.971 -7.971 
