# name: phAngle
# type: matrix
# rows: 1
# columns: 359
 333 333 329 333 333 333 331 333 336 335 336 335 332 331 329 329 337 336 336 336 332 332 337 333 337 333 332 336 335 336 335 333 336 335 335 335 335 332 332 335 332 332 336 335 335 335 335 335 336 337 341 343 344 343 345 343 343 343 345 344 344 344 344 344 344 344 344 344 344 344 344 344 344 344 340 339 339 337 333 337 338 336 333 336 337 336 336 344 343 343 340 341 345 345 345 345 345 345 345 345 346 345 345 345 345 345 345 345 345 345 346 346 345 345 345 345 345 345 345 346 346 345 346 345 345 345 345 346 345 346 346 346 345 346 346 346 346 346 346 346 346 346 346 346 346 346 345 346 345 345 346 346 346 346 346 345 345 345 345 345 346 345 346 346 346 346 346 345 345 345 345 345 345 346 345 345 345 345 346 345 345 345 345 346 345 346 345 345 345 345 346 345 345 345 345 345 345 345 345 345 345 345 345 345 346 346 346 345 346 346 345 346 346 345 346 346 345 345 345 345 345 345 345 345 346 345 345 345 346 345 345 345 345 345 345 345 345 345 345 345 344 345 344 344 344 343 339 345 345 345 345 345 345 345 345 346 345 345 345 345 346 346 346 345 346 345 345 345 346 345 345 345 345 346 346 345 346 345 345 345 346 345 345 346 346 345 346 346 346 346 346 346 346 346 346 346 346 346 346 346 346 346 346 346 346 346 346 346 345 346 346 346 345 346 346 345 345 345 345 345 345 346 345 346 346 346 346 346 346 346 346 344 345 344 344 344 344 344 344 342 338 337 337 337 337 338 337 337 345 345 346 346 345 346 346 346 346 346 346 
# name: freq
# type: matrix
# rows: 1
# columns: 359
 50.0 50.0 50.0 50.0 50.0 50.0 50.0 50.0 50.0 50.0 50.0 50.0 50.0 50.0 50.0 50.0 50.0 50.0 50.0 50.0 50.0 50.0 50.0 50.0 50.0 50.0 50.0 50.0 50.0 50.0 50.0 50.0 50.0 50.0 50.0 50.0 50.0 50.0 50.0 50.0 50.0 50.0 50.0 50.0 50.0 50.0 50.0 50.0 50.0 50.0 50.0 50.0 50.0 50.0 50.0 50.0 50.0 50.0 50.0 50.0 50.0 50.0 50.0 50.0 50.0 50.0 50.0 50.0 50.0 50.0 50.0 50.0 50.0 50.0 50.0 50.0 50.0 50.0 50.0 50.0 50.0 50.0 50.0 50.0 50.0 50.0 50.0 50.0 50.0 50.0 50.0 50.0 50.0 50.0 50.0 50.0 50.0 50.0 50.0 50.0 50.0 50.0 50.0 50.0 50.0 50.0 50.0 50.0 50.0 50.0 50.0 50.0 50.0 50.0 50.0 50.0 50.0 50.0 50.0 50.0 50.0 50.0 50.0 50.0 50.0 50.0 50.0 50.0 50.0 50.0 50.0 50.0 50.0 50.0 50.0 50.0 50.0 50.0 50.0 50.0 50.0 50.0 50.0 50.0 50.0 50.0 50.0 50.0 50.0 50.0 50.0 50.0 50.0 50.0 50.0 50.0 50.0 50.0 50.0 50.0 50.0 50.0 50.0 50.0 50.0 50.0 50.0 50.0 50.0 50.0 50.0 50.0 50.0 50.0 50.0 50.0 50.0 50.0 50.0 50.0 50.0 50.0 50.0 50.0 50.0 50.0 50.0 50.0 50.0 50.0 50.0 50.0 50.0 50.0 50.0 50.0 50.0 50.0 50.0 50.0 50.0 50.0 50.0 50.0 50.0 50.0 50.0 50.0 50.0 50.0 50.0 50.0 50.0 50.0 50.0 50.0 50.0 50.0 50.0 50.0 50.0 50.0 50.0 50.0 50.0 50.0 50.0 50.0 50.0 50.0 50.0 50.0 50.0 50.0 50.0 50.0 50.0 50.0 50.0 50.0 50.0 50.0 50.0 50.0 50.0 50.0 50.0 50.0 50.0 50.0 50.0 50.1 50.0 50.0 50.1 50.0 50.0 50.0 50.0 50.0 50.1 50.0 50.0 50.0 50.0 50.0 50.0 50.0 50.0 50.0 50.1 50.0 50.1 50.0 50.1 50.1 50.1 50.0 50.1 50.0 50.0 50.1 50.0 50.1 50.0 50.0 50.0 50.0 50.0 50.0 50.0 50.0 50.0 50.0 50.0 50.0 50.0 50.0 50.0 50.1 50.0 50.1 50.0 50.0 50.1 50.0 50.0 50.0 50.0 50.0 50.0 50.0 50.0 50.0 50.0 50.0 50.0 50.0 50.0 50.0 50.0 50.0 50.0 50.0 50.0 50.0 50.0 50.0 50.0 50.0 50.0 50.0 50.0 50.0 50.0 50.0 50.0 50.0 50.0 50.0 50.0 50.0 50.0 50.0 50.0 50.0 50.0 50.0 50.0 50.0 50.0 50.0 50.0 50.0 50.0 50.0 50.0 50.0 50.0 
# name: reacPower
# type: matrix
# rows: 1
# columns: 359
 -18.633 -18.53 -18.633 -18.53 -18.426 -18.426 -18.633 -18.633 -18.84 -18.633 -18.426 -18.323 -18.426 -18.633 -18.633 -18.633 -18.944 -18.53 -18.53 -18.737 -18.633 -18.633 -18.84 -18.737 -18.944 -18.633 -18.737 -18.426 -18.633 -18.633 -18.633 -18.737 -18.426 -18.53 -18.323 -18.219 -18.426 -18.53 -18.53 -18.426 -18.633 -18.53 -18.323 -18.219 -18.323 -18.323 -18.323 -18.012 -18.426 -18.323 -18.219 -18.53 -18.426 -18.737 -19.047 -18.633 -18.944 -19.358 -18.426 -19.047 -19.047 -18.944 -18.944 -19.254 -19.358 -19.151 -19.047 -19.254 -18.633 -18.633 -18.944 -19.047 -19.254 -18.944 -19.047 -18.737 -18.53 -18.219 -18.737 -18.116 -18.426 -18.323 -18.84 -18.116 -18.53 -18.426 -18.323 -19.151 -19.151 -19.047 -18.323 -18.84 -19.565 -19.254 -19.151 -19.254 -19.565 -19.358 -19.358 -19.461 -19.565 -19.358 -19.358 -19.358 -19.565 -19.668 -19.668 -19.358 -19.565 -19.461 -19.358 -19.461 -19.772 -19.358 -19.461 -19.565 -19.668 -19.565 -19.668 -19.565 -19.772 -19.461 -19.668 -19.151 -19.565 -19.461 -19.358 -19.565 -19.461 -19.565 -19.461 -19.254 -19.668 -19.461 -19.565 -19.358 -19.358 -19.358 -19.772 -19.254 -19.047 -19.358 -19.461 -19.151 -19.254 -19.151 -18.944 -19.047 -18.944 -18.84 -19.254 -19.151 -19.151 -19.151 -19.254 -19.358 -19.254 -19.254 -19.151 -19.047 -19.254 -19.047 -19.254 -19.254 -19.461 -19.151 -19.254 -19.151 -19.461 -19.047 -19.151 -19.151 -19.358 -19.151 -19.358 -19.151 -19.358 -19.254 -19.358 -19.461 -18.944 -19.358 -19.358 -19.461 -19.358 -19.461 -19.047 -19.047 -19.358 -19.151 -19.565 -19.358 -19.254 -19.565 -19.668 -19.565 -19.668 -19.565 -19.565 -19.668 -19.772 -19.461 -19.358 -19.772 -19.668 -19.875 -19.668 -19.358 -19.772 -19.565 -19.875 -19.565 -19.772 -19.668 -19.565 -19.875 -19.565 -19.875 -19.358 -19.461 -19.358 -19.461 -19.772 -19.668 -19.565 -19.565 -19.565 -19.461 -19.461 -19.461 -19.875 -19.358 -19.668 -19.254 -19.565 -19.565 -19.875 -19.668 -19.461 -19.461 -19.358 -19.254 -19.461 -19.151 -19.668 -18.944 -19.047 -19.358 -19.254 -19.358 -19.565 -19.668 -19.358 -19.358 -19.565 -19.565 -19.565 -19.565 -19.358 -19.565 -19.565 -19.461 -19.565 -19.979 -19.875 -19.875 -19.565 -19.565 -19.668 -19.565 -19.461 -19.565 -19.875 -19.772 -19.772 -19.668 -19.668 -19.565 -19.565 -19.772 -19.668 -19.565 -19.772 -19.772 -19.875 -19.668 -19.565 -19.668 -19.772 -19.668 -19.565 -19.772 -19.565 -19.772 -19.565 -19.668 -19.772 -19.668 -19.875 -19.668 -19.461 -19.668 -19.668 -19.668 -19.565 -19.875 -19.875 -19.875 -19.668 -19.772 -19.875 -19.979 -19.979 -20.289 -19.979 -19.772 -20.186 -19.668 -19.875 -19.772 -19.875 -19.565 -19.565 -19.461 -19.668 -19.668 -19.772 -19.772 -19.875 -19.875 -19.772 -19.565 -19.461 -19.461 -19.668 -19.565 -19.772 -19.772 -19.668 -19.668 -18.944 -19.358 -19.358 -19.047 -18.737 -18.944 -18.737 -19.461 -19.668 -19.875 -19.772 -19.668 -19.668 -19.668 -19.772 -19.875 -19.875 -19.772 -19.875 
