# name: phAngle
# type: matrix
# rows: 1
# columns: 361
 339 339 337 338 340 343 338 339 340 339 339 338 338 336 336 336 336 336 336 336 336 337 336 335 335 337 340 339 339 340 344 342 338 339 339 339 341 341 340 339 340 339 339 339 339 339 342 341 341 345 345 345 347 340 343 341 339 342 341 343 341 347 347 347 347 347 347 347 347 347 347 347 347 347 347 347 347 345 345 345 345 345 345 345 345 345 345 345 345 345 345 345 344 340 339 339 342 339 346 346 346 346 346 346 346 346 346 347 347 346 346 346 347 347 347 347 347 347 347 347 347 346 346 347 347 347 346 347 347 347 347 346 347 346 347 347 347 347 347 347 346 346 347 346 347 347 340 345 345 345 345 345 345 345 345 345 345 345 345 345 345 345 345 345 339 337 344 345 345 344 345 345 344 345 345 345 345 345 345 345 345 345 345 345 345 339 339 345 346 346 346 346 346 346 346 346 346 346 346 346 346 347 346 345 346 346 346 345 345 345 345 345 345 345 345 345 345 346 346 346 346 346 346 346 346 345 345 345 345 344 344 344 344 344 344 344 342 345 345 346 345 345 346 345 345 346 345 346 345 346 345 346 346 346 345 345 346 345 345 345 345 345 345 345 346 346 346 346 346 346 346 346 346 346 346 345 346 346 346 346 345 345 345 345 346 346 345 345 345 346 345 346 345 346 346 346 343 344 344 343 343 343 343 343 343 343 343 343 339 338 337 345 345 345 345 346 346 346 346 346 346 346 346 346 346 346 346 346 346 346 346 346 346 346 346 346 346 346 346 346 346 346 346 346 345 345 346 346 346 346 346 346 346 346 346 346 345 346 346 346 346 
# name: freq
# type: matrix
# rows: 1
# columns: 361
 50.0 50.0 50.0 50.0 50.0 50.0 50.0 50.0 50.0 50.0 50.0 50.0 50.0 50.0 50.0 50.0 50.0 50.0 50.0 50.0 50.0 50.0 50.0 50.0 50.0 50.0 50.0 50.0 50.0 50.0 50.0 50.0 50.0 50.0 50.0 50.0 50.0 50.0 50.0 50.0 50.0 50.0 50.0 50.0 50.0 50.0 50.0 50.0 50.0 50.0 50.0 50.0 50.0 50.0 50.0 50.0 50.0 50.0 50.0 50.0 50.0 50.0 50.0 50.0 50.0 50.0 50.0 50.0 50.0 50.0 50.0 50.0 50.0 50.0 50.0 50.0 50.0 50.0 50.0 50.0 50.0 50.0 50.0 50.0 50.0 50.0 50.0 50.0 50.0 50.0 50.0 50.0 50.0 50.0 50.0 50.0 50.0 50.0 50.0 50.0 50.0 50.0 50.0 50.0 50.0 50.0 50.0 50.0 50.0 50.0 50.0 50.0 50.0 50.0 50.0 50.0 50.0 50.0 50.0 50.0 50.0 50.0 50.0 50.0 50.0 50.0 50.0 50.0 50.0 50.0 50.0 50.0 50.0 50.0 50.0 50.0 50.0 50.0 50.0 50.0 50.0 50.0 50.0 50.0 50.0 50.0 50.0 50.0 50.0 50.0 50.0 50.0 50.0 50.0 50.0 50.0 50.0 50.0 50.0 50.0 50.0 50.0 50.0 50.0 50.0 50.0 50.0 50.0 50.0 50.0 50.0 50.0 50.0 50.0 50.0 50.0 50.0 50.0 50.0 50.0 50.0 50.0 50.0 50.0 50.0 50.0 50.0 50.0 50.0 50.0 50.0 50.0 50.0 50.0 50.0 50.0 50.0 50.0 50.0 50.0 50.0 50.0 50.0 50.0 50.0 50.0 50.0 50.0 50.0 50.0 50.0 50.0 50.0 50.0 50.0 50.0 50.0 50.0 50.0 50.0 50.0 50.0 50.0 50.0 50.0 50.0 50.0 50.0 50.0 50.0 50.0 50.0 50.0 50.0 50.0 50.0 50.0 50.0 50.0 50.0 50.0 50.0 50.0 50.0 50.0 50.0 50.0 50.0 50.0 50.0 50.0 50.0 50.0 50.0 50.0 50.0 50.0 50.0 50.0 50.0 50.0 50.0 50.0 50.0 50.0 50.0 50.0 50.0 50.0 50.0 50.0 50.0 50.0 50.0 50.0 50.0 50.0 50.0 50.0 50.0 50.0 50.0 50.0 50.0 50.0 50.0 50.0 50.0 50.0 50.0 50.0 50.0 50.0 50.0 50.0 50.0 50.0 50.0 50.0 50.0 50.0 50.0 50.0 50.0 50.0 50.0 50.0 50.0 50.0 50.0 50.0 50.0 50.0 50.0 50.0 50.0 50.0 50.0 50.0 50.0 50.0 50.0 50.0 50.0 50.0 50.0 50.0 50.0 50.0 50.0 50.0 50.0 50.0 50.0 50.0 50.0 50.0 50.0 50.0 50.0 50.0 50.0 50.0 50.0 50.0 50.0 50.0 50.0 50.0 50.0 50.0 50.0 50.0 50.0 50.0 50.0 50.0 50.0 50.0 50.0 50.0 
# name: reacPower
# type: matrix
# rows: 1
# columns: 361
 -19.358 -19.151 -19.254 -19.254 -19.461 -19.772 -19.358 -19.461 -19.461 -19.461 -19.358 -19.254 -19.254 -19.151 -19.254 -19.047 -19.151 -19.151 -19.254 -19.151 -19.151 -19.254 -19.254 -19.254 -19.254 -19.254 -19.565 -19.461 -19.461 -19.461 -19.875 -19.565 -19.358 -19.254 -18.944 -19.358 -19.668 -19.565 -19.358 -19.151 -19.254 -19.461 -19.565 -19.461 -19.461 -19.254 -19.668 -19.565 -19.668 -20.186 -20.082 -20.082 -20.186 -19.461 -19.772 -19.461 -18.944 -19.461 -19.565 -19.565 -19.772 -20.393 -20.6 -20.393 -20.393 -20.393 -20.186 -19.979 -20.289 -20.289 -20.186 -20.082 -20.186 -20.289 -20.289 -20.289 -20.186 -19.979 -20.186 -19.875 -20.082 -19.875 -19.668 -19.772 -19.772 -19.772 -19.772 -19.772 -19.979 -19.979 -19.668 -20.082 -19.875 -19.358 -19.565 -18.84 -19.254 -18.737 -19.875 -19.979 -19.772 -19.772 -20.082 -20.186 -19.875 -19.772 -19.668 -19.979 -19.979 -19.979 -19.875 -19.875 -19.979 -19.875 -20.082 -20.082 -19.979 -19.772 -19.772 -20.082 -20.082 -19.772 -19.875 -19.772 -19.875 -20.082 -19.875 -19.875 -19.875 -19.772 -19.979 -19.979 -19.875 -19.979 -19.875 -19.875 -19.979 -20.082 -19.875 -19.875 -19.772 -19.668 -19.772 -19.875 -20.186 -19.979 -19.358 -19.979 -19.875 -19.668 -19.668 -19.668 -19.668 -19.668 -19.668 -19.668 -19.668 -19.668 -19.565 -19.358 -19.358 -19.565 -19.461 -19.668 -18.737 -18.633 -19.565 -19.875 -19.875 -19.358 -19.461 -19.875 -19.565 -20.186 -19.979 -19.668 -19.461 -19.772 -19.875 -19.875 -20.082 -19.875 -19.668 -19.875 -20.082 -19.151 -18.944 -19.979 -20.289 -20.082 -19.979 -19.668 -19.979 -19.979 -19.979 -19.772 -19.979 -20.082 -20.082 -20.082 -20.393 -20.082 -19.979 -20.082 -20.082 -20.082 -19.979 -20.186 -19.772 -19.875 -19.979 -19.979 -19.772 -20.289 -19.979 -19.979 -20.082 -20.082 -20.186 -20.186 -19.979 -19.979 -19.875 -20.186 -19.979 -19.772 -19.979 -19.668 -19.772 -19.772 -19.668 -19.772 -19.979 -19.979 -19.565 -19.979 -19.772 -20.082 -19.979 -20.082 -20.186 -19.875 -19.979 -20.082 -19.772 -19.875 -20.289 -19.875 -19.772 -19.979 -19.772 -19.875 -19.979 -19.979 -19.979 -19.875 -19.979 -19.565 -19.772 -19.875 -20.082 -19.668 -19.668 -19.875 -19.772 -19.875 -19.979 -20.082 -19.979 -19.875 -20.289 -20.082 -19.979 -20.082 -19.979 -19.979 -20.082 -20.082 -20.082 -19.979 -19.979 -19.875 -19.979 -19.875 -20.082 -20.082 -19.979 -19.979 -19.979 -20.082 -19.979 -19.875 -19.875 -20.082 -19.979 -19.979 -19.565 -19.668 -19.979 -19.772 -19.565 -19.668 -19.565 -19.668 -19.875 -19.875 -19.772 -19.668 -19.151 -18.944 -19.358 -19.979 -19.979 -19.979 -19.875 -19.979 -19.875 -19.772 -19.875 -19.875 -19.979 -19.979 -19.979 -19.875 -20.082 -19.979 -19.875 -19.979 -20.082 -19.875 -19.979 -19.875 -19.979 -20.082 -19.875 -19.875 -19.772 -19.772 -20.082 -19.979 -19.875 -19.565 -19.979 -19.875 -19.979 -19.668 -19.668 -19.772 -19.565 -19.668 -19.565 -19.668 -19.461 -19.772 -19.875 -19.772 -19.668 -19.668 -19.772 -19.772 -19.875 
