# name: phAngle
# type: matrix
# rows: 1
# columns: 359
 341 338 339 339 339 343 339 339 343 339 339 341 341 338 343 339 338 339 339 343 339 343 343 340 344 339 339 340 339 339 340 339 343 339 339 343 339 340 343 339 339 343 343 339 339 343 339 339 343 339 339 339 339 339 339 339 339 339 339 349 348 344 345 347 348 345 346 344 344 344 344 345 344 347 345 344 344 344 344 348 347 344 345 347 348 349 345 349 344 348 339 339 339 341 339 339 339 343 339 339 339 343 339 339 343 339 339 340 343 339 339 343 351 348 344 344 347 343 343 344 349 344 343 343 349 351 348 348 349 348 348 348 348 348 347 351 351 349 349 351 351 349 349 351 351 349 344 344 344 344 344 344 343 351 351 345 349 344 351 344 344 343 344 344 344 344 349 351 349 348 349 344 349 349 344 349 345 344 347 345 345 348 349 349 349 348 348 345 349 351 349 349 351 349 349 349 349 349 349 351 349 349 349 346 349 349 349 344 345 349 349 348 349 349 348 346 349 349 349 344 349 348 348 348 348 346 348 349 344 344 349 344 344 349 349 349 349 344 349 349 349 349 349 349 349 349 349 343 343 349 344 344 349 349 349 349 345 349 340 339 344 342 345 344 341 339 340 343 343 351 349 349 349 349 345 345 348 349 351 349 344 351 351 349 344 349 349 349 349 349 349 349 349 351 349 349 349 349 349 349 345 349 344 347 348 348 349 349 345 348 349 345 348 349 349 349 352 348 349 349 345 349 344 348 348 348 344 349 348 348 349 344 344 345 348 349 348 349 349 349 349 348 348 349 345 349 345 348 349 345 349 344 349 349 344 348 346 349 339 
# name: freq
# type: matrix
# rows: 1
# columns: 359
 50.0 50.0 50.0 50.0 50.0 50.0 50.0 50.0 50.0 50.0 50.0 50.0 50.0 50.0 50.0 50.0 50.0 50.0 50.0 50.0 50.0 50.0 50.0 50.0 50.0 50.0 50.0 50.0 50.0 50.0 50.0 50.0 50.0 50.0 50.0 50.0 50.0 50.0 50.0 50.0 50.0 50.0 50.0 50.0 50.0 50.0 50.0 50.0 50.0 50.0 50.0 50.0 50.0 50.0 50.0 50.0 50.0 50.0 50.0 50.0 50.0 50.0 50.0 50.0 50.0 50.0 50.0 50.0 50.0 50.0 50.0 50.0 50.0 50.0 50.0 50.0 50.0 50.0 50.0 50.0 50.0 50.0 50.0 50.0 50.0 50.0 50.0 50.0 50.0 50.0 50.0 50.0 50.0 50.0 50.0 50.0 50.0 50.0 50.0 50.0 50.0 50.0 50.0 50.0 50.0 50.0 50.0 50.0 50.0 50.0 50.0 50.0 50.0 50.0 50.0 50.0 50.0 50.0 50.0 50.0 50.0 50.0 50.0 50.0 50.0 50.0 50.0 50.0 50.0 50.0 50.0 50.0 50.0 50.0 50.0 50.0 50.0 50.0 50.0 50.0 50.0 50.0 50.0 50.0 50.0 50.0 50.0 50.0 50.0 50.0 50.0 50.0 50.0 50.0 50.0 50.0 50.0 50.0 50.0 50.0 50.0 50.0 50.0 50.0 50.0 50.0 50.0 50.0 50.0 50.0 50.0 50.0 50.0 50.0 50.0 50.0 50.0 50.0 50.0 50.0 50.0 50.0 50.0 50.0 50.0 50.0 50.0 50.0 50.0 50.0 50.0 50.0 50.0 50.0 50.0 50.0 50.0 50.0 50.0 50.0 50.0 50.0 50.0 50.0 50.0 50.0 50.0 50.0 50.0 50.0 50.0 50.0 50.0 50.0 50.0 50.0 50.0 50.0 50.0 50.0 50.0 50.0 50.0 50.0 50.0 50.0 50.0 50.0 50.0 50.0 50.0 50.0 50.0 50.0 50.0 50.0 50.0 50.0 50.0 50.0 50.0 50.0 50.0 50.0 50.0 50.0 50.0 50.0 50.0 50.0 50.0 50.0 50.0 50.0 50.0 50.0 50.0 50.0 50.0 50.0 50.0 50.0 50.0 50.0 50.0 50.0 50.0 50.0 50.0 50.0 50.0 50.0 50.0 50.0 50.0 50.0 50.0 50.0 50.0 50.0 50.0 50.0 50.0 50.0 50.0 50.0 50.0 50.0 50.0 50.0 50.0 50.0 50.0 50.0 50.0 50.0 50.0 50.0 50.0 50.0 50.0 50.0 50.0 50.0 50.0 50.0 50.0 50.0 50.0 50.0 50.0 50.0 50.0 50.0 50.0 50.0 50.0 50.0 50.0 50.0 50.0 50.0 50.0 50.0 50.0 50.0 50.0 50.0 50.0 50.0 50.0 50.0 50.0 50.0 50.0 50.0 50.0 50.0 50.0 50.0 50.0 50.0 50.0 50.0 50.0 50.0 50.0 50.0 50.0 50.0 50.0 50.0 50.0 50.0 50.0 50.0 50.0 50.0 50.0 
# name: reacPower
# type: matrix
# rows: 1
# columns: 359
 -11.697 -13.25 -12.94 -12.836 -13.354 -12.215 -13.25 -12.629 -12.008 -13.25 -13.25 -12.008 -11.594 -12.422 -11.697 -12.836 -13.147 -13.457 -13.147 -11.697 -13.043 -11.387 -12.318 -12.94 -12.215 -12.629 -13.147 -12.422 -12.733 -12.94 -12.733 -12.422 -12.008 -12.525 -12.629 -12.111 -12.733 -12.629 -11.904 -12.525 -13.043 -12.215 -12.215 -12.733 -13.147 -11.801 -13.043 -13.25 -12.318 -12.733 -13.561 -12.836 -12.422 -12.836 -13.043 -13.25 -12.836 -13.25 -13.354 -10.662 -12.111 -12.836 -12.318 -12.215 -12.318 -12.733 -12.111 -12.629 -13.043 -12.836 -12.94 -12.94 -12.94 -12.008 -12.629 -13.043 -12.836 -13.25 -13.25 -12.318 -12.215 -12.836 -13.043 -12.008 -12.215 -11.801 -12.733 -10.766 -12.836 -11.594 -12.733 -12.733 -13.354 -13.354 -12.733 -13.664 -12.525 -12.008 -12.422 -12.94 -12.525 -11.801 -12.525 -13.25 -11.387 -12.629 -12.94 -13.043 -12.111 -12.525 -13.147 -12.318 -9.834 -11.18 -12.629 -12.318 -12.215 -12.94 -12.733 -12.422 -10.662 -12.94 -12.318 -12.836 -10.455 -9.316 -11.283 -10.766 -11.18 -10.559 -11.076 -11.697 -10.869 -11.387 -12.318 -9.834 -9.006 -10.352 -10.662 -10.041 -10.041 -11.283 -11.283 -9.73 -10.248 -10.352 -12.422 -12.422 -12.629 -12.94 -12.422 -12.733 -12.836 -9.109 -9.937 -12.629 -10.455 -12.422 -10.144 -13.043 -12.318 -12.94 -12.733 -13.043 -12.318 -12.629 -11.076 -9.627 -10.559 -11.904 -10.973 -12.836 -10.766 -11.283 -13.147 -10.559 -13.25 -13.147 -12.215 -12.629 -13.043 -11.49 -12.008 -11.49 -11.49 -12.215 -12.111 -13.043 -10.248 -10.248 -11.697 -10.559 -9.523 -10.766 -11.49 -11.18 -11.076 -11.904 -10.662 -9.937 -11.18 -11.283 -11.076 -12.422 -12.111 -11.18 -11.801 -13.561 -12.629 -11.076 -11.697 -12.318 -12.215 -11.49 -11.904 -12.629 -11.904 -11.801 -12.318 -13.043 -10.662 -11.387 -12.111 -11.697 -12.008 -12.525 -11.697 -11.387 -13.457 -13.147 -11.387 -13.25 -13.354 -11.18 -11.387 -10.248 -12.008 -13.043 -11.076 -11.18 -10.869 -10.352 -10.869 -11.283 -10.455 -10.973 -11.076 -13.25 -13.147 -11.801 -13.043 -13.25 -10.352 -11.18 -11.076 -10.766 -12.836 -10.766 -13.043 -12.422 -13.457 -13.147 -13.043 -13.664 -11.594 -13.043 -13.043 -13.561 -12.733 -10.144 -10.766 -10.869 -10.766 -10.559 -12.318 -12.94 -11.594 -10.559 -10.248 -10.455 -13.043 -10.041 -9.937 -10.766 -13.147 -10.559 -10.559 -10.869 -10.352 -10.662 -10.455 -10.352 -10.455 -10.041 -10.766 -10.662 -10.559 -11.076 -11.283 -10.869 -12.94 -10.662 -12.836 -12.318 -12.215 -11.49 -11.076 -10.869 -12.629 -11.594 -11.076 -12.733 -11.49 -10.973 -10.662 -10.869 -9.937 -12.318 -11.697 -11.076 -12.733 -11.18 -13.25 -11.49 -11.49 -12.318 -13.043 -11.18 -11.801 -11.904 -11.283 -13.354 -13.354 -12.629 -12.111 -11.904 -11.904 -11.076 -11.283 -12.111 -12.008 -12.008 -11.904 -10.559 -13.25 -10.766 -12.733 -11.283 -11.594 -13.25 -11.283 -13.147 -10.662 -11.801 -13.457 -11.801 -12.422 -11.387 -12.733 
