# name: phAngle
# type: matrix
# rows: 1
# columns: 359
 341 341 341 341 341 341 341 341 341 341 341 341 341 341 341 341 341 341 341 341 341 341 341 341 341 341 341 341 341 341 341 341 341 341 341 341 341 341 341 341 341 341 341 341 341 341 341 341 341 341 341 341 341 341 341 341 341 341 341 341 341 341 341 341 341 341 341 341 341 341 341 341 341 341 341 341 341 341 341 341 341 341 341 341 341 341 341 341 341 341 341 344 337 344 344 344 344 344 344 344 344 337 337 344 344 341 344 341 341 341 344 344 344 341 344 337 344 344 341 341 341 341 341 341 341 341 341 341 341 341 341 341 341 341 341 341 341 341 341 341 341 341 341 341 341 341 341 341 341 341 341 341 341 341 341 341 341 341 341 341 341 341 341 341 341 341 341 341 341 341 341 341 341 341 341 341 341 341 341 341 341 341 341 341 341 341 341 341 341 341 341 341 341 341 341 341 341 341 341 341 341 341 341 341 341 341 341 341 341 341 341 341 341 341 341 341 341 341 344 344 344 344 344 341 339 339 344 344 344 344 341 344 341 339 344 344 344 339 339 339 344 344 344 344 344 344 344 344 344 341 341 344 344 344 344 344 344 344 344 341 341 341 344 341 341 341 341 344 337 337 337 344 341 344 344 344 344 344 341 344 344 337 337 344 341 341 341 341 341 344 341 341 341 344 341 341 341 341 341 341 344 337 344 344 344 344 337 344 344 344 341 344 344 344 344 344 344 344 344 341 344 337 344 344 344 344 344 344 344 341 344 344 341 344 344 344 341 344 341 344 344 344 339 339 344 341 341 341 341 341 341 341 341 341 341 341 341 341 341 
# name: freq
# type: matrix
# rows: 1
# columns: 359
 50.0 50.0 50.0 50.0 50.0 50.0 50.0 50.0 50.0 50.0 50.0 50.0 50.0 50.0 50.0 50.0 50.0 50.0 50.0 50.0 50.0 50.0 50.0 50.0 50.0 50.0 50.0 50.0 50.0 50.0 50.0 50.0 50.0 50.0 50.0 50.0 50.0 50.0 50.0 50.0 50.0 50.0 50.0 50.0 50.0 50.0 50.0 50.0 50.0 50.0 50.0 50.0 50.0 50.0 50.0 50.0 50.0 50.0 50.0 50.0 50.0 50.0 50.0 50.0 50.0 50.0 50.0 50.0 50.0 50.0 50.0 50.0 50.0 50.0 50.0 50.0 50.0 50.0 50.0 50.0 50.0 50.0 50.0 50.0 50.0 50.0 50.0 50.0 50.0 50.0 50.0 50.0 50.0 50.0 50.0 50.0 50.0 50.0 50.0 50.0 50.0 50.0 50.0 50.0 50.0 50.0 50.0 50.0 50.0 50.0 50.0 50.0 50.0 50.0 50.0 50.0 50.0 50.0 50.0 50.0 50.0 50.0 50.0 50.0 50.0 50.0 50.0 50.0 50.0 50.0 50.0 50.0 50.0 50.0 50.0 50.0 50.0 50.0 50.0 50.0 50.0 50.0 50.0 50.0 50.0 50.0 50.0 50.0 50.0 50.0 50.0 50.0 50.0 50.0 50.0 50.0 50.0 50.0 50.0 50.0 50.0 50.0 50.0 50.0 50.0 50.0 50.0 50.0 50.0 50.0 50.0 50.0 50.0 50.0 50.0 50.0 50.0 50.0 50.0 50.0 50.0 50.0 50.0 50.0 50.0 50.0 50.0 50.0 50.0 50.0 50.0 50.0 50.0 50.0 50.0 50.0 50.0 50.0 50.0 50.0 50.0 50.0 50.0 50.0 50.0 50.0 50.0 50.0 50.0 50.0 50.0 50.0 50.0 50.0 50.0 50.0 50.0 50.0 50.0 50.0 50.0 50.0 50.0 50.0 50.0 50.0 50.0 50.0 50.0 50.0 50.0 50.0 50.0 50.0 50.0 50.0 50.0 50.0 50.0 50.0 50.0 50.0 50.0 50.0 50.0 50.0 50.0 50.0 50.0 50.0 50.0 50.0 50.0 50.0 50.0 50.0 50.0 50.0 50.0 50.0 50.0 50.0 50.0 50.0 50.0 50.0 50.0 50.0 50.0 50.0 50.0 50.0 50.0 50.0 50.0 50.0 50.0 50.0 50.0 50.0 50.0 50.0 50.0 50.0 50.0 50.0 50.0 50.0 50.0 50.0 50.0 50.0 50.0 50.0 50.0 50.0 50.0 50.0 50.0 50.0 50.0 50.0 50.0 50.0 50.0 50.0 50.0 50.0 50.0 50.0 50.0 50.0 50.0 50.0 50.0 50.0 50.0 50.0 50.0 50.0 50.0 50.0 50.0 50.0 50.0 50.0 50.0 50.0 50.0 50.0 50.0 50.0 50.0 50.0 50.0 50.0 50.0 50.0 50.0 50.0 50.0 50.0 50.0 50.0 50.0 50.0 50.0 50.0 50.0 50.0 50.0 50.0 50.0 50.0 49.9 50.0 50.0 49.9 50.0 
# name: reacPower
# type: matrix
# rows: 1
# columns: 359
 -5.59 -5.693 -5.693 -5.693 -5.693 -5.693 -5.693 -5.693 -5.797 -5.693 -5.693 -5.693 -5.797 -5.693 -5.693 -5.59 -5.693 -5.693 -5.693 -5.797 -5.693 -5.693 -5.693 -5.693 -5.693 -5.693 -5.693 -5.693 -5.693 -5.693 -5.693 -5.693 -5.693 -5.693 -5.693 -5.693 -5.59 -5.693 -5.59 -5.59 -5.693 -5.693 -5.59 -5.693 -5.693 -5.59 -5.693 -5.693 -5.693 -5.797 -5.59 -5.693 -5.693 -5.486 -5.693 -5.693 -5.693 -5.693 -5.797 -5.693 -5.693 -5.797 -5.797 -5.693 -5.797 -5.797 -5.693 -5.797 -5.797 -5.693 -5.693 -5.693 -5.797 -5.9 -5.797 -5.9 -5.797 -5.797 -5.797 -5.797 -5.693 -5.693 -5.797 -5.693 -5.693 -5.797 -5.59 -5.693 -5.797 -5.693 -5.693 -5.797 -6.211 -6.107 -5.797 -6.004 -5.797 -5.9 -5.9 -5.693 -5.9 -6.314 -6.211 -5.9 -5.797 -5.693 -5.797 -5.693 -5.797 -5.59 -5.797 -5.693 -5.9 -5.693 -6.107 -6.211 -5.9 -5.797 -5.693 -5.693 -5.693 -5.59 -5.693 -5.59 -5.693 -5.59 -5.693 -5.693 -5.59 -5.693 -5.693 -5.693 -5.693 -5.693 -5.693 -5.693 -5.693 -5.693 -5.59 -5.693 -5.693 -5.59 -5.693 -5.693 -5.693 -5.797 -5.693 -5.693 -5.693 -5.693 -5.693 -5.693 -5.693 -5.693 -5.797 -5.693 -5.59 -5.797 -5.693 -5.693 -5.797 -5.693 -5.797 -5.693 -5.797 -5.693 -5.797 -5.693 -5.693 -5.693 -5.59 -5.693 -5.693 -5.693 -5.59 -5.693 -5.59 -5.59 -5.693 -5.59 -5.693 -5.693 -5.693 -5.797 -5.797 -5.693 -5.693 -5.693 -5.693 -5.59 -5.693 -5.59 -5.693 -5.797 -5.797 -5.9 -5.9 -5.693 -5.693 -5.693 -5.59 -5.693 -5.59 -5.59 -5.59 -5.59 -5.59 -5.59 -5.693 -5.693 -5.59 -5.59 -5.693 -5.59 -5.693 -5.59 -5.59 -5.59 -5.693 -5.797 -5.9 -5.797 -5.797 -5.59 -6.211 -6.107 -5.693 -5.693 -5.9 -5.693 -5.486 -6.004 -5.59 -6.211 -5.693 -5.693 -5.9 -6.107 -6.314 -6.314 -5.797 -5.693 -5.797 -5.9 -5.9 -6.107 -6.107 -5.797 -5.797 -5.693 -5.693 -5.797 -5.797 -5.797 -5.797 -6.004 -5.797 -5.797 -5.9 -5.797 -5.797 -5.797 -5.797 -5.797 -5.797 -5.797 -5.797 -6.107 -6.211 -6.211 -6.211 -6.004 -5.797 -5.9 -5.797 -5.797 -6.004 -5.9 -5.797 -6.004 -5.9 -6.211 -6.107 -6.004 -5.797 -5.797 -5.693 -5.693 -5.693 -5.797 -5.693 -5.693 -5.797 -5.797 -5.59 -5.486 -5.693 -5.59 -5.693 -5.693 -6.107 -6.211 -5.797 -5.693 -5.9 -5.693 -6.211 -5.797 -5.9 -5.9 -5.9 -6.004 -5.797 -5.797 -5.797 -5.693 -5.797 -5.797 -5.9 -5.797 -5.797 -6.211 -5.797 -6.107 -5.693 -6.004 -5.9 -5.797 -6.004 -5.797 -5.797 -5.9 -5.797 -5.9 -5.9 -5.797 -5.9 -5.9 -5.797 -5.9 -6.004 -6.004 -6.418 -6.418 -5.9 -5.693 -5.797 -5.693 -5.693 -5.797 -5.797 -5.9 -5.693 -5.693 -5.693 -5.486 -5.59 -5.59 -5.59 
