# name: phAngle
# type: matrix
# rows: 1
# columns: 359
 341 341 341 341 341 341 341 341 341 341 341 341 341 341 341 341 341 341 341 341 341 341 341 341 341 341 341 341 341 341 341 341 341 341 341 341 341 341 341 341 341 341 341 341 341 341 341 341 341 341 341 341 341 341 341 341 341 341 341 341 341 341 341 341 341 341 341 341 341 341 341 341 341 341 341 341 341 341 341 341 341 341 341 341 341 341 341 341 341 341 338 338 338 338 338 338 338 338 338 338 338 338 338 338 338 338 338 338 338 338 338 338 338 338 338 338 338 338 338 338 338 338 338 338 338 338 338 338 338 338 338 338 338 338 338 338 338 338 338 338 338 338 338 338 338 338 338 338 338 338 338 338 338 338 338 338 338 338 338 338 338 338 338 338 338 338 338 338 338 338 338 338 338 338 338 338 338 338 338 338 338 338 338 338 338 338 338 338 341 341 341 341 341 341 341 341 341 341 341 341 341 341 341 341 341 341 341 341 341 341 341 341 341 341 341 341 341 341 341 341 341 341 341 341 341 341 341 341 341 341 341 341 341 341 341 341 341 341 341 341 341 341 341 337 337 344 341 344 337 341 344 344 341 341 337 344 337 337 341 341 341 341 341 341 341 341 341 341 341 341 341 341 341 341 341 341 341 341 341 341 341 341 341 341 341 341 341 341 344 341 341 341 341 341 341 341 341 341 341 341 341 341 341 341 341 341 341 341 341 341 341 341 341 341 341 341 341 341 341 341 341 341 341 341 341 341 341 341 341 341 341 341 341 341 341 341 341 341 341 341 341 341 341 341 341 341 341 341 341 338 338 338 338 338 338 338 338 338 338 
# name: freq
# type: matrix
# rows: 1
# columns: 359
 50.0 50.0 50.0 50.0 50.0 50.0 50.0 50.0 50.0 50.0 50.0 50.0 50.0 50.0 50.0 50.0 50.0 50.0 50.0 50.0 50.0 50.0 50.0 50.0 50.0 50.0 50.0 50.0 50.0 50.0 50.0 50.0 50.0 50.0 50.0 50.0 50.0 50.0 50.0 50.0 50.0 50.0 50.0 50.0 50.0 50.0 50.0 50.0 50.0 50.0 50.0 50.0 50.0 50.0 50.0 50.0 50.0 50.0 50.0 50.0 50.0 50.0 50.0 50.0 50.0 50.0 50.0 50.0 50.0 50.0 50.0 50.0 50.0 50.0 50.0 50.0 50.0 50.0 50.0 50.0 50.0 50.0 50.0 50.0 50.0 50.0 50.0 50.0 50.0 50.0 50.0 50.0 50.0 50.0 50.0 50.0 50.0 50.0 50.0 50.0 50.0 50.0 50.0 50.0 50.0 50.0 50.0 50.0 50.0 50.0 50.0 50.0 50.0 50.0 50.0 50.0 50.0 50.0 50.0 50.0 50.0 50.0 50.0 50.0 50.0 50.0 50.0 50.0 50.0 50.0 50.0 50.0 50.0 50.0 50.0 50.0 50.0 50.0 50.0 50.0 50.0 50.0 50.0 50.0 50.0 50.0 50.0 50.0 50.0 50.0 50.0 50.0 50.0 50.0 50.0 50.0 50.0 50.0 50.0 50.0 50.0 50.0 50.0 50.0 50.0 50.0 50.0 50.0 50.0 50.0 50.0 50.0 50.0 50.0 50.0 50.0 50.0 50.0 50.0 50.0 50.0 50.0 50.0 50.0 50.0 50.0 50.0 50.0 50.0 50.0 50.0 50.0 50.0 50.0 50.0 50.0 50.0 50.0 50.0 50.0 50.0 50.0 50.0 50.0 50.0 50.0 50.0 50.0 50.0 50.0 50.0 50.0 50.0 50.0 50.0 50.0 50.0 50.0 50.0 50.0 50.0 50.0 50.0 50.0 50.0 50.0 50.0 50.0 50.0 50.0 50.0 50.0 50.0 50.0 50.0 50.0 50.0 50.0 50.0 50.0 50.0 50.0 50.0 50.0 50.0 50.0 50.0 50.0 50.0 50.0 50.0 50.0 50.0 50.0 50.0 50.0 50.0 50.0 50.0 50.0 50.0 50.0 50.0 50.0 50.0 50.0 50.0 50.0 50.0 50.0 50.0 50.0 50.0 50.0 50.0 50.0 50.0 50.0 50.0 50.0 50.0 50.0 50.0 50.0 50.0 50.0 50.0 50.0 50.0 50.0 50.0 50.0 50.0 50.0 50.0 50.0 50.0 50.0 50.0 50.0 50.0 50.0 50.0 50.0 50.0 50.0 50.0 50.0 50.0 50.0 50.0 50.0 50.0 50.0 50.0 50.0 50.0 50.0 50.0 50.0 50.0 50.0 50.0 50.0 50.0 50.0 50.0 50.0 50.0 50.0 50.0 50.0 50.0 50.0 50.0 50.0 50.0 50.0 50.0 50.0 50.0 50.0 50.0 50.0 50.0 50.0 50.0 50.0 50.0 50.0 50.0 50.0 50.0 50.0 50.0 50.0 50.0 50.0 50.0 
# name: reacPower
# type: matrix
# rows: 1
# columns: 359
 -5.9 -5.9 -5.9 -5.9 -5.9 -5.9 -5.9 -5.9 -5.797 -5.9 -5.797 -5.9 -5.797 -5.797 -5.9 -5.797 -5.797 -5.797 -5.797 -5.693 -5.693 -5.797 -5.693 -5.693 -5.693 -5.693 -5.693 -5.693 -5.693 -5.693 -5.59 -5.59 -5.693 -5.693 -5.59 -5.693 -5.693 -5.693 -5.693 -5.797 -5.693 -5.693 -5.797 -5.9 -5.9 -5.9 -5.797 -5.797 -5.797 -5.9 -5.9 -5.693 -5.693 -5.693 -5.797 -5.797 -5.797 -5.797 -5.693 -5.797 -5.693 -5.693 -5.797 -5.797 -5.797 -5.797 -5.797 -5.797 -5.797 -5.797 -5.9 -5.797 -5.693 -5.9 -5.9 -5.797 -5.693 -5.693 -5.693 -5.797 -5.59 -5.693 -5.693 -5.693 -5.797 -5.693 -5.797 -5.797 -5.797 -5.797 -5.072 -5.072 -5.072 -5.072 -5.176 -5.072 -5.072 -5.072 -5.072 -5.176 -5.176 -5.072 -5.072 -5.072 -5.072 -5.072 -5.072 -5.176 -5.176 -5.072 -5.176 -5.072 -5.072 -4.968 -5.072 -5.072 -5.176 -5.072 -4.968 -5.072 -4.968 -4.968 -5.072 -4.968 -4.968 -4.968 -4.865 -4.865 -5.072 -5.072 -5.072 -5.072 -5.072 -5.072 -5.072 -5.072 -5.072 -5.072 -5.176 -5.072 -5.176 -5.176 -5.176 -5.176 -5.176 -5.176 -5.176 -5.176 -5.176 -5.176 -5.072 -5.176 -5.072 -5.072 -5.072 -5.072 -5.072 -4.968 -5.072 -4.968 -4.968 -5.072 -5.072 -4.968 -4.968 -4.968 -5.072 -5.072 -5.072 -5.072 -5.176 -5.176 -5.176 -5.176 -5.176 -5.176 -5.279 -5.176 -5.176 -5.176 -5.176 -5.072 -5.072 -5.072 -5.072 -5.072 -5.072 -5.072 -5.693 -5.797 -5.693 -5.693 -5.59 -5.693 -5.693 -5.797 -5.797 -5.797 -5.9 -5.9 -6.004 -6.004 -5.9 -5.9 -5.9 -5.9 -5.9 -5.797 -5.797 -5.693 -5.797 -5.693 -5.9 -5.797 -5.797 -5.797 -5.693 -5.693 -5.797 -5.797 -5.797 -5.797 -5.797 -5.797 -5.797 -5.693 -5.693 -5.797 -5.797 -5.693 -5.797 -5.797 -5.797 -5.797 -5.797 -5.797 -5.9 -6.004 -5.9 -5.9 -5.9 -6.004 -5.9 -6.314 -6.314 -6.107 -5.9 -6.004 -6.211 -6.004 -6.107 -6.004 -6.004 -5.9 -6.418 -6.107 -6.107 -6.107 -5.9 -5.9 -5.9 -5.9 -6.004 -5.9 -6.004 -5.9 -6.004 -5.9 -6.004 -5.9 -5.797 -5.797 -5.797 -5.9 -5.9 -5.9 -5.9 -5.797 -5.797 -5.797 -5.797 -5.9 -5.9 -5.9 -5.9 -5.9 -5.9 -5.9 -6.004 -5.797 -5.9 -5.797 -5.9 -5.797 -5.9 -5.9 -5.797 -5.797 -5.693 -5.693 -5.797 -5.9 -5.693 -5.797 -5.797 -5.693 -5.59 -5.693 -5.693 -5.693 -5.693 -5.693 -5.693 -5.797 -5.797 -5.797 -5.693 -5.59 -5.693 -5.59 -5.59 -5.59 -5.797 -5.797 -5.797 -5.693 -5.797 -5.797 -5.797 -5.797 -5.797 -5.797 -5.797 -5.797 -5.797 -5.797 -5.693 -5.693 -5.797 -5.797 -5.693 -5.797 -5.797 -5.797 -5.797 -5.9 -5.9 -5.797 -5.797 -5.279 -5.176 -5.072 -5.072 -5.176 -5.176 -5.072 -5.072 -5.072 -5.176 
