# name: phAngle
# type: matrix
# rows: 1
# columns: 358
 275 275 274 274 274 275 273 347 350 349 348 348 348 348 348 348 348 348 348 348 349 349 349 349 349 349 349 349 349 349 349 349 349 349 349 349 349 349 347 346 346 346 346 346 346 346 346 346 346 346 349 346 346 349 347 346 346 346 346 346 346 349 346 346 346 346 346 346 346 346 346 346 346 346 346 346 346 346 346 346 346 346 347 346 346 346 346 346 346 346 346 346 346 346 346 346 346 346 346 346 346 346 346 346 346 346 346 346 346 346 346 346 346 346 346 346 346 346 346 346 346 346 346 346 346 346 346 346 346 346 346 346 346 346 346 346 346 346 346 347 346 346 346 346 346 346 346 346 346 346 346 346 346 346 346 346 346 346 346 346 346 346 346 346 346 346 346 346 346 346 346 346 346 346 346 347 346 346 346 346 346 346 346 346 346 346 346 346 346 346 346 346 346 346 346 346 346 346 346 346 346 346 346 346 346 346 346 346 346 346 346 348 346 346 346 346 346 346 346 346 347 346 346 347 346 346 347 347 346 346 346 346 346 346 346 346 346 347 346 346 346 346 346 346 346 346 346 346 346 346 346 346 346 346 346 346 346 346 346 346 346 345 346 346 345 345 345 345 345 345 345 345 345 345 345 345 345 345 345 345 345 345 345 345 345 345 345 345 345 345 345 345 345 345 345 345 345 344 344 345 345 344 345 344 344 344 344 344 344 344 344 344 344 344 344 344 344 344 344 344 344 344 344 344 344 346 346 345 345 346 346 345 346 345 346 346 346 345 345 345 346 345 345 345 345 345 346 346 345 346 345 345 345 345 345 345 344 344 
# name: freq
# type: matrix
# rows: 1
# columns: 358
 50.0 50.0 50.0 50.0 50.0 50.0 50.0 50.0 50.0 50.0 50.0 50.0 50.0 50.0 50.0 50.0 50.0 50.0 50.0 50.0 50.0 50.0 50.0 50.0 50.0 50.0 50.0 50.0 50.0 50.0 50.0 50.0 50.0 50.0 50.0 50.0 50.0 50.0 50.0 50.0 50.0 50.0 50.0 50.0 50.0 50.0 50.0 50.0 50.0 50.0 50.0 50.0 50.0 50.0 50.0 50.0 50.0 50.0 50.0 50.0 50.1 50.0 50.0 50.0 50.0 50.0 50.0 50.0 50.0 50.0 50.0 50.0 50.0 50.0 50.0 50.0 50.0 50.0 50.0 50.0 50.0 50.1 50.1 50.1 50.0 50.1 50.0 50.0 50.0 50.0 50.0 50.1 50.0 50.0 50.1 50.0 50.0 50.1 50.0 50.0 50.1 50.1 50.1 50.0 50.0 50.1 50.1 50.1 50.1 50.0 50.1 50.1 50.1 50.1 50.1 50.1 50.0 50.1 50.1 50.0 50.1 50.1 50.0 50.1 50.0 50.0 50.1 50.0 50.1 50.0 50.1 50.1 50.1 50.1 50.0 50.0 50.0 50.0 50.0 50.0 50.0 50.0 50.0 50.0 50.0 50.0 50.0 50.0 50.0 50.0 50.0 50.0 50.0 50.0 50.0 50.0 50.0 49.9 49.9 49.9 49.9 49.9 50.0 49.9 50.0 49.9 50.0 49.9 49.9 50.0 50.0 50.0 49.9 49.9 49.9 49.9 49.9 49.9 50.0 50.0 50.0 50.0 50.0 50.0 49.9 50.0 50.0 50.0 50.0 50.0 50.0 50.0 50.0 50.0 50.0 50.0 50.0 50.0 50.0 50.0 50.0 50.0 50.0 50.0 50.0 50.0 50.0 50.0 50.0 50.0 50.0 50.0 50.0 50.0 50.0 50.0 50.0 50.0 50.0 50.0 50.0 50.0 50.0 50.0 50.0 50.0 50.0 50.0 50.0 50.0 50.0 50.0 50.0 50.0 50.0 50.0 50.0 50.0 50.0 50.0 50.0 50.0 50.0 50.0 50.0 50.0 50.0 50.0 50.0 50.0 50.0 50.0 50.0 50.0 50.0 50.0 50.0 50.0 50.0 50.0 50.0 50.0 50.0 50.0 50.0 50.0 50.0 50.0 50.0 50.0 50.0 50.0 50.0 50.0 50.0 50.0 50.0 50.0 50.0 50.0 50.0 50.0 50.0 50.0 50.0 50.0 50.0 50.0 50.0 50.0 50.0 50.0 50.0 50.0 50.0 50.0 50.0 50.0 50.0 50.0 50.0 50.0 50.0 50.0 50.0 50.0 50.0 50.0 50.0 50.0 50.0 50.0 50.0 50.0 50.0 50.0 50.0 50.0 50.0 50.0 50.0 50.0 50.0 50.0 50.0 50.0 50.0 50.0 50.0 50.0 50.0 50.0 50.0 50.0 50.0 50.0 50.0 50.0 50.0 50.0 50.0 50.0 50.0 50.0 50.0 50.0 50.0 50.0 50.0 50.0 50.0 50.0 50.0 50.0 50.0 50.0 50.0 50.0 
# name: reacPower
# type: matrix
# rows: 1
# columns: 358
 -4.658 -4.658 -4.658 -4.658 -4.658 -4.658 -4.658 -13.871 -14.182 -14.078 -14.285 -14.285 -14.285 -14.285 -14.285 -14.285 -14.285 -14.285 -14.285 -14.285 -14.182 -14.182 -14.078 -14.182 -14.182 -14.078 -14.182 -13.975 -14.078 -14.078 -14.182 -13.975 -13.975 -14.078 -14.078 -14.078 -14.182 -14.078 -12.94 -12.422 -12.525 -12.629 -12.733 -12.318 -12.422 -12.733 -12.629 -12.422 -12.525 -12.525 -12.318 -12.525 -12.422 -12.318 -13.147 -12.422 -12.318 -12.525 -12.318 -12.525 -12.525 -12.318 -12.629 -12.525 -12.318 -12.733 -12.422 -12.525 -12.422 -12.422 -12.318 -12.422 -12.422 -12.318 -12.422 -12.525 -12.422 -12.422 -12.525 -12.422 -12.318 -12.111 -12.215 -12.111 -12.111 -12.215 -12.111 -12.215 -12.111 -12.111 -12.111 -12.111 -12.111 -12.008 -12.008 -12.008 -12.008 -12.008 -12.008 -12.008 -12.008 -12.008 -12.008 -12.111 -12.008 -12.008 -12.008 -12.008 -12.008 -12.008 -12.008 -12.008 -12.008 -12.111 -12.008 -12.008 -12.008 -12.111 -12.111 -12.008 -12.111 -12.111 -12.008 -12.008 -12.111 -12.111 -12.111 -12.008 -12.008 -12.111 -12.111 -12.111 -12.008 -12.008 -12.111 -12.111 -12.008 -12.008 -12.008 -12.111 -12.008 -12.008 -12.008 -11.904 -12.008 -12.008 -11.904 -12.008 -12.008 -12.008 -12.008 -12.008 -11.904 -11.904 -11.904 -11.904 -11.904 -11.904 -12.008 -12.008 -11.904 -11.904 -12.008 -12.008 -12.008 -12.008 -12.008 -12.008 -12.008 -12.008 -12.008 -11.904 -11.904 -11.904 -11.904 -12.111 -11.904 -11.904 -11.904 -11.904 -11.904 -11.904 -11.904 -11.904 -11.904 -11.904 -11.904 -11.904 -11.904 -11.904 -12.008 -11.904 -11.904 -11.904 -12.008 -11.904 -11.904 -11.904 -11.904 -12.008 -12.008 -11.904 -11.904 -12.008 -12.008 -12.008 -11.904 -11.904 -12.008 -12.008 -12.008 -12.215 -12.008 -12.008 -12.008 -11.904 -11.904 -12.008 -11.904 -11.904 -12.111 -12.008 -11.904 -12.215 -12.008 -12.008 -12.111 -12.111 -12.008 -11.904 -12.008 -11.904 -12.008 -12.008 -11.904 -11.904 -12.008 -12.111 -11.904 -12.008 -12.008 -11.904 -11.904 -11.904 -12.008 -11.904 -12.008 -12.008 -12.111 -12.008 -11.904 -12.008 -12.008 -12.008 -12.008 -11.904 -11.904 -11.904 -11.904 -11.904 -11.904 -11.904 -11.904 -11.904 -12.008 -11.904 -11.904 -11.904 -11.904 -12.008 -11.904 -12.008 -11.904 -11.904 -11.904 -11.904 -11.904 -11.904 -11.904 -11.904 -11.904 -12.008 -12.008 -11.904 -12.008 -12.008 -12.008 -12.008 -12.008 -12.008 -12.008 -12.008 -11.904 -12.008 -12.008 -12.008 -12.008 -11.904 -12.008 -11.904 -11.904 -11.904 -11.904 -11.904 -11.904 -11.801 -11.904 -11.904 -11.904 -11.904 -11.904 -11.904 -11.904 -11.904 -11.904 -11.904 -11.904 -11.904 -12.008 -11.904 -11.904 -11.904 -11.904 -11.904 -11.904 -12.318 -12.008 -12.008 -12.008 -12.008 -12.008 -12.008 -12.111 -12.008 -12.215 -13.043 -12.111 -12.008 -12.008 -12.008 -12.111 -12.008 -12.008 -12.008 -12.111 -12.008 -12.111 -12.008 -12.008 -12.111 -12.008 -12.008 -12.008 -12.008 -12.008 -12.111 -11.904 -11.904 
