# name: phAngle
# type: matrix
# rows: 1
# columns: 359
 271 271 271 271 271 271 271 271 271 271 271 271 271 271 272 272 272 271 271 271 271 271 271 271 271 271 271 271 271 271 271 271 271 271 272 324 331 331 336 339 340 340 340 340 340 340 340 339 340 340 340 341 342 340 340 340 340 340 339 339 338 339 338 338 338 337 337 338 337 337 339 337 337 337 337 337 336 337 336 337 336 339 336 337 338 337 335 337 337 337 335 337 335 335 336 334 334 336 336 335 335 334 334 337 335 336 337 335 336 335 335 336 337 337 335 336 335 335 336 336 336 338 336 334 335 337 333 337 337 336 333 333 336 337 333 332 335 334 334 334 335 333 335 334 335 335 330 332 332 332 332 333 331 332 331 332 331 329 331 332 331 331 332 332 332 332 332 332 332 330 332 332 332 333 333 333 332 332 331 331 331 331 331 331 331 331 331 331 331 331 331 330 331 333 332 330 331 330 330 331 330 330 330 330 330 330 330 330 330 330 330 330 332 332 330 330 330 330 330 330 330 330 330 330 330 330 330 330 330 330 330 332 332 330 329 330 330 329 329 329 329 329 329 329 329 329 329 329 329 329 333 330 327 327 327 327 327 327 327 327 327 327 327 327 327 327 327 327 327 330 330 327 329 327 327 327 327 327 326 326 326 326 326 326 326 326 326 326 330 329 330 329 326 326 326 326 326 326 326 326 326 326 326 326 326 326 326 329 329 330 329 326 326 326 326 326 326 326 326 326 326 326 326 326 326 326 326 326 329 329 326 326 324 326 326 324 324 324 326 326 324 324 324 326 324 324 324 327 329 324 324 324 324 327 328 329 326 326 324 
# name: freq
# type: matrix
# rows: 1
# columns: 359
 50.0 50.0 50.0 50.0 50.0 50.0 50.0 50.0 50.0 50.0 50.0 50.0 50.0 50.0 50.0 50.0 50.0 50.0 50.0 50.0 50.0 50.0 50.0 50.0 49.9 49.9 49.9 50.0 50.0 49.9 50.0 50.0 50.0 50.0 50.0 50.0 50.0 50.0 50.0 50.0 50.0 50.0 50.0 50.0 50.0 50.0 50.0 50.0 50.0 50.0 50.0 50.0 50.0 50.0 50.0 50.0 50.0 50.0 50.0 50.0 50.0 50.0 50.0 50.0 50.0 49.9 50.0 50.0 50.0 50.0 50.0 50.0 50.0 50.0 50.0 50.0 50.0 50.0 50.0 50.0 50.0 50.0 50.0 50.0 50.0 50.0 50.0 50.0 50.0 50.0 50.0 50.0 50.0 50.0 50.0 50.0 50.0 50.0 50.0 50.0 50.0 50.0 50.0 50.0 50.0 50.0 50.0 50.0 50.0 50.0 50.0 50.0 50.0 50.0 50.0 50.0 50.0 50.0 50.0 50.0 50.0 50.0 50.0 50.0 50.0 50.0 50.0 50.0 50.0 50.0 50.0 50.0 50.0 50.0 50.0 50.0 50.0 50.0 50.0 50.0 50.0 50.0 50.0 50.0 50.0 50.0 50.0 50.0 50.0 50.0 50.0 50.0 50.0 50.0 50.0 50.0 50.0 50.0 50.0 50.0 50.0 50.0 50.0 50.0 50.0 50.0 50.0 50.0 50.0 50.0 50.0 50.0 50.0 50.0 50.0 50.0 50.0 50.0 50.0 50.0 50.0 50.0 50.0 50.0 50.0 50.0 50.0 50.0 50.0 50.0 50.0 50.0 50.0 50.0 50.0 50.0 50.0 50.0 50.0 49.9 50.0 50.0 49.9 49.9 49.9 49.9 50.0 49.9 49.9 50.0 50.0 49.9 49.9 50.0 50.0 50.0 50.0 50.0 50.0 50.0 50.0 50.0 50.0 50.0 50.0 50.0 50.0 50.0 50.0 50.0 50.0 50.0 50.0 50.0 50.0 50.0 50.0 50.0 50.0 50.0 50.0 50.0 50.0 50.0 50.0 50.0 50.0 50.0 50.0 50.0 50.0 50.0 50.0 50.0 50.0 50.0 50.0 50.0 50.0 50.0 50.0 50.0 50.0 50.0 50.0 50.0 50.0 50.0 50.0 50.0 50.0 50.0 50.0 50.0 50.0 50.0 50.0 50.0 50.0 50.0 50.0 50.0 50.0 50.0 50.0 50.0 50.0 50.0 50.0 50.0 50.0 50.0 50.0 50.0 50.0 50.0 50.0 50.0 50.0 50.0 50.0 50.0 50.0 50.0 50.0 50.0 50.0 50.0 50.0 50.0 50.0 50.0 50.0 50.0 50.0 50.0 50.0 50.0 50.0 50.0 50.0 50.0 50.0 50.0 50.0 50.0 50.0 50.0 50.1 50.0 50.1 50.0 50.1 50.0 50.1 50.0 50.1 50.0 50.0 50.0 50.0 50.0 50.0 50.0 50.0 50.0 50.0 50.0 50.1 50.0 50.0 50.0 50.0 50.1 50.0 50.1 50.1 50.0 50.0 
# name: reacPower
# type: matrix
# rows: 1
# columns: 359
 -9.316 -9.316 -9.316 -9.316 -9.316 -9.316 -9.316 -9.316 -9.316 -9.316 -9.316 -9.316 -9.316 -9.213 -9.316 -9.316 -9.316 -9.316 -9.316 -9.316 -9.316 -9.316 -9.316 -9.316 -9.316 -9.213 -9.316 -9.316 -9.316 -9.316 -9.316 -9.316 -9.316 -9.316 -9.316 -23.913 -24.637 -24.948 -25.258 -25.88 -26.294 -26.294 -26.294 -26.294 -26.19 -26.294 -26.294 -26.19 -26.19 -26.294 -26.19 -26.397 -26.397 -26.294 -26.087 -26.19 -26.087 -25.983 -26.087 -25.569 -25.466 -25.569 -25.362 -25.466 -25.466 -25.362 -25.362 -25.569 -25.362 -25.258 -25.776 -25.466 -25.362 -25.362 -25.362 -25.258 -24.948 -25.051 -24.948 -25.155 -24.948 -25.776 -24.844 -25.155 -25.466 -25.258 -24.948 -25.362 -25.258 -25.258 -24.948 -25.362 -24.948 -24.948 -25.051 -24.844 -24.844 -25.051 -25.258 -24.948 -25.051 -24.948 -25.051 -25.258 -24.948 -24.948 -25.155 -24.844 -24.948 -24.844 -24.844 -25.051 -25.258 -25.155 -24.948 -25.051 -24.948 -25.051 -25.051 -25.155 -25.051 -25.466 -25.051 -25.051 -25.051 -25.466 -24.948 -25.051 -25.155 -25.155 -24.844 -24.948 -25.155 -25.258 -24.844 -24.948 -25.051 -25.155 -25.051 -24.741 -24.948 -24.844 -24.948 -24.741 -24.948 -25.051 -24.741 -24.637 -24.637 -24.637 -24.534 -24.637 -24.534 -24.637 -24.741 -24.844 -24.637 -24.844 -24.844 -25.051 -24.844 -24.741 -24.741 -24.637 -24.637 -24.637 -24.534 -24.534 -24.741 -24.741 -24.637 -24.637 -24.637 -24.741 -24.741 -24.43 -24.43 -24.534 -24.43 -24.016 -24.12 -24.12 -24.223 -24.43 -24.43 -24.43 -24.43 -24.43 -24.327 -24.43 -24.43 -24.223 -24.327 -24.327 -24.327 -24.223 -24.327 -24.223 -24.223 -24.223 -24.223 -24.327 -24.327 -24.327 -24.43 -24.327 -24.327 -24.327 -24.327 -24.327 -24.327 -24.327 -24.43 -24.43 -24.43 -24.223 -24.327 -24.327 -24.223 -24.12 -24.223 -24.12 -24.12 -24.327 -24.223 -24.223 -24.327 -24.327 -24.223 -24.327 -24.223 -24.534 -24.534 -24.327 -24.327 -24.327 -24.327 -24.327 -24.327 -24.327 -24.327 -24.327 -24.43 -24.327 -24.327 -24.43 -24.534 -24.327 -24.43 -24.43 -24.534 -24.327 -24.12 -24.016 -24.016 -24.016 -24.016 -24.016 -24.016 -24.016 -23.913 -24.016 -24.016 -24.016 -24.016 -23.913 -23.913 -23.913 -23.913 -24.223 -24.223 -23.913 -24.016 -24.016 -23.913 -23.913 -23.913 -23.913 -24.016 -24.016 -24.016 -24.12 -24.016 -23.913 -24.016 -23.913 -23.913 -24.12 -24.223 -24.223 -24.223 -24.223 -23.913 -23.913 -24.016 -24.12 -24.12 -24.12 -24.12 -24.12 -24.016 -24.016 -24.016 -24.016 -24.016 -24.12 -24.12 -24.43 -24.534 -24.637 -24.534 -24.12 -24.12 -24.016 -24.12 -23.602 -23.706 -23.706 -23.706 -24.016 -24.12 -24.12 -24.12 -24.12 -24.12 -24.12 -24.12 -24.12 -24.534 -24.534 -24.12 -24.223 -24.12 -24.223 -24.223 -24.016 -24.016 -24.016 -24.12 -24.223 -24.12 -24.12 -24.12 -24.12 -24.12 -24.12 -24.12 -24.43 -24.534 -24.12 -24.016 -24.12 -24.12 -24.43 -24.741 -24.637 -24.12 -24.12 -24.016 
