# name: phAngle
# type: matrix
# rows: 1
# columns: 359
 349 352 352 351 351 351 351 351 350 349 349 349 350 349 349 350 349 349 349 350 349 350 349 350 350 349 349 349 350 349 349 349 350 349 349 349 350 349 349 350 349 349 349 350 349 349 349 349 349 349 349 349 349 349 349 349 349 349 349 349 349 349 349 350 349 349 349 349 349 349 349 350 349 349 349 349 350 349 349 350 349 349 349 349 349 349 349 349 349 349 349 349 349 349 349 349 349 349 349 349 349 349 349 349 349 349 349 349 349 349 349 349 349 349 349 349 349 349 349 349 349 349 349 349 349 349 349 349 349 349 349 349 349 349 349 349 349 349 349 349 349 349 349 349 349 349 350 349 349 349 349 349 349 349 349 349 349 349 349 349 349 349 349 349 349 349 349 349 349 349 349 349 349 349 349 349 349 349 349 349 349 349 349 349 349 349 349 349 349 349 349 349 349 349 349 349 349 349 348 348 349 348 348 348 349 348 348 348 348 346 347 346 346 346 346 346 346 346 346 346 346 346 346 346 346 346 346 346 346 346 345 346 346 346 345 346 346 346 346 346 346 346 346 346 346 346 346 346 346 346 347 348 348 348 348 348 348 348 348 348 348 348 348 348 348 348 348 348 348 348 347 348 348 348 347 348 348 348 348 348 348 347 348 348 348 347 347 347 348 347 347 347 348 347 347 347 347 347 347 347 347 347 347 347 347 347 347 347 347 347 347 347 347 347 347 347 347 347 347 347 347 347 347 347 347 347 347 347 347 347 347 347 347 347 347 347 347 347 347 347 347 347 347 347 347 347 347 347 347 347 347 347 347 347 347 347 347 346 347 
# name: freq
# type: matrix
# rows: 1
# columns: 359
 50.0 50.0 50.0 50.0 50.0 50.0 50.0 50.0 50.0 50.0 50.0 50.0 50.0 50.0 50.0 50.0 50.0 50.0 50.0 50.0 50.0 50.0 50.0 50.0 50.0 50.0 50.0 50.0 50.0 50.0 50.0 50.0 49.9 50.0 50.0 50.0 50.0 50.0 50.0 50.0 49.9 50.0 50.0 50.0 50.0 49.9 50.0 50.0 50.0 50.0 50.0 49.9 50.0 49.9 50.0 50.0 50.0 50.0 50.0 50.0 50.0 50.0 50.0 50.0 50.0 50.0 50.0 50.0 50.0 50.0 50.0 50.0 50.0 50.0 50.0 50.0 50.0 50.0 50.0 50.0 50.0 50.0 50.0 50.0 50.0 50.0 50.0 50.0 50.0 50.0 50.0 50.0 50.0 50.0 50.0 50.0 50.0 50.0 50.0 50.0 50.0 50.0 50.0 50.0 50.0 50.0 50.0 50.0 50.0 50.0 50.0 50.0 50.0 50.0 50.0 50.0 50.0 50.0 50.0 50.0 50.0 50.0 50.0 50.0 50.0 50.0 50.0 50.0 50.0 50.0 50.0 50.0 50.0 50.0 50.0 50.0 50.0 50.0 50.0 50.0 50.0 50.0 50.0 50.0 50.0 50.0 50.0 50.0 50.0 50.0 50.0 50.0 50.0 50.0 50.0 50.0 50.0 50.0 50.0 50.0 50.0 50.0 50.0 50.0 50.0 50.0 50.0 50.0 50.0 50.0 50.0 50.0 50.0 50.0 50.0 50.0 50.0 50.0 50.0 50.0 50.0 50.0 50.0 50.0 50.0 50.0 50.0 50.0 50.0 50.0 50.0 50.0 50.0 50.0 50.0 50.0 50.0 50.0 50.0 50.0 50.0 50.0 50.0 50.0 50.0 50.0 50.0 50.0 50.0 50.0 50.0 50.0 50.0 50.0 50.0 50.0 50.0 50.0 50.0 50.0 50.0 50.0 50.0 50.0 50.0 50.0 50.0 50.0 50.0 50.0 50.0 50.0 50.0 50.0 50.0 50.0 50.0 50.0 50.0 50.0 50.0 50.0 50.0 50.0 50.0 50.0 50.0 50.0 50.0 50.0 50.0 50.0 50.0 50.0 50.0 50.0 50.0 50.0 50.0 50.0 50.0 50.0 50.0 50.0 50.0 50.0 50.0 50.0 50.0 50.0 50.0 50.0 50.0 50.0 50.0 50.0 50.0 50.0 50.0 50.0 50.0 50.0 50.0 50.0 50.0 50.0 50.0 50.0 50.0 50.0 50.0 50.0 50.0 50.0 50.0 50.0 50.0 50.0 50.0 50.0 50.0 50.0 50.0 50.0 50.0 50.0 50.0 50.0 50.0 50.0 50.0 50.0 50.0 50.0 50.0 50.0 50.0 50.0 50.0 50.0 50.0 50.0 50.0 50.0 50.0 50.0 50.0 50.0 50.0 50.0 50.0 50.0 50.0 50.0 50.0 50.0 50.0 50.0 50.0 50.0 50.0 50.0 50.0 50.0 50.0 50.0 50.0 50.0 50.0 50.0 50.0 50.0 50.0 50.0 50.0 50.0 50.0 50.0 50.0 
# name: reacPower
# type: matrix
# rows: 1
# columns: 359
 -13.561 -14.182 -14.389 -13.768 -13.768 -13.664 -13.561 -13.871 -13.768 -13.871 -12.94 -13.871 -13.043 -13.664 -13.354 -13.354 -13.561 -13.664 -13.457 -13.457 -13.457 -13.561 -13.457 -13.25 -13.664 -13.664 -13.561 -13.664 -13.561 -13.354 -13.043 -13.561 -13.664 -13.561 -12.836 -13.561 -13.561 -13.457 -13.561 -13.561 -13.457 -13.457 -13.664 -13.457 -13.664 -13.25 -13.561 -13.561 -13.561 -13.457 -13.664 -13.561 -13.354 -13.768 -13.561 -13.457 -13.768 -13.043 -13.561 -13.561 -13.561 -13.664 -13.457 -13.561 -13.354 -13.561 -13.457 -12.94 -13.561 -13.354 -13.561 -13.457 -13.457 -13.561 -13.25 -13.354 -13.354 -13.457 -13.561 -13.871 -13.871 -13.25 -13.664 -13.147 -13.561 -13.561 -13.457 -13.871 -13.664 -13.664 -13.457 -13.871 -13.457 -13.561 -13.664 -13.664 -13.768 -13.25 -13.871 -13.768 -13.768 -13.664 -13.457 -13.768 -13.768 -13.25 -13.768 -13.768 -13.561 -13.561 -13.457 -13.975 -13.768 -13.147 -13.147 -13.354 -13.457 -13.664 -13.664 -13.975 -13.664 -13.457 -13.664 -13.768 -13.457 -13.561 -13.561 -13.664 -13.664 -13.457 -13.457 -13.561 -13.147 -13.354 -13.25 -13.768 -13.457 -13.25 -13.664 -13.768 -13.664 -13.561 -13.457 -13.354 -13.664 -13.561 -13.561 -13.457 -13.147 -13.457 -13.457 -13.768 -13.664 -13.561 -13.354 -13.664 -13.457 -13.768 -13.561 -13.25 -13.561 -13.561 -13.457 -13.768 -13.147 -13.561 -13.354 -13.147 -13.561 -13.457 -13.664 -13.561 -13.354 -13.354 -13.457 -13.561 -13.25 -13.147 -12.94 -13.768 -13.975 -13.664 -13.561 -13.768 -13.664 -13.768 -13.768 -13.561 -13.975 -13.561 -13.975 -13.975 -13.561 -13.768 -13.768 -13.871 -13.664 -13.354 -13.25 -13.25 -13.354 -13.354 -12.94 -13.25 -13.147 -13.25 -12.836 -13.25 -13.25 -11.801 -12.008 -11.801 -11.801 -11.801 -11.801 -11.801 -11.801 -11.801 -11.904 -11.801 -11.801 -11.801 -11.801 -11.801 -11.904 -11.801 -11.801 -11.801 -11.801 -11.801 -11.801 -11.801 -11.801 -11.801 -11.801 -11.801 -11.801 -11.801 -11.801 -11.904 -11.801 -11.904 -11.801 -11.904 -11.904 -11.801 -11.801 -11.801 -11.801 -11.904 -12.836 -13.147 -12.94 -12.94 -13.25 -13.147 -13.25 -13.147 -13.043 -12.94 -13.561 -13.25 -13.457 -13.043 -13.25 -12.94 -12.94 -13.147 -13.147 -13.147 -13.043 -13.043 -13.147 -12.94 -13.147 -13.043 -13.043 -13.043 -13.147 -13.147 -13.043 -12.94 -13.043 -12.94 -13.147 -12.733 -12.733 -12.94 -13.147 -12.836 -13.043 -12.94 -13.043 -12.525 -12.836 -12.94 -12.94 -12.94 -12.629 -13.043 -13.043 -12.733 -12.733 -12.94 -13.043 -12.733 -12.94 -12.733 -12.94 -12.94 -12.836 -12.836 -12.836 -12.733 -12.94 -12.836 -13.043 -12.629 -13.043 -12.836 -13.043 -12.629 -12.836 -12.94 -12.836 -12.836 -12.836 -12.733 -12.94 -12.836 -12.836 -12.733 -12.94 -12.94 -13.147 -12.94 -12.94 -12.94 -12.629 -12.629 -12.836 -12.629 -12.94 -12.733 -13.043 -12.836 -12.836 -12.836 -12.836 -12.94 -12.94 -12.733 -12.836 -12.629 -12.733 -13.043 -12.733 -12.629 -12.733 
