# name: phAngle
# type: matrix
# rows: 1
# columns: 359
 334 335 334 334 334 333 333 333 333 334 334 333 335 336 334 334 333 333 334 333 333 333 333 333 332 333 333 335 332 332 332 335 335 332 332 332 332 332 332 332 332 332 332 332 332 332 332 332 332 332 334 334 331 331 332 331 332 331 333 331 331 331 331 332 331 332 331 331 332 334 332 331 331 331 331 331 331 332 331 330 331 331 330 330 331 334 331 333 334 331 332 330 331 334 332 331 332 330 335 335 334 334 334 335 337 335 334 334 334 334 334 334 334 334 331 330 332 330 330 331 330 332 333 330 330 332 330 330 330 329 331 330 330 330 330 331 329 329 329 330 332 330 329 331 330 329 329 329 329 329 331 330 331 330 331 331 331 331 330 332 331 331 330 330 330 329 330 330 330 330 330 329 329 330 328 330 330 331 330 328 328 330 328 330 328 330 329 329 330 330 330 330 330 330 330 332 333 330 330 331 332 330 330 331 330 333 330 331 329 330 334 332 330 330 331 330 330 330 329 329 329 329 330 329 330 329 329 330 330 329 330 329 330 330 330 329 329 329 331 329 329 330 328 329 329 329 326 326 328 328 329 329 329 326 329 326 326 326 326 329 329 329 329 329 329 329 329 325 326 329 329 329 335 329 330 330 329 330 330 330 336 330 329 330 330 330 330 330 332 331 330 330 330 330 330 330 330 330 330 330 330 330 330 330 330 330 331 332 330 330 330 330 330 330 330 329 330 329 330 330 330 330 329 330 330 332 330 330 330 330 330 331 331 331 330 330 331 331 331 331 330 330 330 331 332 332 330 330 331 331 330 330 331 331 331 331 332 331 331 
# name: freq
# type: matrix
# rows: 1
# columns: 359
 50.0 50.0 50.0 50.0 50.0 50.0 50.0 50.0 50.0 50.0 50.0 50.0 50.0 50.0 50.0 50.0 50.0 50.0 50.0 50.0 50.0 50.0 50.0 50.0 50.0 50.0 50.0 50.0 50.0 50.0 50.0 50.0 50.0 50.0 50.0 50.0 50.0 50.0 50.0 50.0 50.0 50.0 50.0 50.0 50.0 50.0 50.0 50.0 50.0 49.9 50.0 50.0 50.0 50.0 50.0 50.0 50.0 50.0 49.9 50.0 50.0 50.0 49.9 50.0 50.0 50.0 50.0 49.9 50.0 50.0 50.0 50.0 50.0 50.0 50.0 50.0 50.0 50.0 50.0 50.0 50.0 49.9 50.0 50.0 49.9 50.0 50.0 50.0 50.0 50.0 50.0 50.0 50.0 50.0 50.0 50.0 50.0 50.0 50.0 50.0 50.0 50.0 50.0 50.0 50.0 50.0 50.0 50.0 50.0 50.0 50.0 50.0 50.0 50.0 50.0 50.0 50.0 50.0 50.0 50.0 50.0 50.0 50.0 50.0 50.0 50.0 50.0 50.0 50.0 50.0 50.0 50.0 50.0 49.9 50.0 50.0 50.0 50.0 50.0 50.0 50.0 50.0 50.0 50.0 49.9 50.0 50.0 50.0 50.0 50.0 49.9 50.0 50.0 50.0 50.0 50.0 50.0 50.0 50.0 50.0 50.0 50.0 49.9 49.9 50.0 50.0 50.0 49.9 49.9 49.9 50.0 50.0 49.9 49.9 49.9 49.9 50.0 50.0 50.0 49.9 49.9 49.9 49.9 49.9 50.0 50.0 49.9 49.9 49.9 49.9 49.9 50.0 49.9 49.9 49.9 49.9 50.0 49.9 49.9 50.0 49.9 49.9 49.9 49.9 49.9 50.0 50.0 49.9 49.9 49.9 50.0 50.0 50.0 50.0 50.0 50.0 49.9 50.0 49.9 50.0 50.0 50.0 49.9 50.0 50.0 49.9 50.0 50.0 50.0 49.9 50.0 50.0 50.0 50.0 50.0 50.0 50.0 50.0 49.9 50.0 50.0 50.0 50.0 50.0 50.0 50.0 50.0 50.0 50.0 50.0 50.0 50.0 50.0 50.0 50.0 50.0 50.0 50.0 50.0 50.0 50.0 50.0 50.0 50.0 50.0 50.0 50.0 50.0 50.0 50.0 50.0 50.0 50.0 50.0 50.0 50.0 50.0 50.0 50.0 50.0 50.0 50.0 50.0 50.0 50.0 50.0 50.0 50.0 50.0 50.0 50.0 50.0 50.0 50.0 50.0 50.0 50.0 50.0 50.0 50.0 50.0 50.0 50.0 50.0 50.0 50.0 50.0 50.0 50.0 50.0 50.0 50.0 50.0 50.0 50.0 50.0 50.0 50.0 50.0 50.0 50.0 50.0 50.0 50.0 50.0 50.0 50.0 50.0 50.0 50.0 50.0 50.0 50.0 50.0 50.0 50.0 50.0 50.0 50.0 50.0 50.0 50.0 50.0 50.0 50.0 50.0 50.0 50.0 50.0 50.0 50.0 50.0 50.0 50.0 50.0 50.0 50.0 50.0 50.0 
# name: reacPower
# type: matrix
# rows: 1
# columns: 359
 -24.948 -25.155 -25.155 -25.155 -25.155 -25.051 -25.051 -25.051 -24.844 -24.948 -24.844 -24.948 -25.051 -25.258 -25.051 -25.155 -25.155 -25.051 -25.051 -25.155 -25.051 -25.051 -25.155 -25.155 -25.155 -25.155 -25.155 -25.258 -24.844 -24.948 -24.844 -25.051 -25.155 -24.844 -25.051 -24.844 -24.948 -24.948 -25.051 -24.948 -25.051 -25.051 -25.051 -25.051 -25.155 -25.155 -25.155 -24.948 -25.051 -25.051 -25.258 -25.258 -24.948 -24.948 -25.051 -25.051 -24.948 -24.948 -25.051 -25.051 -24.948 -24.948 -24.844 -25.051 -24.948 -25.051 -24.948 -24.948 -24.948 -25.051 -24.948 -24.948 -24.948 -24.948 -24.844 -24.844 -24.741 -24.948 -24.844 -24.844 -24.844 -24.741 -24.741 -24.741 -24.741 -24.948 -24.741 -25.051 -25.155 -24.844 -24.844 -24.741 -24.844 -25.155 -24.741 -24.844 -24.844 -24.844 -25.051 -24.844 -25.051 -25.051 -25.051 -25.051 -25.258 -25.051 -24.948 -24.948 -24.948 -24.948 -24.948 -24.948 -24.948 -24.844 -24.844 -24.741 -24.741 -24.741 -24.741 -24.948 -24.741 -24.948 -24.948 -24.741 -24.844 -24.948 -24.741 -24.741 -24.844 -24.741 -24.741 -24.741 -24.741 -24.741 -24.741 -24.844 -24.741 -24.844 -24.844 -24.844 -24.948 -24.844 -24.741 -24.741 -24.844 -24.741 -24.741 -24.741 -24.741 -24.741 -24.637 -24.741 -24.741 -24.844 -24.844 -24.637 -24.637 -24.637 -24.844 -24.844 -24.637 -24.637 -24.637 -24.637 -24.637 -24.741 -24.637 -24.637 -24.741 -24.741 -24.637 -24.741 -24.844 -24.741 -24.741 -24.741 -24.741 -24.948 -24.844 -24.741 -24.741 -24.741 -24.741 -24.637 -24.741 -24.741 -24.741 -24.741 -24.741 -24.637 -24.637 -24.534 -24.637 -24.637 -24.534 -24.741 -24.741 -24.534 -24.741 -24.637 -24.741 -24.534 -24.43 -24.637 -24.43 -24.844 -24.43 -24.43 -24.327 -24.534 -24.948 -24.844 -24.534 -24.637 -24.637 -24.534 -24.637 -24.534 -24.637 -24.534 -24.43 -24.534 -24.637 -24.534 -24.637 -24.534 -24.534 -24.637 -24.741 -24.637 -24.637 -24.741 -24.844 -24.844 -24.844 -24.637 -24.637 -24.534 -24.844 -24.534 -24.534 -24.637 -24.844 -24.637 -24.741 -24.637 -24.741 -24.741 -24.741 -24.948 -24.948 -25.051 -24.948 -24.844 -24.741 -24.844 -24.741 -24.741 -24.741 -24.741 -24.637 -24.741 -24.741 -24.741 -24.741 -24.741 -24.637 -24.741 -24.741 -24.741 -24.948 -25.051 -25.569 -25.155 -25.155 -25.258 -25.155 -25.258 -25.258 -25.258 -25.673 -25.155 -25.155 -25.258 -25.258 -25.258 -25.155 -25.155 -25.362 -25.258 -25.155 -25.155 -25.155 -25.051 -25.155 -25.155 -25.051 -25.155 -25.155 -25.155 -25.155 -25.155 -25.155 -25.155 -25.155 -25.258 -25.051 -25.258 -25.155 -25.258 -25.362 -25.258 -25.155 -25.155 -25.155 -25.051 -25.155 -25.155 -25.155 -25.051 -25.155 -25.155 -25.258 -25.258 -25.362 -25.466 -25.258 -25.155 -25.258 -25.362 -25.362 -25.362 -25.466 -25.362 -25.258 -25.362 -25.258 -25.362 -25.362 -25.362 -25.362 -25.258 -25.362 -25.362 -25.362 -25.362 -25.258 -25.258 -25.362 -25.466 -25.362 -25.362 -25.569 -25.673 -25.569 -25.258 -25.155 -25.155 -25.155 
