# name: phAngle
# type: matrix
# rows: 1
# columns: 360
 345 345 345 350 344 345 348 345 346 345 344 346 344 345 344 344 345 344 345 344 344 345 345 345 345 349 346 347 345 344 344 345 345 346 345 345 345 345 346 345 345 344 345 345 344 345 344 345 344 345 344 346 345 345 345 344 345 344 345 344 344 344 344 344 344 343 344 344 344 344 344 344 343 344 343 344 344 344 343 343 344 343 344 344 344 344 343 344 343 341 343 345 344 344 344 340 345 348 278 278 278 278 278 278 278 278 278 278 278 278 278 278 278 278 278 278 278 278 278 278 278 278 278 278 278 278 278 278 278 348 343 342 342 342 343 344 343 342 342 342 342 343 346 341 341 342 342 343 342 342 342 341 342 343 341 346 342 342 341 344 343 342 342 342 342 343 342 342 346 342 342 343 342 343 342 342 341 343 341 343 342 347 341 342 343 343 342 342 346 342 341 342 341 342 342 342 341 342 341 342 342 347 341 341 342 342 342 343 342 342 342 342 342 342 346 342 342 343 343 342 341 341 341 342 342 341 342 346 341 341 341 342 343 342 342 341 342 342 341 342 347 343 343 343 343 343 343 346 343 343 342 342 342 342 342 341 341 341 342 347 348 345 343 344 344 344 344 343 348 345 344 344 344 347 344 345 345 344 345 344 345 344 344 344 344 344 347 344 344 344 344 344 345 344 345 344 344 344 344 347 344 345 344 344 344 344 346 344 344 344 344 344 345 344 344 347 345 345 345 347 343 345 345 342 342 342 342 342 342 342 342 342 342 346 341 343 343 346 342 342 341 341 342 341 342 342 346 342 341 342 343 342 342 341 342 342 342 342 342 346 
# name: freq
# type: matrix
# rows: 1
# columns: 360
 50.0 50.0 50.0 50.0 50.0 50.0 50.0 50.0 50.0 50.0 50.0 50.0 50.0 50.0 50.0 50.0 50.0 50.0 50.0 50.0 50.0 50.0 50.0 50.0 50.0 50.0 50.0 50.0 50.0 50.0 50.0 50.0 50.0 50.0 50.0 50.0 50.0 50.0 50.0 50.0 50.0 50.0 50.0 50.0 50.0 50.0 50.0 50.0 50.0 50.0 50.0 50.0 50.0 50.0 50.0 50.0 50.0 50.0 50.0 50.0 50.0 50.0 50.0 50.0 50.0 50.0 50.0 50.0 50.0 50.0 50.0 50.0 50.0 50.0 50.0 50.0 50.0 50.0 50.0 50.0 50.0 50.0 50.0 50.0 50.0 50.0 50.0 50.0 50.0 50.0 50.0 50.0 50.0 50.0 50.0 50.0 50.0 50.0 50.0 50.0 50.0 50.0 50.0 50.0 50.0 50.0 50.0 50.0 50.0 50.0 50.0 50.0 50.0 50.0 50.0 50.0 50.0 50.0 50.0 50.0 50.0 50.0 50.0 50.0 50.0 50.0 50.0 50.0 50.0 50.0 50.0 50.0 50.0 50.0 50.0 50.0 50.0 50.0 50.0 50.0 50.0 50.0 50.0 50.0 50.0 50.0 50.0 50.0 50.0 50.0 50.0 50.0 50.0 50.0 50.0 50.0 50.0 50.0 50.0 50.0 50.0 50.0 50.0 50.0 50.0 50.0 50.0 50.0 50.0 50.0 50.0 50.0 50.0 50.0 50.0 50.0 50.0 50.0 50.0 50.0 50.0 50.0 50.0 50.0 50.0 50.0 50.0 50.0 50.0 50.0 50.0 50.0 50.0 50.0 50.0 50.0 50.0 50.0 50.0 50.0 50.0 50.0 50.0 50.0 50.0 50.0 50.0 50.0 50.0 50.0 50.0 50.0 50.0 50.0 50.0 50.0 50.0 50.0 50.0 50.0 50.0 50.0 50.0 50.0 50.0 50.0 50.0 50.0 50.0 50.0 50.0 50.0 50.0 50.0 50.0 50.0 50.0 50.0 50.0 50.0 50.0 50.0 50.0 50.0 50.0 50.0 50.0 50.0 50.0 50.0 50.0 50.0 50.0 50.0 50.0 50.0 50.0 50.0 50.0 50.0 50.0 50.0 50.0 50.0 50.0 50.0 50.0 50.0 50.0 50.0 50.0 50.0 50.0 50.0 50.0 50.0 50.0 50.0 50.0 50.0 50.0 50.0 50.0 50.0 50.0 50.0 50.0 50.0 50.0 50.0 50.0 50.0 50.0 50.0 50.0 50.0 50.0 50.0 50.0 50.0 50.0 50.0 50.0 50.0 50.0 50.0 50.0 50.0 50.0 50.0 50.0 50.0 50.0 50.0 50.0 50.0 50.0 50.0 50.0 50.0 50.0 50.0 50.0 50.0 50.0 50.0 50.0 50.0 50.0 50.0 50.0 50.0 50.0 50.0 50.0 50.0 50.0 50.0 50.0 50.0 50.0 50.0 50.0 50.0 50.0 50.0 50.0 50.0 50.0 50.0 50.0 50.0 50.0 50.0 50.0 50.0 50.0 50.0 50.0 50.0 
# name: reacPower
# type: matrix
# rows: 1
# columns: 360
 -21.232 -21.128 -21.128 -22.897 -21.128 -21.232 -21.44 -21.232 -21.232 -21.232 -21.232 -21.44 -21.128 -21.232 -21.336 -21.232 -21.232 -21.128 -21.232 -21.232 -21.128 -21.128 -21.128 -21.128 -21.232 -22.481 -21.336 -21.856 -21.336 -21.336 -21.232 -21.336 -21.232 -21.128 -21.232 -21.232 -21.232 -21.128 -21.336 -21.232 -21.336 -21.44 -21.44 -21.44 -21.544 -21.336 -21.544 -21.44 -21.336 -21.44 -21.44 -21.544 -21.336 -21.336 -21.44 -21.336 -21.44 -21.44 -21.544 -21.544 -21.336 -21.44 -21.44 -21.44 -21.336 -21.232 -21.232 -21.336 -21.336 -21.336 -21.336 -21.44 -21.44 -21.544 -21.44 -21.544 -21.44 -21.648 -21.648 -21.648 -21.648 -21.44 -21.44 -21.544 -21.648 -21.544 -21.752 -21.648 -21.752 -21.752 -21.752 -21.752 -21.648 -21.648 -21.648 -22.585 -22.064 -25.603 -17.381 -15.195 -15.195 -15.299 -15.299 -15.299 -15.299 -15.299 -15.195 -15.299 -15.299 -15.195 -15.195 -15.195 -15.299 -15.195 -15.195 -15.299 -15.299 -15.299 -15.299 -15.403 -15.403 -15.403 -15.403 -15.403 -15.403 -15.507 -15.403 -15.507 -15.507 -23.001 -22.168 -22.064 -21.96 -21.96 -22.168 -22.064 -21.856 -21.856 -21.856 -21.96 -21.856 -22.064 -22.273 -21.96 -21.96 -21.96 -22.064 -21.96 -22.064 -21.96 -21.96 -21.96 -21.96 -21.96 -22.064 -22.585 -22.064 -22.168 -22.064 -22.064 -22.168 -22.064 -22.064 -22.064 -21.96 -22.064 -22.064 -22.168 -22.689 -22.273 -22.168 -22.168 -22.273 -22.064 -22.064 -22.168 -22.168 -22.168 -22.168 -22.168 -22.168 -22.689 -22.064 -22.377 -22.273 -22.377 -22.273 -22.168 -22.585 -22.273 -22.168 -22.273 -22.168 -22.168 -22.273 -22.273 -22.377 -22.377 -22.377 -22.481 -22.481 -23.001 -22.273 -22.377 -22.377 -22.273 -22.273 -22.273 -22.273 -22.273 -22.377 -22.481 -22.481 -22.481 -23.001 -22.481 -22.377 -22.377 -22.273 -22.481 -22.377 -22.377 -22.481 -22.481 -22.377 -22.377 -22.481 -23.105 -22.585 -22.481 -22.481 -22.377 -22.377 -22.377 -22.273 -22.481 -22.377 -22.377 -22.481 -22.481 -23.105 -22.481 -22.377 -22.585 -22.377 -22.481 -22.377 -22.689 -22.377 -22.481 -22.481 -22.585 -22.585 -22.585 -22.585 -22.585 -22.585 -22.481 -22.377 -22.897 -23.626 -22.481 -22.377 -22.481 -22.481 -22.377 -22.585 -22.689 -23.313 -22.689 -22.585 -22.585 -22.585 -23.105 -22.481 -22.377 -22.377 -22.273 -22.273 -22.481 -22.377 -22.481 -22.377 -22.481 -22.585 -22.585 -23.209 -22.481 -22.481 -22.481 -22.273 -22.481 -22.481 -22.377 -22.481 -22.481 -22.585 -22.377 -22.585 -23.209 -22.481 -22.585 -22.481 -22.377 -22.481 -22.481 -22.793 -22.481 -22.481 -22.377 -22.585 -22.481 -22.585 -22.585 -22.585 -23.105 -22.585 -22.585 -22.689 -23.209 -22.585 -22.585 -22.689 -22.481 -22.481 -22.377 -22.585 -22.585 -22.481 -22.481 -22.585 -22.585 -22.481 -22.897 -22.481 -22.481 -22.585 -22.689 -22.481 -22.793 -22.689 -22.793 -22.793 -22.689 -22.689 -22.793 -23.209 -22.585 -22.689 -22.585 -22.585 -22.689 -22.689 -22.689 -22.585 -22.481 -22.377 -22.377 -22.377 -22.793 
