# name: phAngle
# type: matrix
# rows: 1
# columns: 337
 279 279 279 279 279 279 279 279 279 279 279 279 279 279 279 279 279 279 279 279 279 279 279 279 279 279 279 279 279 279 279 279 279 279 279 279 279 279 279 279 279 279 279 279 279 279 279 279 279 279 279 279 279 279 279 279 279 279 279 279 279 279 279 279 279 279 279 279 279 279 279 279 279 279 279 279 279 279 279 279 279 279 279 279 279 279 279 279 279 279 279 279 279 279 279 279 279 279 279 279 279 279 279 279 279 279 279 279 279 279 279 279 279 279 279 279 279 279 279 279 279 279 353 278 279 297 279 279 279 0 0 71 0 0 332 337 337 335 341 341 338 337 337 338 339 338 338 338 338 338 338 338 338 338 338 338 338 338 339 338 338 338 338 338 338 338 338 338 338 338 338 338 338 338 338 338 338 338 338 338 338 338 338 338 338 338 338 338 338 338 338 338 338 338 338 338 337 337 337 338 338 338 338 337 338 337 338 338 338 338 338 337 340 338 338 338 338 338 338 338 338 338 339 338 338 338 338 338 338 338 339 338 338 338 338 338 339 338 338 339 338 338 340 340 338 338 338 338 338 338 338 338 338 338 338 337 338 338 338 338 338 338 338 338 338 338 338 338 338 338 338 338 341 338 338 338 338 338 338 338 338 338 338 338 341 339 338 338 338 338 338 338 338 338 338 338 338 338 338 338 338 338 338 338 338 338 338 338 338 338 338 338 338 338 341 341 339 339 339 339 339 339 339 339 339 339 339 339 339 339 339 339 339 339 338 339 339 
# name: freq
# type: matrix
# rows: 1
# columns: 337
 50.0 50.0 50.0 50.0 50.0 50.0 50.0 50.0 50.0 50.0 50.0 50.0 50.0 50.0 50.0 50.0 50.0 50.0 50.0 50.0 50.0 50.0 50.0 50.0 50.0 50.0 50.0 50.0 50.0 50.1 50.1 50.1 50.1 50.1 50.1 50.1 50.1 50.1 50.1 50.1 50.1 50.1 50.1 50.1 50.1 50.1 50.1 50.1 50.1 50.1 50.1 50.1 50.1 50.1 50.1 50.1 50.1 50.1 50.1 50.1 50.1 50.1 50.1 50.1 50.1 50.1 50.1 50.1 50.1 50.1 50.1 50.1 50.1 50.1 50.1 50.1 50.1 50.1 50.0 50.1 50.1 50.1 50.0 50.1 50.1 50.1 50.1 50.0 50.1 50.1 50.1 50.1 50.1 50.1 50.1 50.0 50.1 50.1 50.1 50.1 50.1 50.0 50.0 50.0 50.0 50.0 50.0 50.0 50.0 50.0 50.0 50.0 50.0 50.0 50.0 50.0 50.0 50.0 50.0 50.0 50.0 50.0 50.0 50.0 50.0 50.0 50.0 50.0 50.0 50.0 50.0 50.0 50.0 50.0 50.0 50.0 50.0 50.0 50.0 50.0 50.0 50.0 50.0 50.0 50.0 50.0 50.0 50.0 50.0 50.0 50.0 50.0 50.0 50.0 50.0 50.0 50.0 50.0 50.0 50.0 50.0 50.0 50.0 50.0 50.0 50.0 50.0 50.0 50.0 50.0 50.0 50.0 50.0 50.0 50.0 50.0 50.0 50.0 50.0 50.0 50.0 50.0 50.0 50.0 50.0 50.0 50.0 50.0 50.0 50.0 50.0 50.0 50.0 50.0 50.0 50.0 50.0 50.0 50.0 50.0 50.0 50.0 50.0 50.0 50.0 50.0 50.0 50.0 50.0 50.0 50.0 50.0 50.0 50.0 50.0 50.0 50.0 50.0 50.0 50.0 50.0 50.0 50.0 50.0 50.0 50.0 50.0 50.0 50.0 50.0 50.0 50.0 50.0 50.0 50.0 50.0 50.0 50.0 50.0 50.0 50.0 50.0 50.0 50.0 50.0 50.0 50.0 50.0 50.0 50.0 50.0 50.0 50.0 50.0 50.0 50.0 50.0 50.0 50.0 50.0 50.0 50.0 50.0 50.0 50.0 50.0 50.0 50.0 50.0 50.0 50.0 50.0 50.0 50.0 50.0 50.0 50.0 50.0 50.0 50.0 50.0 50.0 50.0 50.0 49.9 50.0 50.0 50.0 50.0 50.0 50.0 50.0 50.0 50.0 50.0 50.0 50.0 50.0 50.0 50.0 50.0 50.0 50.0 50.0 50.0 50.0 50.0 50.0 50.0 50.0 50.0 50.0 50.0 50.0 50.0 50.0 50.0 50.0 50.0 50.0 50.0 50.0 50.0 50.0 50.0 49.9 50.0 50.0 50.0 50.0 49.9 50.0 50.0 50.0 50.0 50.0 50.0 
# name: reacPower
# type: matrix
# rows: 1
# columns: 337
 -8.281 -8.281 -8.281 -8.281 -8.178 -8.281 -8.178 -8.178 -8.178 -8.178 -8.281 -8.281 -8.281 -8.281 -8.281 -8.281 -8.281 -8.178 -8.281 -8.281 -8.281 -8.178 -8.178 -8.281 -8.281 -8.178 -8.281 -8.281 -8.281 -8.281 -8.281 -8.281 -8.281 -8.281 -8.281 -8.281 -8.281 -8.281 -8.281 -8.281 -8.281 -8.281 -8.281 -8.281 -8.281 -8.281 -8.281 -8.281 -8.281 -8.178 -8.178 -8.178 -8.178 -8.178 -8.178 -8.178 -8.178 -8.178 -8.281 -8.178 -8.281 -8.281 -8.281 -8.178 -8.281 -8.178 -8.178 -8.178 -8.281 -8.281 -8.178 -8.178 -8.178 -8.281 -8.178 -8.178 -8.178 -8.178 -8.178 -8.178 -8.178 -8.178 -8.178 -8.178 -8.178 -8.178 -8.178 -8.178 -8.178 -8.281 -8.281 -8.178 -8.281 -8.281 -8.178 -8.281 -8.178 -8.178 -8.281 -8.281 -8.178 -8.178 -8.281 -8.178 -8.178 -8.178 -8.178 -8.178 -8.178 -8.178 -8.178 -8.281 -8.178 -8.178 -8.178 -8.178 -8.178 -8.178 -8.178 -8.178 -8.178 -8.178 -9.627 -9.523 -7.867 -4.14 -7.867 -7.867 -7.867 0.0 0.0 6.832 -1.449 -1.345 -64.079 -73.085 -71.429 -62.94 -81.47 -80.952 -75.052 -72.464 -68.737 -74.638 -74.224 -74.327 -74.534 -74.431 -74.431 -74.017 -74.431 -74.638 -74.948 -74.431 -74.534 -74.327 -74.638 -74.845 -75.88 -75.052 -75.052 -75.052 -74.741 -75.983 -74.948 -75.673 -74.638 -75.362 -75.362 -75.362 -74.534 -75.052 -75.362 -75.362 -75.052 -75.259 -75.155 -75.259 -75.052 -75.673 -76.294 -75.155 -75.052 -74.948 -75.569 -75.155 -74.948 -74.845 -76.087 -74.845 -75.466 -74.948 -75.052 -75.673 -75.569 -75.052 -77.019 -76.708 -77.226 -76.294 -76.501 -75.983 -76.191 -73.706 -75.776 -74.327 -76.915 -76.812 -76.708 -77.122 -76.087 -72.36 -80.642 -73.603 -77.95 -76.708 -76.605 -76.398 -75.983 -76.501 -76.605 -75.776 -76.191 -75.673 -74.224 -76.915 -74.534 -74.638 -74.017 -76.087 -76.294 -76.501 -76.501 -76.708 -76.708 -75.983 -76.294 -76.708 -75.466 -76.294 -76.087 -76.501 -83.126 -83.023 -74.741 -75.466 -75.673 -75.466 -75.88 -75.88 -75.776 -75.362 -75.155 -75.259 -75.673 -76.398 -75.362 -75.259 -75.259 -75.776 -75.569 -76.501 -75.673 -75.569 -75.776 -75.673 -75.673 -75.569 -75.776 -75.673 -75.466 -75.259 -81.47 -78.054 -75.776 -75.466 -75.362 -75.983 -75.466 -75.362 -74.948 -75.466 -76.087 -75.569 -81.781 -76.294 -75.569 -75.155 -75.362 -75.466 -75.052 -75.466 -75.259 -75.259 -75.569 -75.673 -75.569 -75.569 -75.362 -75.362 -75.569 -75.362 -75.466 -75.88 -75.569 -75.466 -75.052 -74.638 -74.948 -74.948 -74.845 -74.741 -75.052 -74.845 -80.642 -80.538 -75.776 -76.191 -75.362 -75.466 -75.259 -75.673 -75.569 -76.087 -75.88 -75.88 -75.88 -75.673 -75.466 -75.673 -75.88 -76.087 -75.776 -75.88 -77.329 -76.087 -75.88 
