# name: phAngle
# type: matrix
# rows: 1
# columns: 360
 7 9 8 7 7 8 7 6 7 6 6 8 7 8 7 7 7 7 6 7 6 6 8 6 6 6 6 6 7 6 6 6 6 6 8 8 8 10 9 9 9 9 9 9 10 10 9 9 9 9 9 6 8 6 6 6 7 7 6 6 6 6 6 6 6 6 6 6 8 6 6 6 8 6 6 8 6 6 7 7 8 6 6 6 7 6 6 6 6 6 6 6 6 6 6 7 7 7 6 6 6 6 8 7 6 6 6 6 6 6 7 6 7 6 6 7 7 6 6 7 7 6 6 6 6 6 8 7 7 6 6 6 6 6 6 7 6 6 6 6 6 6 6 7 7 6 6 7 6 7 6 6 6 6 6 6 6 6 6 7 6 7 7 7 7 6 8 6 6 7 7 7 7 9 7 7 8 7 7 7 7 9 8 7 7 8 8 8 8 9 8 9 7 7 7 7 7 7 8 7 7 7 7 7 7 7 7 7 7 9 7 9 9 301 301 301 301 301 301 301 301 301 301 301 301 301 301 301 301 301 301 301 301 301 301 301 301 301 301 301 301 301 301 301 9 7 8 7 8 8 8 8 8 7 7 7 7 7 8 7 9 9 9 7 7 7 7 7 7 7 7 7 7 7 7 7 7 7 7 7 7 7 7 8 8 8 9 8 8 10 10 10 10 10 10 10 10 10 10 10 10 8 7 7 7 7 7 7 7 7 7 10 9 10 10 10 10 7 7 7 7 7 7 7 9 8 7 7 7 7 7 7 7 7 10 8 7 7 7 7 7 7 7 8 8 8 8 8 8 8 8 8 9 8 8 9 9 8 9 8 
# name: freq
# type: matrix
# rows: 1
# columns: 360
 50.0 50.0 50.0 50.0 50.0 50.0 50.0 50.0 50.0 50.0 50.0 50.0 50.0 50.0 50.0 50.0 50.0 50.0 50.0 50.0 50.0 50.0 50.0 50.0 50.0 50.0 50.0 50.0 50.0 50.0 50.0 50.0 50.0 50.0 50.0 50.0 50.0 50.0 50.0 50.0 50.0 50.0 50.0 50.0 50.0 50.0 50.0 50.0 50.0 50.0 50.0 50.0 50.0 50.0 50.0 50.0 50.0 50.0 50.0 50.0 50.0 50.0 50.0 50.0 50.0 50.0 50.0 50.0 50.0 50.0 50.0 50.0 50.0 50.0 50.0 50.0 50.0 50.0 50.0 50.0 50.0 50.0 50.0 50.0 50.0 50.0 50.0 50.0 50.0 50.0 50.0 50.0 50.0 50.0 50.0 50.0 50.0 50.0 50.0 50.0 50.0 50.0 50.0 50.0 50.0 50.0 50.0 50.0 50.0 50.0 50.0 50.0 50.0 50.0 50.0 50.0 50.0 50.0 50.0 50.0 50.0 50.0 50.0 50.0 50.0 50.0 50.0 50.0 50.0 50.0 50.0 50.0 50.0 50.0 50.0 50.0 50.0 50.0 50.0 50.0 50.0 50.0 50.0 50.0 50.0 50.0 50.0 50.0 50.0 50.0 50.0 50.0 50.0 50.0 50.0 50.0 50.0 50.0 50.0 50.0 50.0 50.0 50.0 50.0 50.0 50.0 50.0 50.0 50.0 50.0 50.0 50.0 50.0 50.0 50.0 50.0 50.0 50.0 50.0 50.0 50.0 50.0 50.0 50.0 50.0 50.0 50.0 50.0 50.0 50.0 50.0 50.0 50.0 50.0 50.0 50.0 50.0 50.0 50.0 50.0 50.0 50.0 50.0 50.0 50.0 50.0 50.0 50.0 50.0 50.0 50.0 50.0 50.0 50.0 50.0 50.0 50.0 50.0 50.0 50.0 50.0 50.0 50.0 50.0 50.0 50.0 50.0 50.0 50.0 50.0 50.0 50.0 50.0 50.0 50.0 50.0 50.0 50.0 50.0 50.0 50.0 50.0 50.0 50.0 50.0 50.0 50.0 50.0 50.0 50.0 50.0 50.0 50.0 50.0 50.0 50.0 50.0 50.0 50.0 50.0 50.0 50.0 50.0 50.0 50.0 50.0 50.0 50.0 50.0 50.0 50.0 50.0 50.0 50.0 50.0 50.0 50.0 50.0 50.0 50.0 50.0 50.0 50.0 50.0 50.0 50.0 50.0 50.0 50.0 50.0 50.0 50.0 50.0 50.0 50.0 50.0 50.0 50.0 50.0 50.0 50.0 50.0 50.0 50.0 50.0 50.0 50.0 50.0 50.0 50.0 50.0 50.0 50.0 50.0 50.0 50.0 50.0 50.0 50.0 50.0 50.0 50.0 50.0 50.0 50.0 50.0 50.0 50.0 50.0 50.0 50.0 50.0 50.0 50.0 50.0 50.0 50.0 50.0 50.0 50.0 50.0 50.0 50.0 50.0 50.0 50.0 50.0 50.0 50.0 50.0 50.0 50.0 50.0 50.0 50.0 50.0 50.0 50.0 50.0 50.0 
# name: reacPower
# type: matrix
# rows: 1
# columns: 360
 15.611 22.793 21.232 15.507 15.403 17.069 15.611 12.801 12.385 13.009 13.842 16.028 17.589 19.358 15.195 17.277 14.987 14.154 13.53 14.779 13.322 13.426 16.34 13.426 12.905 12.801 12.905 12.905 13.946 13.738 12.905 13.009 12.905 12.905 21.336 21.232 17.381 23.73 22.585 24.666 22.377 23.001 22.689 23.105 23.834 24.666 23.417 23.209 23.417 23.522 23.105 13.842 16.86 13.738 13.53 13.634 13.946 14.571 13.426 13.634 13.634 13.53 13.426 13.322 13.322 13.322 13.114 13.322 16.652 13.426 13.009 13.322 15.924 13.426 13.114 17.277 13.53 13.322 15.611 15.195 16.548 13.322 13.114 13.426 15.195 13.114 13.009 13.114 13.218 13.114 13.218 13.218 13.114 13.738 13.426 14.883 14.363 13.946 13.114 13.426 13.218 13.218 16.444 14.467 13.426 13.218 13.322 13.114 13.738 13.738 14.987 13.53 15.195 13.218 13.114 14.05 14.154 13.842 13.218 15.403 13.842 13.218 13.738 13.322 13.426 13.426 16.236 15.299 13.842 13.426 13.426 13.53 13.53 13.634 13.842 13.842 13.634 13.842 13.738 13.426 13.426 13.426 13.634 14.571 14.05 13.634 13.218 13.842 13.322 13.842 13.738 13.426 13.842 13.114 13.009 13.009 13.218 13.114 13.322 14.154 13.322 13.946 14.05 15.403 13.946 13.738 16.652 13.634 13.738 15.403 14.675 14.779 14.675 22.168 15.507 15.091 15.82 14.987 14.987 14.883 14.987 22.793 18.318 14.883 15.611 16.652 16.652 17.589 16.965 20.711 17.277 20.191 15.299 15.299 15.091 14.779 15.091 15.091 16.028 15.091 15.091 15.299 15.507 15.091 15.091 15.299 14.987 14.883 14.987 18.526 14.779 19.046 19.358 -9.991 -9.991 -9.991 -9.991 -10.095 -9.991 -9.991 -9.991 -9.991 -9.991 -10.095 -10.095 -10.095 -10.095 -10.095 -10.095 -10.095 -10.095 -10.095 -10.095 -10.095 -10.095 -9.991 -10.095 -10.095 -10.095 -10.095 -10.095 -10.095 -10.095 -10.095 24.146 15.716 15.299 15.924 16.132 16.132 16.652 16.236 16.236 15.091 15.091 15.299 15.507 15.507 16.444 15.611 23.834 25.291 23.626 15.195 14.883 14.987 14.779 14.987 15.195 15.091 14.883 14.883 14.987 14.987 14.883 15.195 15.091 15.091 15.195 15.195 15.195 14.987 15.195 16.444 16.86 17.069 20.087 17.069 16.132 24.146 23.938 23.938 24.25 24.25 27.372 24.458 24.458 27.268 24.875 24.875 25.187 15.924 15.82 15.716 15.716 15.716 15.507 15.195 15.195 15.299 15.091 23.938 23.522 26.956 26.332 24.562 24.354 15.611 15.507 15.299 15.299 14.987 15.507 15.82 20.711 17.381 15.195 15.195 15.195 14.883 15.195 15.299 15.195 14.987 24.042 18.318 14.779 15.507 15.507 15.403 15.611 15.299 15.507 18.213 16.132 16.548 16.236 15.82 17.277 16.548 16.756 19.358 19.983 16.548 18.942 19.879 20.607 18.422 20.815 18.734 
