# name: phAngle
# type: matrix
# rows: 1
# columns: 358
 359 359 0 0 0 0 0 0 0 0 0 0 0 0 0 0 0 0 0 0 0 0 0 0 0 0 0 0 0 0 0 0 0 0 0 0 0 0 0 0 0 0 0 0 0 0 0 0 0 0 0 0 0 0 0 0 0 0 0 0 0 0 0 0 0 0 0 0 0 0 0 0 0 359 0 0 0 0 359 0 0 359 0 0 0 359 0 0 0 359 0 359 0 359 0 0 359 359 0 359 0 0 0 0 359 1 359 0 0 0 359 0 0 0 0 0 359 359 359 359 359 359 359 359 359 359 359 359 359 359 359 359 359 359 359 359 359 359 359 359 359 359 359 359 359 359 359 359 359 359 0 0 359 359 359 359 359 359 359 359 359 359 359 0 0 0 0 0 0 0 0 0 0 359 359 359 359 359 359 359 359 359 359 359 359 359 359 359 359 359 359 359 359 359 359 359 359 359 359 359 359 359 359 359 359 359 359 359 359 0 359 359 359 359 359 359 359 359 359 359 359 359 359 359 359 359 359 359 359 359 291 284 277 277 284 284 284 284 277 277 277 277 284 277 284 284 277 284 284 284 284 284 284 277 284 284 284 284 284 284 284 284 284 284 284 284 284 284 284 284 284 284 284 284 284 277 284 284 2 359 359 0 0 0 0 359 0 0 0 0 0 0 0 0 0 0 0 0 0 0 359 359 359 359 359 359 0 359 359 359 359 359 359 359 359 0 359 359 359 359 359 359 359 359 359 359 359 359 359 359 359 359 359 359 359 359 359 359 359 359 359 359 359 359 359 359 359 359 359 359 359 359 359 359 359 359 359 359 
# name: freq
# type: matrix
# rows: 1
# columns: 358
 50.0 50.0 50.0 50.0 50.0 50.0 50.0 50.0 50.0 50.0 50.0 50.0 50.0 50.0 50.0 50.0 50.0 50.0 50.0 50.0 50.0 50.0 50.0 50.0 50.0 50.0 50.0 50.0 50.0 50.0 50.0 50.0 50.0 50.0 50.0 50.0 50.0 50.0 50.0 50.0 50.1 50.0 50.0 50.0 50.0 50.0 50.1 50.0 50.0 50.0 50.0 50.0 50.0 50.0 50.0 50.0 50.0 50.1 50.1 50.0 50.0 50.0 50.0 50.0 50.0 50.0 50.0 50.0 50.0 50.0 50.0 50.0 50.0 50.0 50.0 50.0 50.0 50.0 50.0 50.0 50.0 50.0 50.0 50.0 50.0 50.0 50.0 50.0 50.0 50.0 50.0 50.0 50.0 50.0 50.0 50.1 50.0 50.0 50.0 50.0 50.0 50.0 50.0 50.0 50.0 50.0 50.0 50.0 50.0 50.0 50.0 50.0 50.0 50.0 50.0 50.0 50.0 50.0 50.0 50.0 50.0 50.0 50.0 50.0 50.0 50.0 50.0 50.0 50.0 50.0 50.0 50.0 50.0 50.0 50.0 50.0 50.1 50.0 50.0 50.0 50.0 50.0 50.0 50.0 50.0 50.0 50.1 50.1 50.1 50.0 50.0 50.0 50.0 50.0 50.0 50.0 50.0 50.0 50.0 50.0 50.0 50.0 50.0 50.0 50.0 50.0 50.0 50.0 50.0 50.0 50.0 50.0 50.0 50.0 50.0 50.0 50.0 50.0 50.0 50.0 50.0 50.0 50.0 50.0 50.0 50.0 50.0 50.0 50.0 50.0 50.0 50.0 50.0 50.0 50.0 50.0 50.0 50.0 50.0 50.0 50.0 50.0 50.0 50.0 50.0 50.0 50.0 50.0 50.0 50.0 50.0 50.0 50.0 50.0 50.0 50.0 50.0 50.0 50.0 50.0 50.0 50.0 50.0 50.0 50.0 50.0 50.0 50.0 50.0 50.0 50.0 50.0 50.0 50.0 50.0 50.0 50.0 50.0 50.0 50.0 50.0 50.0 50.0 50.0 50.0 50.0 50.0 50.0 50.0 50.0 50.0 50.0 50.0 50.0 50.0 50.0 50.0 50.0 50.0 50.0 50.0 50.0 50.0 50.0 50.0 50.0 50.0 50.0 50.0 50.0 50.0 50.0 50.0 50.0 50.0 50.0 50.0 50.0 50.0 50.0 50.0 50.0 50.0 50.0 50.0 50.0 50.0 50.0 50.0 50.0 50.0 50.0 50.0 50.0 50.0 50.0 50.0 50.0 50.0 50.0 50.0 50.0 50.0 50.0 50.0 50.0 50.0 50.0 50.0 50.0 50.0 50.0 50.0 50.0 50.0 50.0 50.0 50.0 50.0 50.0 50.0 50.0 50.0 50.0 50.0 50.0 50.0 50.0 50.0 50.0 50.0 50.0 50.0 50.0 50.0 50.0 50.0 50.0 50.0 50.0 50.0 50.0 50.0 50.0 50.0 50.0 50.0 50.0 50.0 50.0 50.0 50.0 50.0 50.0 50.0 50.0 50.0 50.0 
# name: reacPower
# type: matrix
# rows: 1
# columns: 358
 -2.173 -2.173 0.931 -1.552 -1.345 -1.449 -1.449 -1.449 -1.656 -1.656 -1.759 -1.656 -1.656 -1.759 -1.759 -1.656 -0.828 -0.724 -0.621 -0.621 -0.931 -1.035 -1.035 -1.035 -1.138 -0.931 -1.035 -1.035 -0.931 -1.035 -1.242 -1.345 -1.449 -1.242 -1.345 -1.345 -1.242 -1.138 -1.138 -1.242 -1.242 -1.345 -1.345 -1.345 -1.345 -1.345 -1.242 -1.242 -1.345 -1.242 -1.345 -1.345 -1.449 -1.449 -1.345 -1.345 -1.552 -1.449 -1.345 -1.345 -1.345 -1.449 -1.345 -1.345 -1.138 -1.138 -1.035 -1.138 -1.345 -1.242 -1.449 -1.345 -0.724 -2.07 -0.828 -1.966 -0.103 -1.966 -2.277 -0.931 -1.552 -2.277 -0.103 -0.828 -1.345 -2.07 -1.345 -0.724 -1.966 -2.277 -1.966 -2.38 -1.552 -2.277 -1.345 -1.966 -2.173 -2.484 -1.035 -2.07 -0.621 -0.828 -1.656 -1.656 -2.38 2.588 -2.484 0.621 -1.966 -1.863 -2.07 -1.966 -1.966 -1.863 -0.103 -1.552 -2.173 -2.07 -2.173 -2.173 -2.173 -2.173 -2.277 -2.277 -2.38 -2.38 -2.38 -2.38 -2.173 -2.277 -2.277 -2.484 -2.38 -2.38 -2.277 -2.484 -2.38 -2.38 -2.38 -2.38 -2.38 -2.691 -2.588 -2.38 -2.173 -2.07 -2.07 -2.173 -2.173 -2.07 -1.966 -1.966 -2.07 -2.173 -2.277 -2.277 -2.173 -2.277 -2.173 -2.173 -2.38 -2.38 -2.277 -1.552 -1.242 -1.242 -1.345 -1.656 -1.449 -1.552 -1.552 -1.552 -1.449 -2.173 -2.277 -2.173 -2.38 -2.277 -2.484 -2.588 -2.38 -2.277 -2.38 -2.38 -2.38 -2.277 -2.484 -2.277 -2.277 -2.277 -2.38 -2.38 -2.484 -2.484 -2.484 -2.277 -2.277 -2.07 -2.277 -2.277 -2.277 -2.277 -2.38 -2.38 -2.38 -2.277 -2.173 -2.173 -2.173 -1.966 -2.07 -2.07 -2.173 -2.173 -2.38 -2.38 -2.484 -2.277 -2.277 -2.277 -2.38 -2.277 -2.277 -2.484 -2.484 -2.588 -2.588 -2.484 -2.277 -2.277 -17.909 -17.909 -17.909 -18.012 -17.909 -17.909 -17.909 -17.909 -17.909 -17.909 -17.909 -17.909 -18.012 -17.909 -17.909 -17.909 -17.909 -17.909 -17.909 -17.805 -17.805 -17.805 -17.909 -17.909 -17.909 -17.909 -17.909 -17.805 -17.909 -17.909 -17.805 -17.909 -17.805 -17.805 -17.805 -17.805 -17.805 -17.805 -17.805 -17.805 -17.909 -17.805 -17.805 -17.805 -17.805 -17.805 -17.805 -17.805 5.176 -2.588 -2.173 -1.138 -0.931 -1.345 -1.966 -2.277 -1.863 -1.863 -1.863 -1.863 -1.449 -1.345 1.552 -0.414 -1.863 -1.863 -1.966 -1.966 -1.966 -1.966 -2.07 -2.07 -2.07 -2.07 -2.173 -2.173 -1.863 -2.173 -2.173 -2.173 -2.07 -2.173 -2.795 -2.484 -2.691 -1.656 -2.691 -2.691 -2.588 -2.795 -2.484 -2.588 -2.898 -2.691 -2.795 -2.691 -2.795 -2.691 -2.588 -2.691 -2.484 -2.588 -2.484 -2.484 -2.484 -2.691 -2.795 -2.691 -2.691 -2.691 -2.691 -2.691 -2.691 -2.484 -2.588 -2.38 -2.588 -2.484 -2.484 -2.484 -2.484 -2.38 -2.38 -2.588 -2.38 -2.38 -2.38 -2.38 
