# name: phAngle
# type: matrix
# rows: 1
# columns: 359
 348 349 349 349 349 348 349 349 349 349 349 349 348 349 349 349 349 349 348 349 349 349 349 349 349 349 349 348 349 349 349 349 348 349 349 348 349 349 348 348 348 348 348 349 348 348 348 348 348 348 348 349 348 348 348 348 348 348 348 349 349 349 348 349 349 348 348 348 348 348 349 348 348 348 348 348 348 348 348 348 348 348 348 348 348 348 348 348 348 348 348 349 348 348 349 349 349 349 348 349 349 349 349 348 348 348 348 348 348 348 348 348 348 348 348 348 348 348 349 348 348 348 349 348 348 349 348 349 349 348 348 348 349 348 348 348 348 348 349 348 348 348 349 346 351 348 286 286 286 286 286 286 286 286 286 286 286 351 348 348 349 349 348 349 348 349 348 348 348 348 348 348 348 348 348 348 348 348 349 348 348 348 348 348 348 348 348 349 348 348 348 348 348 348 348 348 349 349 349 348 348 349 349 349 349 349 349 349 349 349 349 349 348 348 349 348 349 348 350 349 348 348 348 348 348 348 349 348 349 348 348 348 348 348 348 348 348 348 348 348 349 348 348 348 348 348 349 349 349 348 349 348 348 348 349 348 348 348 348 349 348 349 348 348 348 348 349 348 348 348 348 349 349 349 349 348 348 349 348 348 348 348 348 348 349 349 348 348 348 348 348 348 348 348 348 348 348 348 348 348 348 348 348 348 348 348 349 348 348 348 348 348 348 348 349 348 348 348 348 348 348 348 348 348 348 348 348 348 349 349 349 349 348 348 348 348 348 348 349 349 348 348 348 348 348 348 348 348 348 348 348 348 348 348 348 348 348 348 348 
# name: freq
# type: matrix
# rows: 1
# columns: 359
 50.0 50.0 50.0 50.0 50.0 50.0 50.0 50.0 50.0 50.0 50.0 50.0 50.0 50.0 50.0 50.0 50.0 50.0 50.0 50.0 50.0 50.0 50.0 50.0 50.0 50.0 50.0 50.0 50.0 50.0 50.0 50.0 50.0 50.0 50.0 50.0 50.0 50.0 50.0 50.0 50.0 50.0 50.0 50.0 50.0 50.0 50.0 50.0 50.0 50.0 50.0 50.0 50.0 50.0 50.0 50.0 50.0 50.0 50.0 50.0 50.0 50.0 50.0 50.0 50.0 50.0 50.0 50.0 50.0 50.0 50.0 50.0 50.0 50.0 50.0 50.0 50.0 50.0 50.0 50.0 50.0 50.0 50.0 50.0 50.0 50.0 50.0 50.0 50.0 50.0 50.0 50.0 50.0 50.0 50.0 50.0 50.0 50.0 50.0 50.0 50.0 50.0 50.0 50.0 50.0 50.0 50.0 50.0 50.0 50.0 50.0 50.0 50.0 50.0 50.0 50.0 50.0 50.0 50.0 50.0 50.0 50.0 50.0 50.0 50.0 50.0 50.0 50.0 50.0 50.0 50.0 50.0 50.0 50.0 50.0 50.0 50.0 50.0 50.0 50.0 50.0 50.0 50.0 50.0 50.0 50.0 50.0 50.0 50.0 50.0 50.0 50.0 50.0 50.0 50.0 50.0 50.0 50.0 50.0 50.0 50.0 50.0 50.0 50.0 50.0 50.0 50.0 50.0 50.0 50.0 50.0 50.0 50.0 50.0 50.0 50.0 50.0 50.0 50.0 50.0 50.0 50.0 50.0 50.0 50.0 50.0 50.0 50.0 50.0 50.0 50.0 50.0 50.0 50.0 50.0 50.0 50.0 50.0 50.0 50.0 50.0 50.0 50.0 50.0 50.0 50.0 50.0 50.0 50.0 50.0 50.0 50.0 50.0 50.0 50.0 50.0 50.0 50.0 50.0 50.0 50.0 50.0 50.0 50.0 50.0 50.0 50.0 50.0 50.0 50.0 50.0 50.0 50.0 50.0 50.0 50.0 50.0 50.0 50.0 50.0 50.0 50.0 50.0 50.0 50.0 50.0 50.0 50.0 50.0 50.0 50.0 50.0 50.0 50.0 50.0 50.0 50.0 50.0 50.0 50.0 50.0 50.0 50.0 50.0 50.0 50.0 50.0 50.0 50.0 50.0 50.0 50.0 50.0 50.0 50.0 50.0 50.0 50.0 50.0 50.0 50.0 50.0 50.0 50.0 50.0 50.0 50.0 50.0 50.0 50.0 50.0 50.0 50.0 50.0 50.0 50.0 50.0 50.0 50.0 50.0 50.0 50.0 50.0 50.0 50.0 50.0 50.0 50.0 50.0 50.0 50.0 50.0 50.0 50.0 50.0 50.0 50.0 50.0 50.0 50.0 50.0 50.0 50.0 50.0 50.0 50.0 50.0 50.0 50.0 50.0 50.0 50.0 50.0 50.0 50.0 50.0 50.0 50.0 50.0 50.0 50.0 50.0 50.0 50.0 50.0 50.0 50.0 50.0 50.0 50.0 50.0 50.0 50.0 50.0 50.0 50.0 50.0 50.0 50.0 
# name: reacPower
# type: matrix
# rows: 1
# columns: 359
 -32.401 -32.505 -32.298 -32.194 -32.505 -32.298 -32.194 -32.298 -32.298 -32.401 -32.608 -32.091 -32.091 -32.194 -32.194 -32.194 -32.298 -32.401 -32.194 -32.505 -32.505 -32.505 -32.505 -32.505 -32.505 -32.608 -32.608 -32.505 -32.505 -32.401 -32.298 -32.298 -32.505 -32.401 -32.505 -32.712 -33.023 -32.608 -32.505 -32.505 -32.505 -32.298 -32.401 -32.298 -32.505 -32.401 -32.401 -32.505 -32.401 -32.401 -32.505 -32.401 -32.401 -32.505 -32.505 -32.401 -32.505 -32.401 -32.401 -32.401 -32.401 -32.401 -32.194 -32.401 -32.505 -32.298 -32.298 -32.194 -32.401 -32.194 -32.505 -32.194 -32.091 -31.987 -31.987 -32.298 -31.987 -32.194 -31.987 -31.78 -31.987 -31.987 -31.884 -31.987 -31.987 -31.987 -31.884 -31.884 -31.78 -32.298 -32.401 -32.401 -32.298 -32.298 -32.505 -32.505 -32.815 -32.608 -32.712 -32.712 -32.505 -32.608 -32.712 -32.712 -32.712 -32.815 -32.815 -32.712 -32.712 -32.815 -32.712 -32.608 -32.712 -32.712 -32.712 -32.712 -32.608 -32.712 -32.712 -32.608 -32.505 -32.608 -32.712 -32.712 -32.815 -32.712 -32.608 -32.608 -32.712 -32.608 -32.608 -32.712 -32.815 -32.919 -32.608 -32.712 -32.815 -32.815 -32.919 -32.815 -32.815 -32.712 -32.608 -32.815 -34.679 -35.714 -15.942 -15.942 -15.942 -15.942 -15.838 -15.838 -15.735 -15.735 -15.838 -15.735 -15.735 -34.575 -32.815 -32.712 -32.919 -32.712 -32.815 -32.712 -33.126 -32.815 -32.712 -32.608 -32.712 -33.023 -32.505 -32.505 -32.298 -32.298 -32.401 -32.401 -32.298 -32.298 -32.505 -32.401 -32.401 -32.401 -32.401 -32.505 -32.298 -32.298 -32.194 -32.401 -32.298 -32.505 -32.505 -32.401 -32.401 -32.505 -32.608 -32.608 -32.712 -32.608 -32.815 -32.608 -32.712 -32.608 -32.712 -32.712 -32.712 -32.815 -32.815 -32.815 -32.815 -32.712 -32.608 -32.608 -32.505 -32.505 -32.608 -32.608 -32.608 -32.712 -33.54 -32.712 -32.505 -32.401 -32.401 -32.505 -32.505 -32.505 -32.608 -32.401 -32.608 -32.505 -32.608 -32.712 -32.712 -32.712 -32.815 -32.815 -32.712 -32.815 -32.815 -32.712 -32.815 -32.815 -32.815 -32.712 -32.712 -32.815 -32.815 -32.919 -32.815 -32.815 -32.919 -33.023 -32.815 -32.815 -32.919 -32.712 -32.815 -32.712 -32.712 -32.712 -32.608 -32.712 -32.712 -32.608 -32.608 -32.505 -32.712 -32.712 -32.712 -32.712 -32.712 -32.712 -32.815 -32.608 -32.401 -32.401 -32.401 -32.505 -32.401 -32.401 -32.401 -32.298 -32.401 -32.505 -32.401 -32.505 -32.298 -32.298 -32.298 -32.401 -32.401 -32.298 -32.298 -32.298 -32.401 -32.298 -32.298 -32.298 -32.401 -32.401 -32.401 -32.298 -32.401 -32.401 -32.401 -32.298 -32.401 -32.401 -32.401 -32.505 -32.401 -32.194 -32.298 -32.194 -32.298 -32.194 -32.505 -32.505 -32.505 -32.401 -32.505 -32.505 -32.401 -32.298 -32.505 -32.401 -32.505 -32.608 -32.712 -32.815 -32.712 -32.505 -32.401 -32.401 -32.091 -31.987 -31.987 -31.987 -32.091 -32.091 -31.987 -31.987 -32.091 -31.987 -32.194 -31.987 -32.091 -31.987 -31.987 -32.091 -31.884 -31.78 -31.78 -31.78 -31.677 -31.78 -31.78 -31.677 -31.78 
