# name: phAngle
# type: matrix
# rows: 1
# columns: 359
 338 338 338 338 338 338 338 339 339 338 338 338 338 338 338 338 341 341 338 338 338 338 338 338 339 337 338 340 339 343 345 339 340 339 339 340 338 339 340 338 338 340 343 339 338 339 338 338 338 339 338 338 338 338 338 346 340 338 338 338 338 338 340 342 339 321 276 276 276 276 276 276 276 276 276 276 276 276 276 276 276 276 276 276 276 276 276 276 276 276 276 276 276 276 342 340 339 341 340 342 341 342 343 342 339 340 340 343 344 341 340 341 341 340 340 341 341 341 339 339 345 339 338 339 339 338 339 339 341 340 340 340 339 343 342 341 340 340 339 339 342 340 339 344 340 340 340 340 339 340 343 340 340 344 339 339 341 339 342 342 341 340 341 338 339 338 343 338 338 338 338 341 338 339 338 338 338 338 338 343 338 338 338 340 338 339 338 338 338 338 338 338 343 338 338 338 338 338 338 341 336 338 338 338 338 338 338 338 338 338 338 338 343 339 338 338 338 337 339 338 338 338 339 337 338 342 338 338 340 343 344 344 338 338 338 340 340 340 343 340 340 340 340 341 344 340 340 340 341 339 339 343 340 339 338 338 339 338 339 339 321 276 276 276 276 276 276 276 276 276 276 276 276 276 276 276 276 276 276 276 277 276 276 276 276 276 276 276 276 276 276 275 276 276 276 276 276 276 276 276 275 276 276 276 276 276 276 276 276 276 276 276 276 276 276 276 276 276 276 276 276 276 276 276 276 276 276 276 276 275 276 276 276 276 276 276 276 276 276 276 276 276 276 276 276 276 276 276 276 276 276 275 276 276 276 276 276 276 276 
# name: freq
# type: matrix
# rows: 1
# columns: 359
 50.0 50.0 50.0 50.0 50.0 50.0 50.0 50.0 50.0 50.0 50.0 50.0 50.0 50.0 50.0 50.0 50.0 50.0 50.0 50.0 50.0 50.0 50.0 50.0 50.0 50.0 50.0 50.0 50.0 50.0 50.0 50.0 50.0 50.0 50.0 50.0 50.0 50.0 50.0 50.0 50.0 50.0 50.0 50.0 50.0 50.0 50.0 50.0 50.0 50.0 50.0 50.0 50.0 50.0 50.0 50.0 50.0 50.0 50.0 50.0 50.0 50.0 50.0 50.0 50.0 50.0 50.0 50.0 50.0 50.0 50.0 50.0 50.0 50.0 50.0 50.0 50.0 50.0 50.0 50.0 50.0 50.0 50.0 50.0 50.0 50.0 50.0 50.0 50.0 50.0 50.0 50.0 50.0 50.0 50.0 50.0 50.0 50.0 50.0 50.0 50.0 50.0 50.0 50.0 50.0 50.0 50.0 50.0 50.0 50.0 50.0 50.0 50.0 50.0 50.0 50.0 50.0 50.0 50.0 50.0 50.0 50.0 50.0 50.0 50.0 50.0 50.0 50.0 50.0 50.0 50.0 50.0 50.0 50.0 50.0 50.0 50.0 50.0 50.0 50.0 50.0 50.0 50.0 50.0 50.0 50.0 50.0 50.0 50.0 50.0 50.0 50.0 50.0 50.0 50.0 50.0 50.0 50.0 50.0 50.0 50.0 50.0 50.0 50.0 50.0 50.0 50.0 50.0 50.0 50.0 50.0 50.0 50.0 50.0 50.0 50.0 50.0 50.0 50.0 50.0 50.0 50.0 50.0 50.0 50.0 50.0 50.0 50.0 50.0 50.0 50.0 50.0 50.0 50.0 50.0 50.0 50.0 50.0 50.0 50.0 50.0 50.0 50.0 50.0 50.0 50.0 50.0 50.0 50.0 50.0 50.0 50.0 50.0 50.0 50.0 50.0 50.0 50.0 50.0 50.0 50.0 50.0 50.0 50.0 50.0 50.0 50.0 50.0 50.0 50.0 50.0 50.0 50.0 50.0 50.0 50.0 50.0 50.0 50.0 50.0 50.0 50.0 50.0 50.0 50.0 50.0 50.0 50.0 50.0 50.0 50.0 50.0 50.0 50.0 50.0 50.0 50.0 50.0 50.0 50.0 50.0 50.0 50.0 50.0 50.0 50.0 50.0 50.0 50.0 50.0 50.0 50.0 50.0 50.0 50.0 50.0 50.0 50.0 50.0 50.0 50.0 50.0 50.0 50.0 50.0 50.0 50.0 50.0 50.0 50.0 50.0 50.0 50.0 50.0 50.0 50.0 50.0 50.0 50.0 50.0 50.0 50.0 50.0 50.0 50.0 50.0 50.0 50.0 50.0 50.0 50.0 50.0 50.0 50.0 50.0 50.0 50.0 50.0 50.0 50.0 50.0 50.0 50.0 50.0 50.0 50.0 50.0 50.0 50.0 50.0 50.0 50.0 50.0 50.0 50.0 50.0 50.0 50.0 50.0 50.0 50.0 50.0 50.0 50.0 50.0 50.0 50.0 50.0 50.0 50.0 50.0 50.0 50.0 50.0 50.0 50.0 50.0 50.0 50.0 
# name: reacPower
# type: matrix
# rows: 1
# columns: 359
 -27.639 -26.915 -26.915 -27.122 -27.018 -27.225 -26.915 -27.536 -26.708 -27.122 -27.432 -27.018 -27.432 -27.536 -27.639 -26.915 -27.432 -26.501 -26.915 -27.329 -26.915 -26.915 -27.018 -26.915 -26.811 -27.225 -26.915 -25.88 -26.708 -27.329 -27.432 -26.708 -26.604 -26.708 -26.708 -26.604 -26.915 -26.708 -26.708 -26.811 -26.811 -26.604 -26.501 -25.776 -26.915 -26.811 -26.915 -27.329 -27.018 -26.811 -27.225 -26.915 -26.811 -27.329 -26.811 -27.743 -26.501 -26.811 -26.811 -27.018 -27.018 -27.846 -26.501 -27.122 -26.811 -16.666 -18.116 -18.116 -18.012 -18.012 -18.012 -18.012 -18.012 -18.012 -18.012 -18.012 -18.012 -18.012 -18.012 -18.012 -18.012 -18.116 -18.012 -18.012 -18.116 -18.116 -18.116 -18.116 -18.219 -18.116 -18.116 -18.116 -18.116 -18.116 -28.054 -26.294 -27.122 -27.122 -27.225 -27.122 -27.018 -26.915 -27.432 -27.225 -26.811 -27.329 -26.811 -27.536 -27.122 -27.122 -26.915 -26.915 -27.432 -27.018 -26.915 -26.915 -27.018 -27.018 -27.018 -26.811 -28.054 -27.122 -27.329 -27.018 -27.122 -27.432 -27.018 -26.915 -27.018 -26.708 -26.604 -26.604 -26.915 -27.432 -26.708 -26.708 -27.639 -27.536 -27.432 -27.329 -27.846 -27.536 -27.536 -27.743 -27.536 -28.571 -27.639 -27.95 -27.639 -27.432 -27.743 -27.432 -27.639 -28.468 -27.536 -27.432 -28.157 -27.536 -28.054 -28.364 -27.639 -27.536 -27.639 -27.743 -27.846 -27.743 -28.261 -27.639 -27.536 -27.639 -27.639 -28.364 -27.639 -27.639 -28.675 -27.846 -27.846 -27.639 -28.054 -28.157 -27.743 -27.846 -27.743 -27.95 -27.743 -28.054 -28.468 -27.846 -27.329 -28.778 -28.054 -27.95 -28.364 -28.675 -28.054 -28.778 -27.95 -28.364 -28.364 -27.536 -28.985 -28.364 -28.261 -28.985 -28.675 -28.985 -28.571 -28.157 -28.054 -28.157 -28.261 -28.261 -28.675 -28.468 -28.157 -28.157 -28.468 -29.089 -28.571 -28.468 -28.364 -28.571 -28.468 -29.813 -28.364 -28.882 -28.468 -28.364 -28.364 -28.778 -27.846 -27.846 -27.639 -27.432 -28.054 -27.432 -27.432 -27.639 -28.261 -27.743 -27.846 -27.846 -27.743 -28.054 -28.882 -27.639 -27.639 -27.639 -27.846 -27.329 -27.743 -28.261 -27.536 -27.432 -27.536 -27.329 -27.122 -27.225 -27.329 -27.122 -16.977 -17.909 -17.909 -17.909 -17.909 -17.909 -17.909 -17.909 -17.909 -17.909 -17.909 -17.909 -17.909 -17.805 -17.805 -17.805 -17.805 -17.701 -17.701 -17.701 -18.012 -18.219 -18.219 -18.323 -18.426 -18.426 -18.426 -18.426 -18.426 -18.426 -18.426 -18.426 -18.323 -18.426 -18.426 -18.426 -18.426 -18.426 -18.323 -18.426 -18.426 -18.426 -18.426 -18.426 -18.323 -18.323 -18.426 -18.426 -18.426 -18.426 -18.426 -18.426 -18.426 -18.426 -18.426 -18.323 -18.323 -18.323 -18.426 -18.426 -18.426 -18.426 -18.426 -18.426 -18.426 -18.426 -18.426 -18.426 -18.426 -18.53 -18.426 -18.426 -18.426 -18.53 -18.53 -18.53 -18.53 -18.53 -18.53 -18.53 -18.53 -18.53 -18.53 -18.633 -18.53 -18.53 -18.53 -18.633 -18.53 -18.633 -18.633 -18.633 -18.53 -18.53 -18.53 -18.53 -18.633 -18.633 -18.633 
