# name: phAngle
# type: matrix
# rows: 1
# columns: 359
 345 345 345 345 345 345 345 345 345 345 345 345 345 343 345 345 345 345 345 345 345 345 345 345 345 344 345 345 345 344 345 345 345 345 345 345 344 344 344 344 345 344 345 345 345 345 345 345 345 345 345 345 344 344 344 344 344 344 344 333 335 333 333 335 333 335 335 333 333 335 333 335 335 333 333 336 333 335 335 333 333 336 335 335 336 335 333 335 335 335 346 345 345 345 345 345 345 345 345 346 345 345 345 345 345 345 345 345 346 346 346 345 345 345 345 345 345 345 345 345 345 345 345 345 346 345 345 345 345 345 345 345 345 345 345 346 345 345 345 345 345 345 345 345 345 345 345 345 345 345 345 345 345 345 345 345 345 345 345 345 345 345 345 345 345 345 345 345 345 345 278 289 289 289 289 289 289 289 289 289 289 289 289 289 289 289 289 289 289 289 289 289 289 289 289 289 289 289 289 289 289 289 289 289 289 289 289 289 289 289 289 289 289 289 289 289 289 289 289 289 289 289 289 289 289 289 289 289 289 289 289 289 289 289 289 289 289 289 289 289 341 347 346 346 346 346 346 346 346 346 345 346 345 345 345 345 345 345 345 345 345 345 345 345 345 345 345 345 345 345 345 345 345 345 345 345 345 345 346 346 345 345 345 345 346 345 345 345 345 345 345 345 345 345 346 345 345 345 345 345 345 345 345 345 345 345 345 345 345 345 345 345 345 345 345 345 345 345 345 345 345 345 345 345 345 345 345 345 345 345 345 346 333 345 345 345 345 345 345 338 338 338 338 338 338 338 289 289 289 289 289 289 289 289 289 289 289 289 289 
# name: freq
# type: matrix
# rows: 1
# columns: 359
 50.0 50.0 50.0 50.0 50.0 50.0 50.0 50.0 50.0 50.0 50.0 50.0 50.0 50.0 50.0 50.1 50.0 50.0 50.0 50.0 50.0 50.0 50.0 50.0 50.0 50.0 50.0 50.1 50.1 50.0 50.1 50.0 50.0 50.0 50.0 50.1 50.0 50.0 50.0 50.0 50.0 50.0 50.1 50.0 50.0 50.0 50.1 50.0 50.0 50.0 50.1 50.0 50.0 50.1 50.0 50.0 50.0 50.0 50.0 50.0 50.0 50.0 50.0 50.0 50.0 50.0 50.0 50.0 50.0 50.0 50.0 50.0 50.0 50.0 50.0 50.0 50.0 50.0 50.0 50.0 50.0 50.0 50.0 50.0 50.0 50.0 50.0 50.0 50.0 50.0 50.0 50.0 50.0 50.0 50.0 50.0 50.0 50.0 50.0 50.0 50.0 50.0 50.0 50.0 50.0 50.0 50.0 50.0 50.0 50.0 50.0 50.0 50.0 50.0 50.0 50.0 50.0 50.0 50.0 50.0 50.0 50.0 50.0 50.0 50.0 50.0 50.0 50.0 50.0 50.0 50.0 50.0 50.0 50.0 50.0 50.0 50.0 50.0 50.0 50.0 50.0 50.0 50.0 50.0 50.0 50.0 50.0 50.0 50.0 50.0 50.0 50.0 50.0 50.0 50.0 50.0 50.0 50.0 50.0 50.0 50.0 50.0 50.0 50.0 50.0 50.0 50.0 50.0 50.0 50.0 50.0 50.0 50.0 50.0 50.0 50.0 50.0 50.0 50.0 50.0 50.0 50.0 50.0 50.0 50.0 50.0 50.0 50.0 50.0 50.0 50.0 50.0 50.0 50.0 50.0 50.0 50.0 50.0 50.0 50.0 50.0 50.0 50.0 50.0 50.0 50.0 50.0 50.0 50.0 50.0 50.0 50.0 50.0 50.0 50.0 50.0 50.0 50.0 50.0 50.0 50.0 50.0 50.0 50.0 50.1 50.0 50.1 50.0 50.0 50.0 50.0 50.0 50.0 50.0 50.0 50.0 50.0 50.0 50.0 50.0 50.0 50.0 50.0 50.0 50.0 50.0 50.0 50.0 50.0 50.0 50.0 50.0 50.0 50.0 50.0 50.0 50.0 50.0 50.0 50.0 50.0 50.1 50.0 50.0 50.0 50.0 50.0 50.1 50.0 50.0 50.0 50.0 50.1 50.0 50.0 50.1 50.0 50.0 50.0 50.0 50.0 50.1 50.1 50.0 50.0 50.1 50.0 50.0 50.1 50.0 50.0 50.0 50.0 50.0 50.0 50.0 50.0 50.0 50.0 50.0 50.0 50.0 50.0 50.0 50.0 50.0 50.0 50.0 50.0 50.0 50.0 50.0 50.0 50.0 50.0 50.0 50.0 50.0 50.0 50.0 50.0 50.0 50.0 50.0 50.0 50.0 50.0 50.0 50.0 50.0 50.0 50.0 50.0 50.0 50.0 50.0 50.0 50.0 50.0 50.0 50.0 50.0 50.0 50.0 50.0 50.0 50.0 50.0 50.0 50.0 50.0 50.0 50.0 50.0 50.0 50.0 50.0 50.0 50.0 
# name: reacPower
# type: matrix
# rows: 1
# columns: 359
 -20.393 -20.393 -20.289 -20.289 -20.289 -20.289 -20.289 -20.289 -20.393 -20.393 -20.289 -20.393 -20.497 -20.6 -20.393 -20.186 -20.393 -20.289 -20.289 -20.497 -20.289 -20.289 -20.289 -20.186 -20.186 -21.118 -20.393 -20.393 -20.289 -21.014 -21.532 -20.289 -20.289 -20.186 -21.221 -20.6 -20.704 -20.704 -20.6 -20.807 -20.6 -20.6 -20.6 -20.497 -20.393 -20.6 -20.393 -20.289 -20.289 -20.393 -20.289 -20.393 -20.082 -19.979 -20.082 -19.979 -20.082 -20.082 -19.979 -19.772 -19.875 -19.772 -19.772 -19.875 -19.565 -19.565 -19.565 -19.461 -19.358 -19.461 -19.358 -19.358 -19.461 -19.358 -19.254 -19.772 -19.461 -19.461 -19.461 -19.461 -19.358 -19.668 -19.565 -19.565 -19.772 -19.668 -19.461 -19.565 -19.565 -19.565 -19.979 -20.186 -20.186 -21.014 -20.807 -20.289 -20.393 -20.393 -20.393 -20.497 -20.289 -20.289 -20.497 -20.807 -20.497 -20.704 -20.6 -20.497 -20.497 -20.289 -20.289 -20.393 -20.289 -20.393 -20.393 -20.289 -20.186 -20.186 -20.289 -20.082 -20.186 -20.186 -20.186 -20.911 -20.6 -20.289 -20.289 -20.393 -20.289 -20.393 -20.393 -20.186 -20.186 -20.186 -20.289 -20.497 -20.186 -20.289 -20.186 -20.186 -20.186 -20.186 -20.186 -20.289 -20.497 -20.082 -20.082 -20.186 -20.082 -20.082 -19.979 -19.979 -19.979 -20.082 -19.875 -19.979 -19.875 -19.875 -19.875 -19.875 -19.875 -19.772 -20.082 -19.979 -20.393 -20.082 -20.186 -19.875 -20.186 -20.082 -14.389 -14.285 -14.285 -14.182 -14.182 -14.182 -14.078 -14.078 -14.078 -14.078 -14.182 -14.182 -14.182 -14.182 -14.182 -14.078 -14.078 -14.078 -14.078 -14.078 -14.078 -14.182 -14.182 -14.182 -14.078 -14.182 -14.182 -14.182 -14.182 -14.182 -14.182 -14.182 -14.182 -14.182 -14.182 -14.182 -14.182 -14.182 -14.182 -14.182 -14.078 -14.182 -14.182 -14.182 -14.182 -14.182 -14.182 -14.182 -14.182 -14.182 -14.182 -14.182 -14.182 -14.182 -14.182 -14.182 -14.182 -14.182 -14.182 -14.182 -14.182 -14.182 -14.182 -14.182 -14.285 -14.182 -14.182 -14.285 -14.182 -14.285 -20.497 -20.186 -19.875 -20.082 -19.979 -19.979 -19.979 -19.979 -20.082 -20.289 -20.082 -20.497 -19.875 -19.979 -19.979 -19.875 -19.875 -19.875 -19.772 -19.979 -19.979 -19.979 -19.979 -19.979 -19.979 -19.979 -19.979 -19.979 -19.875 -20.082 -20.186 -19.979 -20.082 -20.186 -19.979 -20.082 -19.979 -19.979 -20.393 -20.393 -19.979 -19.979 -20.082 -19.979 -20.186 -19.979 -19.979 -19.979 -19.979 -20.082 -19.979 -19.979 -19.979 -19.979 -20.289 -19.979 -20.082 -19.875 -19.772 -19.772 -19.979 -19.979 -19.772 -19.772 -19.772 -19.875 -20.082 -19.875 -19.875 -19.875 -19.875 -19.875 -19.875 -19.772 -19.772 -19.772 -19.875 -19.979 -19.979 -19.979 -19.979 -20.082 -19.979 -20.082 -20.082 -19.875 -19.875 -19.875 -19.979 -19.772 -19.875 -20.082 -19.461 -19.875 -19.772 -19.772 -19.875 -19.979 -19.979 -14.078 -14.078 -14.078 -14.182 -14.182 -14.285 -14.182 -14.182 -14.078 -14.078 -14.078 -14.182 -14.078 -14.078 -14.182 -14.078 -14.182 -14.078 -14.078 -14.182 
