# name: phAngle
# type: matrix
# rows: 1
# columns: 359
 335 335 335 336 335 336 335 335 335 336 337 347 346 346 346 346 346 347 346 348 346 347 346 346 347 346 346 346 347 347 347 346 347 347 347 347 346 346 346 346 347 347 345 345 345 345 345 345 345 346 345 345 345 345 345 345 345 345 345 345 345 345 345 345 345 345 345 345 345 345 345 345 345 345 345 345 345 345 345 345 345 345 345 345 345 345 345 345 345 345 347 345 345 346 345 346 346 345 345 345 345 346 345 345 345 345 345 345 345 345 345 345 345 345 345 345 345 345 345 345 345 345 345 345 345 345 345 345 345 345 345 345 345 345 345 345 345 346 345 345 345 345 345 345 345 345 345 345 345 345 345 345 345 345 345 345 345 345 345 345 345 345 345 345 345 345 345 345 345 345 345 345 345 345 345 345 345 345 345 345 345 345 345 345 345 345 345 345 345 345 345 345 345 345 345 345 345 345 345 345 345 345 345 345 345 345 345 345 345 345 345 345 345 345 345 345 345 345 345 345 345 333 333 333 333 333 333 333 333 333 333 333 333 339 335 346 346 339 339 339 338 338 338 339 289 289 289 289 289 289 289 289 289 289 289 289 289 289 289 289 346 346 346 346 347 345 346 345 345 345 345 344 345 345 345 345 345 345 344 345 345 345 345 345 345 345 345 345 345 345 345 345 345 345 345 345 345 346 345 345 345 346 346 346 345 345 345 345 345 345 345 345 345 345 345 345 345 345 345 345 345 345 345 345 345 345 345 345 345 345 345 345 345 345 344 345 345 345 344 345 344 344 345 344 344 344 344 344 344 344 345 345 345 345 345 345 344 345 345 
# name: freq
# type: matrix
# rows: 1
# columns: 359
 50.0 50.0 50.0 50.0 50.0 50.0 50.0 50.0 50.0 50.0 50.0 50.0 50.0 50.0 50.0 50.0 50.0 50.0 50.0 50.0 50.0 50.0 50.0 50.0 50.0 50.0 50.0 50.0 50.0 50.0 50.0 50.0 50.0 50.0 50.0 50.0 50.0 50.0 50.0 50.0 50.0 50.0 50.0 50.0 50.0 50.0 50.0 50.0 50.0 50.0 50.0 50.0 50.0 50.0 50.0 50.0 50.0 50.0 50.0 50.0 50.0 50.0 50.0 50.0 50.0 50.0 50.0 50.0 50.0 50.0 50.0 50.0 50.0 50.0 50.0 50.0 50.0 50.0 50.0 50.0 50.0 50.0 50.0 50.0 50.0 50.0 50.0 50.0 50.0 50.0 50.0 50.0 50.0 50.0 50.0 50.0 50.0 50.0 50.0 50.0 50.0 50.0 50.0 50.0 50.0 50.0 50.0 50.0 50.0 50.0 50.0 50.0 50.0 50.0 50.0 50.0 50.0 50.0 50.0 50.0 50.0 50.0 50.0 50.0 50.0 50.0 50.0 50.0 50.0 50.0 50.0 50.0 50.0 50.0 50.0 50.0 50.0 50.0 50.0 50.0 50.0 50.0 50.0 50.0 50.0 50.0 50.0 50.0 50.0 50.0 50.0 50.0 50.0 50.0 50.0 50.0 50.0 50.0 50.0 50.0 50.0 50.0 50.0 50.0 50.0 50.0 50.0 50.0 50.0 50.0 50.0 50.0 50.0 50.0 50.0 50.0 50.0 50.0 50.0 50.0 50.0 50.0 50.0 50.0 50.0 50.0 50.0 50.0 50.0 50.0 50.0 50.0 50.0 50.0 50.0 50.0 50.0 50.0 50.0 50.0 50.0 50.0 50.0 50.0 50.0 50.0 50.0 50.0 50.0 50.0 50.0 50.0 50.0 50.0 50.0 50.0 50.0 50.0 50.0 50.0 50.0 50.0 50.0 50.0 50.0 50.0 50.0 50.0 50.0 50.0 50.0 50.0 50.0 50.0 50.0 50.0 50.0 50.0 50.0 50.0 50.0 50.0 50.0 50.0 50.0 50.0 50.0 50.0 50.0 50.0 50.0 50.0 50.0 50.0 50.0 50.0 50.0 50.0 50.0 50.0 50.0 50.0 50.0 50.0 50.0 50.0 50.0 50.0 50.0 50.0 50.0 50.0 50.0 50.0 50.0 50.0 50.0 50.0 50.0 50.0 50.0 50.0 50.0 50.0 50.0 50.0 50.0 50.0 50.0 50.0 50.0 50.0 50.0 50.0 50.0 50.0 50.0 50.0 50.0 50.0 50.0 50.0 50.0 50.0 50.0 50.0 50.0 50.0 50.0 50.0 50.0 50.0 50.0 50.0 50.0 50.0 50.0 50.0 50.0 50.0 50.0 50.0 50.0 50.0 50.0 50.0 50.0 50.0 50.0 50.0 50.0 50.0 50.0 50.0 50.0 50.0 50.0 50.0 50.0 50.0 50.0 50.0 50.0 50.0 50.0 50.0 50.0 50.0 50.0 50.0 50.0 50.0 50.0 50.0 50.0 50.0 50.0 50.0 50.0 
# name: reacPower
# type: matrix
# rows: 1
# columns: 359
 -19.772 -19.772 -19.875 -19.979 -19.875 -20.082 -19.875 -19.875 -19.979 -19.979 -20.393 -19.565 -19.565 -19.565 -19.668 -19.875 -20.807 -20.186 -20.6 -21.739 -19.979 -20.289 -19.979 -19.979 -20.289 -20.186 -20.082 -19.979 -21.635 -20.082 -20.289 -20.082 -20.497 -20.289 -20.497 -20.393 -20.704 -20.704 -20.6 -20.704 -20.497 -20.186 -19.461 -19.461 -19.461 -19.461 -19.565 -19.461 -19.461 -19.772 -19.565 -19.461 -19.565 -19.565 -19.461 -19.565 -19.565 -19.668 -19.565 -19.668 -19.565 -19.565 -19.461 -19.565 -19.565 -19.565 -19.565 -19.461 -19.461 -19.461 -19.461 -19.565 -19.461 -19.565 -19.461 -19.461 -19.461 -19.565 -19.461 -19.461 -19.358 -19.461 -19.461 -19.461 -19.254 -19.358 -19.358 -19.565 -19.358 -19.565 -20.393 -19.668 -19.668 -20.704 -19.668 -19.979 -19.979 -19.772 -19.875 -19.772 -19.668 -19.979 -19.875 -19.875 -19.875 -19.772 -19.772 -19.772 -19.772 -19.979 -19.875 -19.875 -19.875 -19.875 -19.772 -19.875 -19.772 -19.875 -19.875 -19.875 -19.875 -19.875 -19.772 -19.772 -19.772 -19.772 -19.875 -19.875 -19.875 -19.772 -19.875 -19.875 -19.875 -19.979 -19.875 -19.979 -19.875 -20.186 -19.979 -19.979 -20.186 -19.875 -19.979 -19.875 -19.979 -19.875 -19.772 -19.875 -19.772 -19.772 -19.875 -19.875 -19.772 -19.772 -19.772 -19.979 -19.875 -19.979 -19.979 -19.979 -20.082 -19.979 -19.979 -20.186 -19.979 -19.979 -19.875 -19.979 -20.082 -19.979 -19.979 -19.979 -20.186 -19.979 -19.979 -20.082 -19.979 -19.979 -19.979 -19.979 -20.082 -19.979 -20.082 -19.979 -19.979 -19.979 -19.979 -20.186 -20.082 -19.875 -19.979 -19.979 -19.979 -19.979 -20.082 -19.979 -20.082 -19.979 -20.082 -20.082 -19.875 -19.565 -19.875 -19.772 -19.772 -19.772 -19.668 -19.875 -19.772 -19.772 -19.772 -19.772 -19.772 -19.875 -19.875 -19.668 -19.668 -19.772 -19.668 -19.772 -19.875 -19.668 -19.668 -19.772 -19.772 -19.772 -19.772 -19.772 -19.772 -19.772 -19.772 -19.772 -19.668 -20.497 -19.979 -20.704 -19.875 -14.078 -14.182 -14.182 -14.078 -14.078 -14.182 -14.285 -14.285 -14.285 -14.285 -14.285 -14.285 -14.389 -14.389 -14.389 -14.285 -14.389 -14.285 -14.285 -14.285 -14.285 -14.285 -14.285 -21.014 -19.875 -20.186 -20.289 -20.497 -20.082 -20.497 -20.186 -20.393 -20.289 -20.497 -20.704 -20.497 -20.393 -20.497 -20.497 -20.497 -20.6 -20.704 -20.497 -20.704 -20.393 -20.289 -20.289 -20.186 -20.289 -20.186 -20.289 -20.186 -20.186 -20.186 -20.289 -20.289 -20.289 -20.289 -20.393 -20.289 -20.497 -20.393 -20.289 -20.393 -20.6 -20.497 -20.393 -20.497 -20.807 -20.289 -20.393 -20.497 -20.393 -20.393 -20.393 -20.393 -20.289 -20.393 -20.393 -20.497 -20.393 -20.289 -20.289 -20.393 -20.393 -20.393 -20.393 -20.393 -20.497 -20.497 -20.497 -20.497 -20.497 -20.497 -20.393 -20.807 -20.911 -20.6 -20.393 -20.393 -20.497 -20.704 -20.6 -20.807 -20.704 -20.6 -20.704 -20.807 -20.807 -20.704 -20.704 -20.704 -20.807 -20.497 -20.497 -20.497 -20.497 -20.497 -20.6 -20.6 -20.393 -20.289 
