# name: phAngle
# type: matrix
# rows: 1
# columns: 359
 359 359 359 359 359 359 359 359 359 359 359 359 359 359 359 359 359 359 359 0 0 0 0 0 0 0 0 0 0 0 0 0 0 0 0 0 359 359 359 359 359 359 359 359 359 359 359 359 359 359 359 359 359 359 359 359 359 359 359 359 359 359 359 359 359 359 359 359 359 359 359 359 359 359 359 359 359 359 359 359 359 359 359 359 359 359 359 359 359 359 359 359 359 359 359 359 359 359 359 359 359 359 359 359 359 359 359 359 359 359 359 359 359 359 359 359 359 359 359 359 359 359 359 359 359 359 359 359 359 359 359 359 359 359 359 359 359 359 359 359 359 359 0 0 0 359 0 0 359 359 359 359 359 359 359 359 359 359 359 359 359 359 359 359 359 359 359 359 359 359 359 359 359 359 359 359 359 359 359 359 359 359 359 359 359 359 359 359 359 359 0 277 277 277 277 277 277 277 277 277 277 277 277 277 277 277 277 277 277 277 277 277 277 277 277 277 277 277 277 277 277 277 277 277 277 277 277 277 277 277 277 277 277 277 277 277 277 277 277 277 277 277 277 277 277 277 277 277 277 277 277 277 277 277 277 277 277 277 277 277 277 277 277 277 277 277 277 277 11 0 1 1 1 0 0 0 0 0 0 0 0 0 0 0 1 0 0 0 359 0 0 0 359 0 0 0 0 0 0 0 0 0 0 0 0 0 0 0 0 0 0 0 0 0 0 0 0 0 0 0 0 0 0 0 0 0 0 0 0 0 1 0 0 0 0 0 0 0 359 359 0 0 0 0 0 359 0 359 359 0 359 0 359 0 0 359 0 359 359 
# name: freq
# type: matrix
# rows: 1
# columns: 359
 50.0 50.0 50.0 50.0 50.0 50.0 50.0 50.0 50.0 50.0 50.0 50.0 50.0 50.0 50.0 50.0 50.0 50.0 50.0 50.0 50.0 50.0 50.0 50.0 50.0 50.0 50.0 50.0 50.0 50.0 50.0 50.0 50.0 50.0 50.0 50.0 50.0 50.0 50.0 50.0 50.0 50.0 50.0 50.0 50.0 50.0 50.0 50.0 50.0 50.0 50.0 50.0 50.0 50.0 50.0 50.0 50.0 50.0 50.0 50.0 50.0 50.0 50.0 50.0 50.0 50.0 50.0 50.0 50.0 50.0 50.0 50.0 50.0 50.0 50.0 50.0 50.0 50.0 50.0 50.0 50.0 50.0 50.0 50.0 50.0 50.0 50.0 50.0 50.0 50.0 50.0 50.0 50.0 50.0 50.0 50.0 50.0 50.0 50.0 50.0 50.0 50.0 50.0 50.0 50.0 50.0 50.0 50.0 50.0 50.0 50.0 50.0 50.0 50.0 50.0 50.0 50.0 50.0 50.0 50.0 50.0 50.0 50.0 50.0 50.0 50.0 50.0 50.0 50.0 50.0 50.0 50.0 50.0 50.0 50.0 50.1 50.0 50.1 50.0 50.1 50.0 50.0 50.0 50.0 50.0 50.0 50.0 50.1 50.1 50.0 50.0 50.1 50.0 50.1 50.0 50.0 50.0 50.0 50.0 50.0 50.0 50.0 50.0 50.0 50.0 50.0 50.0 50.0 50.0 50.0 50.0 50.0 50.0 50.0 50.0 50.0 50.0 50.0 50.0 50.0 50.0 50.0 50.0 50.0 50.0 50.0 50.0 50.0 50.0 50.0 50.0 50.0 50.0 50.0 50.0 50.0 50.0 50.0 50.0 50.0 50.0 50.0 50.0 50.0 50.0 50.0 50.0 50.0 50.0 50.0 50.0 50.0 50.0 50.0 50.0 50.0 50.0 50.0 50.0 50.0 50.0 50.0 50.0 50.0 50.0 50.0 50.0 50.0 50.0 50.0 50.0 50.0 50.0 50.0 50.0 50.0 50.0 50.0 50.0 50.0 50.0 50.0 50.0 50.0 50.0 50.0 50.0 50.0 50.0 50.0 50.0 50.0 50.0 50.0 50.0 50.0 50.0 50.0 50.0 50.0 50.0 50.0 50.0 50.0 50.0 50.0 50.0 50.0 50.0 50.0 50.0 50.0 50.0 50.0 50.0 50.0 50.0 50.0 50.0 50.0 50.0 50.0 50.0 50.0 50.0 50.0 50.0 50.0 50.0 50.0 50.0 50.0 50.0 50.0 50.0 50.0 50.0 50.0 50.0 50.0 50.0 50.0 50.0 50.0 50.0 50.0 50.0 50.0 50.0 50.0 50.0 50.0 50.0 50.0 50.0 50.0 50.0 50.0 50.0 50.0 50.0 50.0 50.0 50.0 50.0 50.0 50.0 50.0 50.0 50.0 50.0 50.0 50.0 50.0 50.0 50.0 50.0 50.0 50.0 50.0 50.0 50.0 50.0 50.0 50.0 50.0 50.0 50.0 50.0 50.0 50.0 50.0 50.0 50.0 50.0 50.0 50.0 50.0 50.0 
# name: reacPower
# type: matrix
# rows: 1
# columns: 359
 -2.588 -2.38 -2.588 -2.588 -2.484 -2.484 -2.38 -2.38 -2.38 -2.277 -2.277 -2.173 -2.277 -2.277 -2.277 -2.38 -2.277 -2.277 -2.277 -1.656 -1.759 -1.863 -1.552 -1.656 -1.656 -1.759 -1.863 -1.966 -1.966 -1.863 -1.863 -1.759 -1.656 -1.656 -1.656 -1.656 -2.277 -2.07 -2.07 -2.277 -2.277 -2.277 -2.277 -2.38 -2.484 -2.484 -2.38 -2.38 -2.38 -2.484 -2.484 -2.484 -2.484 -2.588 -2.484 -2.38 -2.38 -2.173 -2.38 -2.38 -2.38 -2.484 -2.277 -2.277 -2.484 -2.277 -2.38 -2.38 -2.484 -2.484 -2.277 -2.173 -2.277 -2.38 -2.38 -2.38 -2.38 -2.277 -2.484 -2.484 -2.38 -2.484 -2.38 -2.484 -2.588 -2.588 -2.484 -2.588 -2.38 -2.38 -2.38 -2.38 -2.38 -2.173 -2.277 -2.484 -2.484 -2.898 -2.795 -2.691 -2.588 -2.484 -2.588 -2.588 -2.691 -2.691 -2.588 -2.38 -2.38 -2.484 -2.484 -2.484 -2.38 -2.38 -2.38 -2.277 -2.588 -2.588 -2.588 -2.691 -2.484 -2.691 -2.484 -2.484 -2.588 -2.588 -2.484 -2.691 -2.691 -2.588 -2.484 -2.588 -2.588 -2.691 -2.795 -2.691 -2.691 -2.588 -2.588 -2.691 -2.691 -2.38 0.0 0.103 -0.517 -2.277 -0.931 -1.449 -2.277 -2.484 -2.484 -2.277 -2.277 -2.38 -2.173 -2.173 -2.173 -2.277 -2.38 -2.277 -2.173 -2.277 -2.173 -2.173 -2.691 -2.795 -2.795 -2.795 -2.691 -2.691 -2.898 -2.898 -2.898 -2.898 -2.898 -2.898 -3.002 -2.898 -2.898 -2.898 -2.795 -2.795 -2.588 -2.691 -2.484 -2.588 -2.588 -2.484 -2.484 -2.588 0.31 -17.909 -18.012 -18.012 -18.012 -18.012 -18.012 -18.012 -18.012 -18.012 -18.012 -18.012 -18.012 -18.012 -18.012 -18.012 -18.012 -18.116 -18.012 -18.012 -18.012 -18.012 -18.116 -18.012 -18.116 -18.012 -18.116 -18.012 -18.012 -18.012 -18.012 -18.012 -18.012 -18.012 -18.116 -18.116 -18.012 -18.012 -18.116 -18.116 -18.116 -17.598 -17.598 -17.598 -17.494 -17.494 -17.494 -17.494 -17.598 -17.598 -17.598 -17.494 -17.494 -17.494 -17.494 -17.494 -17.391 -17.494 -17.494 -17.494 -17.598 -17.598 -17.494 -17.494 -17.494 -17.494 -17.494 -17.494 -17.494 -17.598 -17.598 -17.598 -17.598 -17.598 -17.598 -17.598 -17.701 -17.701 24.741 -1.863 2.691 2.898 3.312 -1.345 -1.656 -1.656 0.0 -1.863 0.103 -1.656 -1.966 -0.517 -1.863 -1.863 2.38 -1.656 -1.242 -1.449 -2.07 -1.863 -1.966 -1.966 -2.07 -1.759 -1.966 -1.966 -1.656 -1.552 -1.552 -1.449 -1.552 -1.863 -1.345 -1.449 -1.345 -1.449 -1.449 -1.552 -1.552 -1.656 -1.449 -1.656 -1.656 -1.656 -1.656 -1.656 -1.656 -1.552 -1.759 -1.759 -1.449 -1.656 -1.656 -1.552 -1.552 -1.656 -1.345 -1.552 -1.552 -1.656 2.07 -0.931 -1.345 -1.138 -1.966 -1.966 -1.863 -1.759 -2.07 -2.07 -1.966 -1.863 -1.863 -1.863 -1.966 -2.07 -1.966 -1.966 -2.173 -1.966 -2.277 -1.966 -2.173 -1.863 -1.966 -2.173 -1.863 -2.277 -2.277 
