# name: phAngle
# type: matrix
# rows: 1
# columns: 359
 348 348 347 348 348 348 348 348 348 348 348 348 348 348 348 347 348 348 347 348 347 347 348 350 350 349 348 347 347 347 347 350 349 351 350 350 350 350 350 348 350 350 350 350 347 347 348 347 347 348 348 349 350 350 348 348 350 348 348 349 347 348 348 348 348 348 348 348 348 348 348 348 348 348 348 348 348 348 348 348 348 348 348 348 348 349 348 348 348 348 348 348 348 348 348 348 348 348 348 348 348 348 348 348 348 348 348 348 348 348 348 348 348 348 348 348 348 348 348 348 348 348 348 348 348 348 348 348 348 348 348 348 348 348 348 348 348 348 348 348 348 348 348 348 348 348 348 348 348 348 348 348 348 348 348 347 349 349 286 286 286 286 286 286 286 286 286 286 348 349 348 348 348 348 348 348 348 348 348 348 348 349 348 348 348 348 348 348 348 348 348 348 348 348 348 349 348 348 348 348 348 348 348 349 348 348 348 348 348 348 348 349 348 348 348 348 348 348 348 349 349 349 348 348 348 348 348 348 348 348 348 349 351 349 348 348 348 348 348 348 348 349 349 348 349 348 348 349 349 348 349 348 348 348 348 349 349 348 348 348 349 348 349 348 348 348 348 348 348 348 348 348 348 349 349 349 349 349 349 349 349 349 349 349 348 348 349 348 348 348 348 349 348 348 348 348 348 348 348 348 349 349 349 349 349 349 349 349 349 349 348 349 349 349 349 349 349 349 349 349 349 349 349 349 349 349 349 349 349 349 349 349 349 349 349 349 349 349 349 349 349 349 349 349 349 349 349 349 349 349 349 349 349 349 349 349 349 349 349 
# name: freq
# type: matrix
# rows: 1
# columns: 359
 50.0 50.0 50.0 50.0 50.0 50.0 50.0 50.0 50.0 50.0 50.0 50.0 50.0 50.0 50.0 50.0 50.0 50.0 50.0 50.0 50.0 50.0 50.0 50.0 50.0 50.0 50.0 50.0 50.0 50.0 50.0 50.0 50.0 50.0 50.0 50.0 50.0 50.0 50.0 50.0 50.0 50.0 50.0 50.0 50.0 50.0 50.0 50.0 50.0 50.0 50.0 50.0 50.0 50.0 50.0 50.0 50.0 50.0 50.0 50.0 50.0 50.0 50.0 50.0 50.0 50.0 50.0 50.0 50.0 50.0 50.0 50.0 50.0 50.0 50.0 50.0 50.0 50.0 50.0 50.0 50.0 50.0 50.0 50.0 50.0 50.0 50.0 50.0 50.0 50.0 50.0 50.0 50.0 50.0 50.0 50.0 49.9 50.0 50.0 50.0 50.0 50.0 50.0 50.0 50.0 50.0 50.0 50.0 50.0 50.0 50.0 50.0 50.0 50.0 50.0 50.0 50.0 50.0 50.0 50.0 50.0 50.0 50.0 50.0 50.0 50.0 50.0 50.0 50.0 50.0 50.0 50.0 50.0 50.0 50.0 50.0 50.0 50.0 50.0 50.0 50.0 50.0 50.0 50.0 50.0 50.0 50.0 50.0 50.0 50.0 50.0 50.0 50.0 50.0 50.0 50.0 50.0 50.0 50.0 50.0 50.0 50.0 50.0 50.0 50.0 50.0 50.0 50.0 50.0 50.0 50.0 50.0 50.0 50.0 50.0 50.0 50.0 50.0 50.0 50.0 50.0 50.0 50.0 50.0 50.0 50.0 50.0 50.0 50.0 50.0 50.0 50.0 50.0 50.0 50.0 50.0 50.0 50.0 50.0 50.0 50.0 50.0 50.0 50.0 50.0 50.0 50.0 50.0 50.0 50.0 50.0 50.0 50.0 50.0 50.0 50.0 50.0 50.0 50.0 50.0 50.0 50.0 50.0 50.0 50.0 50.0 50.0 50.0 50.0 50.0 50.0 50.0 50.0 50.0 50.0 50.0 50.0 50.0 50.0 50.0 50.0 50.0 50.0 50.0 50.0 50.0 50.0 50.0 50.0 50.0 50.0 50.0 50.0 50.0 50.0 50.0 50.0 50.0 50.0 50.0 50.0 50.0 50.0 50.0 50.0 50.0 50.0 50.0 50.0 50.0 50.0 50.0 50.0 50.0 50.0 50.0 50.0 50.0 50.0 50.0 50.0 50.0 50.0 50.0 50.0 50.0 50.0 50.0 50.0 50.0 50.0 50.0 50.0 50.0 50.0 50.0 50.0 50.0 50.0 50.0 50.0 50.0 50.0 50.0 50.0 50.0 50.0 50.0 50.0 50.0 50.0 50.0 50.0 50.0 50.0 50.0 50.0 50.0 50.0 50.0 50.0 50.0 50.0 50.0 50.0 50.0 50.0 50.0 50.0 50.0 50.0 50.0 50.0 50.0 50.0 50.0 50.0 50.0 50.0 50.0 50.0 50.0 50.0 50.0 50.0 50.0 50.0 50.0 50.0 50.0 50.0 50.0 50.0 50.0 50.0 50.0 50.0 50.0 50.0 
# name: reacPower
# type: matrix
# rows: 1
# columns: 359
 -33.851 -33.851 -33.747 -33.851 -33.851 -33.851 -33.747 -33.54 -33.54 -33.54 -33.54 -33.54 -33.644 -33.644 -33.644 -33.437 -33.437 -33.437 -33.333 -33.333 -33.437 -33.437 -33.333 -34.265 -34.161 -33.851 -33.333 -33.333 -33.437 -33.437 -33.437 -34.782 -34.058 -34.886 -34.058 -34.368 -34.058 -34.058 -34.058 -33.747 -34.265 -34.575 -34.161 -34.265 -33.644 -33.54 -33.437 -33.54 -33.54 -33.54 -33.54 -33.747 -34.368 -34.368 -33.747 -33.437 -35.196 -33.333 -33.54 -33.851 -33.437 -33.437 -33.437 -33.333 -33.333 -33.333 -33.333 -33.437 -33.23 -33.437 -33.333 -33.437 -33.333 -33.23 -33.333 -33.333 -33.333 -33.23 -33.23 -33.54 -33.333 -33.333 -33.437 -33.333 -33.333 -33.54 -33.23 -33.23 -33.23 -33.23 -33.23 -33.23 -33.23 -33.126 -33.23 -33.23 -33.23 -33.23 -33.333 -33.23 -33.126 -33.23 -33.23 -33.23 -33.126 -33.23 -33.126 -33.23 -33.333 -33.333 -33.333 -33.437 -33.126 -33.23 -33.333 -33.23 -33.126 -33.126 -33.126 -33.126 -33.126 -33.333 -33.23 -33.23 -33.126 -33.23 -33.126 -33.333 -33.23 -33.23 -33.023 -33.023 -33.023 -33.126 -33.23 -33.23 -33.333 -33.23 -33.126 -33.126 -32.919 -33.023 -33.126 -32.815 -32.815 -33.23 -33.333 -33.023 -33.023 -33.023 -33.023 -33.126 -33.023 -33.333 -33.23 -33.644 -35.921 -35.921 -16.045 -16.045 -16.045 -16.045 -16.045 -16.045 -16.045 -16.045 -16.045 -16.045 -35.714 -33.54 -33.126 -33.437 -33.23 -33.126 -33.333 -33.126 -33.126 -33.126 -33.23 -33.23 -32.919 -33.23 -33.23 -33.333 -33.023 -33.023 -32.919 -33.126 -33.126 -32.919 -33.023 -33.126 -32.919 -33.023 -33.023 -33.23 -32.815 -32.608 -32.815 -32.919 -32.919 -33.023 -32.919 -33.644 -33.023 -32.919 -32.919 -32.815 -32.815 -32.919 -32.919 -32.919 -32.919 -32.919 -32.919 -32.919 -33.023 -32.815 -32.919 -32.919 -32.815 -33.023 -32.919 -32.919 -33.023 -33.023 -32.919 -33.023 -33.023 -33.23 -32.815 -33.023 -34.575 -32.815 -32.815 -32.815 -32.815 -32.815 -32.815 -32.608 -32.505 -32.919 -32.712 -33.023 -33.23 -33.126 -33.126 -32.815 -32.919 -33.126 -32.919 -33.126 -33.023 -33.126 -33.126 -33.023 -32.815 -33.023 -33.126 -33.023 -32.919 -33.023 -32.919 -33.126 -33.23 -33.23 -33.126 -33.023 -33.126 -33.126 -33.023 -33.126 -33.23 -33.126 -33.023 -32.919 -32.815 -32.815 -33.23 -32.919 -32.919 -32.919 -32.919 -33.126 -33.023 -33.023 -32.919 -33.126 -33.023 -33.126 -33.023 -33.23 -33.23 -33.126 -33.23 -33.023 -33.023 -33.126 -33.126 -33.333 -33.23 -33.23 -33.126 -32.815 -32.712 -32.815 -32.712 -32.919 -32.608 -32.919 -33.023 -32.919 -32.919 -32.815 -32.712 -32.608 -32.608 -32.505 -32.712 -32.608 -32.712 -32.608 -32.608 -32.608 -32.712 -32.815 -32.919 -32.712 -32.815 -32.919 -32.919 -33.126 -32.815 -32.815 -32.919 -33.023 -32.815 -32.712 -32.712 -32.815 -32.815 -32.815 -32.815 -32.712 -32.815 -32.815 -32.919 -33.023 -32.608 -32.919 -32.608 -32.608 -32.712 -32.608 -32.608 -32.608 -32.608 -32.815 -32.712 
