# name: phAngle
# type: matrix
# rows: 1
# columns: 358
 1 1 2 1 1 1 1 1 0 0 1 0 0 1 0 1 1 1 1 1 1 1 1 1 1 1 1 1 0 0 3 1 1 1 1 0 0 1 1 1 1 1 1 1 1 3 1 2 1 1 1 1 1 1 1 1 1 1 1 1 1 1 1 1 1 1 2 3 2 2 3 3 1 1 1 1 1 1 1 1 2 1 1 1 2 2 2 3 1 1 1 1 2 1 1 1 1 1 2 2 1 1 1 1 1 1 2 1 1 1 1 1 1 1 1 1 1 1 1 0 1 3 2 0 1 3 0 0 1 0 1 0 3 1 0 0 0 0 0 0 0 0 1 0 1 0 1 0 0 0 1 0 0 0 0 2 2 1 0 2 1 0 0 0 1 0 1 1 0 1 1 1 1 1 1 1 2 1 2 3 1 2 2 1 0 1 2 1 1 0 1 1 1 1 1 0 0 1 0 0 0 2 0 0 1 1 0 0 0 0 0 0 0 0 0 0 0 2 0 1 2 1 0 2 0 0 0 1 1 0 0 0 0 0 2 2 2 0 0 0 0 0 0 0 0 0 0 0 0 0 0 0 0 0 0 0 0 0 0 0 0 1 0 0 1 0 0 2 2 2 2 0 0 0 0 0 2 0 1 0 0 0 0 0 0 0 0 0 0 0 0 0 0 0 0 0 0 2 0 0 0 0 0 0 0 0 0 0 0 0 0 0 0 0 0 0 1 1 1 0 0 0 0 0 0 0 0 0 0 0 0 0 0 0 0 0 0 0 0 0 0 0 0 0 0 0 0 0 0 0 0 0 0 0 0 0 0 0 
# name: freq
# type: matrix
# rows: 1
# columns: 358
 50.0 50.0 50.0 50.0 50.0 50.0 50.0 50.0 50.0 50.0 50.0 50.0 50.0 50.0 50.0 50.0 50.0 50.0 50.0 50.0 50.0 50.0 50.0 50.0 50.0 50.0 50.0 50.0 50.0 50.0 50.0 50.0 50.0 50.0 50.0 50.0 50.0 50.0 50.0 50.0 50.0 50.0 50.0 50.0 50.0 50.0 50.0 50.0 50.0 50.0 50.0 50.0 50.0 50.0 50.0 50.0 50.0 50.0 50.0 50.0 50.0 50.0 50.0 50.0 50.0 50.0 50.0 50.0 50.0 50.0 50.0 50.0 50.0 50.0 50.0 50.0 50.0 50.0 50.0 50.0 50.0 50.0 50.0 50.0 50.0 50.0 50.0 50.0 50.0 50.0 50.0 50.0 50.0 50.0 50.0 50.0 50.0 50.0 50.0 50.0 50.0 50.0 50.0 50.0 50.0 50.0 50.0 50.0 50.0 50.0 50.0 50.0 50.0 50.0 50.0 50.0 50.0 50.0 50.0 50.0 50.0 50.0 50.0 50.0 50.0 50.0 50.0 50.0 50.0 50.0 50.0 50.0 50.0 50.0 50.0 50.0 50.0 50.0 50.0 50.0 50.0 50.0 50.0 50.0 50.0 50.0 50.0 50.0 50.0 50.0 50.0 50.0 50.0 50.0 50.1 50.1 50.0 50.1 50.1 50.1 50.1 50.1 50.1 50.1 50.1 50.1 50.1 50.0 50.0 50.1 50.1 50.1 50.1 50.1 50.0 50.0 50.1 50.0 50.0 50.0 50.0 50.0 50.1 50.0 50.0 50.0 50.0 50.0 50.0 50.0 50.0 50.0 50.0 50.0 50.0 50.0 50.0 50.0 50.0 50.0 50.0 50.0 50.0 50.0 50.0 50.0 50.0 50.0 50.0 50.0 50.0 50.0 50.0 50.0 50.0 50.0 50.0 50.0 50.0 50.0 50.0 50.0 50.0 50.0 50.0 50.0 50.0 50.0 50.0 50.0 50.0 50.0 50.0 50.0 50.0 50.0 50.0 50.0 50.0 50.0 50.0 50.0 50.0 50.0 50.0 50.0 50.0 50.0 50.0 50.0 50.0 50.0 50.0 50.0 50.0 50.0 50.0 50.0 50.0 50.0 50.0 50.0 50.0 50.0 50.0 50.0 50.0 50.0 50.0 50.0 50.0 50.0 50.0 50.0 50.0 50.0 50.0 50.0 50.0 50.0 50.0 50.0 50.0 50.0 50.0 50.0 50.0 50.0 50.0 50.0 50.0 50.0 50.0 50.0 50.0 50.0 50.0 50.0 50.0 50.0 50.0 50.0 50.0 50.0 50.0 50.0 50.0 50.0 50.0 50.0 50.0 50.0 50.0 50.0 50.0 50.0 50.0 50.0 50.0 50.0 50.0 50.0 50.0 50.0 50.0 50.0 50.0 50.0 50.0 50.0 50.0 50.0 50.0 50.0 50.0 50.0 50.0 50.0 50.0 50.0 50.0 50.0 50.0 50.0 50.0 50.0 50.0 50.0 50.0 50.0 50.0 50.0 50.0 50.0 50.0 50.0 50.0 50.0 
# name: reacPower
# type: matrix
# rows: 1
# columns: 358
 2.185 2.289 4.579 2.601 3.122 2.393 2.081 2.081 1.873 1.873 2.081 1.873 1.665 2.289 1.144 2.601 2.185 2.289 2.706 2.601 2.706 2.497 2.497 2.393 2.185 2.289 2.81 1.977 1.561 1.665 6.661 2.289 2.706 2.706 3.122 1.457 1.873 2.81 2.706 3.018 2.706 3.122 2.914 2.601 2.81 6.765 3.33 4.163 3.434 3.226 3.122 3.018 2.601 2.497 2.081 3.122 3.018 2.081 3.122 3.642 2.393 2.601 3.018 3.226 3.122 3.538 3.955 6.661 5.516 4.059 7.077 6.244 3.122 2.706 3.122 2.706 2.706 3.122 2.497 1.977 4.163 2.393 2.081 3.642 5.412 5.203 5.412 6.765 3.33 3.538 3.538 3.538 4.891 3.434 3.434 3.642 3.018 2.497 3.955 5.516 3.538 3.122 3.538 3.33 2.914 3.33 3.955 2.601 2.497 3.122 3.018 3.538 2.81 2.706 2.81 2.601 2.81 2.393 2.81 1.873 2.914 6.14 4.371 1.769 2.81 6.244 0.728 3.122 2.706 0.52 1.977 1.873 6.557 2.601 1.04 0.52 0.416 1.977 -0.312 1.873 1.561 0.728 3.018 0.416 2.185 0.832 2.706 0.832 1.457 1.144 2.393 1.665 1.561 1.04 1.144 5.724 5.308 2.601 1.665 4.579 2.81 1.561 1.665 1.561 2.497 1.561 2.914 2.601 1.144 3.85 2.601 2.185 2.601 2.185 3.122 3.538 5.099 2.601 5.516 5.932 1.977 5.828 5.203 1.977 1.353 2.497 5.828 3.018 1.977 1.04 2.185 2.185 2.914 3.538 2.497 0.52 1.457 2.081 1.665 1.144 1.561 4.267 1.248 2.081 2.185 1.353 0.728 0.624 0.0 0.52 0.728 0.104 0.208 -0.624 -0.312 0.416 0.832 5.724 1.353 2.601 5.62 2.497 0.416 4.475 0.52 0.312 0.832 2.289 3.746 1.873 1.561 0.416 -0.208 0.832 4.891 4.475 4.787 1.04 1.665 0.208 0.936 0.624 0.52 0.728 -0.208 -0.104 0.624 0.0 -0.104 0.312 -0.104 0.0 0.312 0.416 0.0 0.208 0.312 0.52 -0.208 0.104 0.312 3.434 1.769 0.624 3.226 1.457 1.144 4.475 4.995 5.62 5.724 0.312 0.208 1.04 0.104 0.312 4.995 0.832 2.289 -0.312 0.728 0.52 0.624 0.0 0.0 0.0 -0.312 -0.104 -0.416 0.312 -0.52 0.0 0.52 0.104 -0.416 -1.04 1.873 4.267 0.312 0.104 0.104 -0.104 0.208 0.104 0.0 0.312 0.0 -1.04 -0.312 -0.104 0.0 0.208 0.0 0.208 0.104 0.104 3.122 2.601 2.601 0.0 -0.208 0.52 0.416 0.624 0.312 -0.208 0.728 1.04 1.04 0.416 0.416 0.416 0.208 0.312 0.104 0.52 0.832 -0.104 0.52 0.52 0.312 0.624 0.52 0.728 0.104 0.208 0.624 0.416 0.0 0.0 0.832 -0.104 0.312 -0.52 -0.104 0.52 0.624 0.832 
# name: power
# type: matrix
# rows: 1
# columns: 358
 98.459 98.875 103.975 98.251 100.02 97.939 99.396 98.251 98.355 98.147 99.5 98.459 98.147 97.314 96.586 100.957 98.459 98.043 98.667 98.147 98.563 98.563 98.043 97.73 97.418 97.834 98.771 95.649 94.816 95.024 109.804 99.083 100.02 100.02 99.396 99.396 100.124 99.916 99.188 100.124 98.563 99.5 99.188 98.563 98.771 109.908 99.708 102.102 100.645 100.853 99.083 99.5 99.292 99.812 98.667 99.396 99.708 98.979 98.667 99.812 99.604 99.5 98.667 99.292 98.771 99.396 101.061 109.179 105.224 101.79 109.491 107.098 99.396 97.626 99.188 98.459 100.645 100.957 98.355 98.043 103.663 99.292 100.02 101.165 105.536 108.763 109.595 110.636 101.477 101.581 101.373 101.581 105.64 101.581 101.165 102.31 102.83 101.269 103.455 109.804 104.183 103.351 101.998 102.518 102.518 101.685 101.79 100.749 101.165 101.581 101.373 101.477 100.436 100.541 100.436 99.916 100.853 99.916 102.414 100.645 101.685 110.74 107.41 98.251 102.934 109.595 97.21 103.143 95.545 95.857 98.251 108.242 106.265 100.02 95.128 95.441 98.459 94.92 96.065 97.73 97.106 95.753 102.83 95.961 100.749 96.898 101.477 99.5 100.853 99.916 106.577 102.414 100.124 98.355 97.418 109.387 108.347 100.436 98.563 107.514 102.726 99.708 100.02 99.916 104.391 100.541 102.206 102.934 98.251 105.536 102.31 102.83 102.31 99.708 102.726 105.328 108.971 100.957 108.763 108.971 97.73 108.867 107.514 97.73 97.314 102.102 110.116 102.622 99.604 97.522 100.228 99.916 102.934 105.12 99.188 97.002 99.916 99.396 98.043 97.73 97.626 105.953 97.626 98.251 98.043 97.522 96.794 96.69 94.92 95.961 95.441 94.088 94.4 94.92 93.879 93.984 95.024 107.93 95.753 100.228 109.179 101.685 95.441 108.242 95.649 95.649 97.73 99.916 106.161 100.332 98.043 96.69 95.545 98.459 109.283 108.555 110.22 98.355 99.708 95.545 98.355 94.608 94.92 95.232 94.504 94.296 95.232 94.712 94.192 94.816 94.192 94.504 94.712 94.4 94.4 94.4 94.4 94.296 94.296 94.504 94.4 102.622 98.459 94.712 102.414 97.106 95.857 105.432 108.867 109.595 109.387 96.69 96.481 96.377 96.169 96.69 109.283 96.169 100.645 94.296 96.794 94.816 94.4 93.879 94.92 94.088 93.984 94.192 94.088 93.984 94.816 94.088 95.232 93.879 93.775 94.4 97.522 97.418 98.043 93.984 93.984 94.4 94.92 93.984 93.671 95.024 94.504 94.4 94.4 94.4 94.816 94.4 94.4 94.296 94.088 94.296 101.79 101.477 101.581 95.232 94.816 94.504 94.504 95.232 94.504 94.504 96.794 95.961 96.169 94.4 94.712 94.816 94.92 95.649 95.441 95.128 98.459 95.024 94.92 94.608 94.4 94.712 94.712 94.712 95.024 94.712 94.816 94.504 94.712 94.608 97.106 95.232 98.459 95.232 95.232 94.504 95.337 95.961 
