# name: phAngle
# type: matrix
# rows: 1
# columns: 359
 338 338 338 337 301 301 301 301 301 301 301 301 297 301 301 301 301 301 301 297 301 301 301 301 301 301 301 301 336 340 337 336 336 336 336 337 336 336 336 336 336 336 336 337 336 338 338 339 339 338 338 338 339 338 338 338 338 338 338 341 339 339 339 339 339 339 339 339 339 339 339 339 339 339 339 338 341 341 339 339 338 339 339 339 338 339 339 338 338 338 339 339 339 338 339 339 338 339 338 338 339 339 338 339 338 338 341 341 338 339 338 338 338 339 338 339 339 339 338 341 338 338 338 338 338 338 338 338 338 338 341 339 338 338 338 338 338 338 338 338 338 338 338 338 338 338 338 338 338 338 338 338 338 338 338 338 338 338 338 338 341 341 338 338 338 338 338 338 338 338 338 338 338 338 338 338 338 338 338 338 338 338 338 338 338 338 338 338 338 338 341 340 338 338 338 338 338 338 338 338 338 338 341 339 338 338 338 338 338 338 338 338 338 338 338 338 338 338 338 338 338 338 338 338 338 338 338 338 338 338 338 338 341 341 338 338 338 338 338 338 338 338 338 338 338 338 338 338 338 338 338 338 338 338 338 338 338 338 338 338 338 338 340 340 338 338 338 338 338 338 338 338 338 338 341 340 338 338 338 338 338 338 338 338 338 338 338 338 338 338 338 338 338 338 338 338 338 338 338 338 338 338 338 338 338 341 340 338 338 338 338 338 338 338 338 338 338 338 338 338 338 338 338 338 338 338 338 338 338 338 338 338 338 338 338 340 338 338 338 338 338 338 338 338 338 338 338 340 339 338 338 338 338 338 336 336 336 336 336 
# name: freq
# type: matrix
# rows: 1
# columns: 359
 49.9 49.9 49.9 49.9 50.0 49.9 50.0 50.0 50.0 50.0 50.0 50.0 50.0 50.0 50.0 50.0 50.0 50.0 50.0 50.0 50.0 50.0 50.0 50.0 50.0 50.0 50.0 50.0 50.0 50.0 50.0 50.0 50.0 50.0 50.0 50.0 50.0 50.0 50.0 50.0 50.0 50.0 50.0 50.0 50.0 50.0 50.0 50.0 50.0 50.0 50.0 50.0 50.0 50.0 50.0 50.0 50.0 50.0 50.0 50.0 50.0 50.0 50.0 50.0 50.0 50.0 50.0 50.0 50.0 50.0 50.0 50.0 50.0 50.0 50.0 50.0 50.0 50.0 50.0 50.0 50.0 50.0 50.0 50.0 50.0 50.0 50.0 50.0 49.9 50.0 50.0 50.0 50.0 50.0 50.0 50.0 50.0 50.0 50.0 50.0 50.0 50.0 50.0 50.0 50.0 50.0 50.0 50.0 50.0 50.0 50.0 50.0 50.0 50.0 50.0 50.0 50.0 50.0 50.0 50.0 50.0 50.0 50.0 50.0 50.0 50.0 50.0 50.0 50.0 50.0 50.0 50.0 50.0 50.0 50.0 50.0 50.0 50.0 50.0 50.0 50.0 50.0 50.0 50.0 50.0 50.0 50.0 50.0 50.0 50.0 50.0 50.0 50.0 50.0 50.0 50.0 50.0 50.0 50.0 50.0 50.0 50.0 50.0 50.0 50.0 50.0 50.0 50.0 50.0 50.0 50.0 50.0 50.0 50.0 50.0 50.0 50.0 50.0 50.0 50.0 50.0 50.0 50.0 50.0 50.0 50.0 50.0 50.0 50.0 50.0 50.0 50.0 50.0 50.0 50.0 50.0 50.0 50.0 50.0 50.0 50.0 50.0 50.0 50.0 50.0 50.0 50.0 50.0 50.0 50.0 50.0 50.0 50.0 50.0 50.0 50.0 50.0 50.0 50.0 50.0 50.0 50.0 50.0 50.0 50.0 50.0 50.0 50.0 50.0 50.0 50.0 50.0 50.0 50.0 50.0 50.0 50.0 50.0 50.0 50.0 50.0 50.0 50.0 50.0 50.0 50.0 50.0 50.0 50.0 50.0 50.0 50.0 50.0 50.0 50.0 50.0 50.0 50.0 50.0 50.0 50.0 50.0 50.0 50.0 50.0 50.0 50.0 50.0 50.0 50.0 50.0 50.0 50.0 50.0 50.0 50.0 50.0 50.0 50.0 50.0 50.0 50.0 50.0 50.0 50.0 50.0 50.0 50.0 50.0 50.0 50.0 50.0 50.0 50.0 50.0 50.0 50.0 50.0 50.0 50.0 50.0 50.0 50.0 50.0 50.0 50.0 50.0 50.0 50.0 50.0 50.0 50.0 50.0 50.0 50.0 50.0 50.0 50.0 50.0 50.0 50.0 50.0 50.0 50.0 50.0 50.0 50.0 50.0 50.0 50.0 50.0 50.0 50.0 50.0 50.0 50.0 50.0 50.0 50.0 50.0 50.0 50.0 50.0 50.0 50.0 50.0 50.0 50.0 50.0 50.0 50.0 50.0 50.0 50.0 50.0 50.0 50.0 50.0 50.0 
# name: reacPower
# type: matrix
# rows: 1
# columns: 359
 -75.052 -74.845 -75.155 -71.222 -12.318 -12.215 -12.215 -12.215 -12.215 -12.318 -12.318 -12.318 -12.318 -12.318 -12.215 -12.215 -12.215 -12.215 -12.318 -12.318 -12.318 -12.318 -12.318 -12.318 -12.318 -12.318 -12.318 -12.318 -72.05 -80.849 -75.362 -74.534 -74.534 -74.534 -74.327 -74.224 -74.327 -74.431 -74.431 -74.534 -74.431 -74.327 -74.327 -74.224 -74.327 -75.155 -73.395 -73.499 -73.603 -73.603 -73.395 -70.704 -74.12 -73.292 -73.292 -74.638 -73.292 -73.395 -73.292 -78.779 -74.327 -74.431 -74.638 -74.638 -74.224 -75.052 -74.741 -74.534 -74.431 -74.741 -74.534 -74.534 -75.155 -75.155 -74.12 -73.188 -79.503 -78.054 -74.741 -75.983 -76.605 -76.087 -76.191 -76.087 -76.708 -76.294 -76.087 -76.605 -76.605 -76.605 -76.294 -76.087 -76.087 -76.398 -76.087 -76.191 -76.605 -76.398 -76.708 -76.812 -76.087 -76.294 -76.812 -76.191 -76.708 -76.501 -81.884 -82.505 -77.743 -76.191 -77.122 -76.605 -76.605 -76.087 -76.501 -76.294 -76.191 -76.294 -76.398 -81.988 -76.398 -75.776 -75.673 -75.569 -76.191 -75.569 -76.087 -75.983 -76.398 -75.569 -82.609 -78.261 -75.673 -76.087 -75.983 -75.983 -75.776 -75.88 -75.983 -76.087 -76.398 -76.191 -76.087 -75.88 -76.398 -75.88 -76.398 -76.501 -76.294 -75.983 -76.087 -75.88 -75.776 -76.191 -76.398 -75.983 -76.087 -75.88 -75.88 -76.398 -83.23 -82.505 -76.708 -76.708 -76.915 -76.812 -76.501 -77.122 -76.812 -76.812 -77.019 -77.019 -76.812 -76.915 -76.915 -78.054 -76.915 -77.743 -76.915 -76.501 -76.812 -77.122 -77.122 -77.122 -77.019 -77.329 -77.64 -77.019 -76.915 -76.708 -82.402 -81.574 -75.466 -75.673 -75.466 -75.673 -75.673 -75.673 -75.362 -75.776 -76.294 -75.88 -82.505 -78.986 -75.673 -75.673 -75.776 -75.673 -75.776 -75.983 -75.88 -75.983 -75.88 -75.88 -75.983 -76.087 -75.776 -76.501 -75.673 -75.88 -75.776 -75.983 -75.466 -75.776 -75.569 -75.983 -75.88 -76.501 -75.776 -75.88 -75.569 -75.466 -81.988 -82.091 -76.915 -77.226 -77.019 -76.915 -77.019 -77.019 -77.122 -76.812 -76.812 -77.226 -76.915 -76.708 -77.019 -77.226 -77.122 -77.122 -77.122 -77.019 -77.329 -77.536 -77.226 -77.433 -77.226 -77.433 -77.64 -77.122 -77.226 -77.122 -82.609 -82.712 -76.087 -75.776 -76.087 -76.294 -76.191 -76.294 -76.087 -76.191 -76.191 -76.501 -82.609 -80.435 -77.019 -77.019 -77.019 -76.915 -77.122 -77.122 -76.708 -76.812 -77.122 -77.226 -76.812 -77.019 -76.915 -77.226 -76.915 -77.122 -77.122 -78.261 -78.157 -77.847 -77.122 -77.743 -77.64 -77.743 -77.743 -77.433 -77.743 -77.743 -77.847 -83.54 -83.333 -77.329 -77.329 -77.433 -77.433 -77.743 -77.95 -77.743 -77.433 -77.64 -77.329 -77.743 -77.64 -78.157 -77.847 -77.95 -78.157 -77.64 -78.779 -78.054 -77.847 -77.95 -77.847 -77.433 -77.536 -77.743 -77.847 -77.743 -78.157 -83.748 -77.329 -76.501 -77.329 -77.019 -77.329 -76.605 -76.812 -76.915 -76.708 -77.122 -76.812 -83.333 -79.814 -76.812 -76.605 -76.398 -76.501 -76.605 -77.226 -77.226 -77.122 -77.122 -77.536 
