# name: phAngle
# type: matrix
# rows: 1
# columns: 359
 277 277 277 277 277 277 277 277 277 277 277 277 277 277 277 277 277 277 277 277 277 277 277 277 277 277 277 277 277 277 277 277 277 277 277 277 277 277 277 277 277 277 277 277 277 277 277 277 277 277 277 277 277 277 277 277 277 277 277 277 277 277 277 277 277 277 277 277 277 277 277 277 277 277 277 277 277 277 277 277 277 277 277 277 277 277 277 277 277 277 277 277 277 277 277 277 277 277 277 277 277 277 277 277 277 277 277 277 277 277 277 277 277 277 277 277 277 277 277 277 277 277 277 277 277 277 277 277 277 277 277 277 277 277 277 277 277 277 277 277 277 277 277 277 277 277 277 277 277 277 277 277 277 277 277 277 277 277 277 277 277 277 277 277 277 277 277 277 277 277 277 340 342 339 337 340 337 336 336 339 339 337 343 338 337 337 337 338 338 338 338 338 340 338 337 338 337 337 336 336 336 338 336 336 337 337 337 337 336 337 337 338 338 338 337 336 336 337 337 336 337 336 337 336 336 336 336 336 336 336 337 336 338 337 336 336 336 336 336 338 338 337 337 336 336 337 337 337 335 336 337 337 337 338 336 337 337 338 338 337 337 336 336 335 337 338 337 337 336 337 336 337 338 338 337 335 336 336 336 335 336 336 336 337 336 336 335 337 336 336 336 336 336 340 336 335 336 335 336 335 335 335 335 335 335 335 338 335 335 335 336 335 336 336 335 336 336 336 337 335 335 336 336 335 335 335 336 335 335 335 335 335 336 335 335 335 335 335 335 335 335 333 335 335 335 335 336 335 337 335 335 337 336 336 335 340 335 337 335 
# name: freq
# type: matrix
# rows: 1
# columns: 359
 50.0 50.0 50.0 50.0 50.0 50.0 50.0 50.0 50.0 50.0 50.0 50.0 50.0 50.0 50.0 50.0 50.0 50.0 50.0 50.0 50.0 50.0 50.0 50.0 50.0 50.0 50.0 50.0 50.0 50.0 50.0 50.0 50.0 50.0 50.0 50.0 50.0 50.0 50.0 50.0 50.0 50.0 50.0 50.0 50.0 50.0 50.0 50.0 50.0 50.0 50.0 50.0 50.0 50.0 50.0 50.0 50.0 50.0 50.0 50.0 50.0 50.0 50.0 50.0 50.0 50.0 50.0 50.0 50.0 50.0 50.0 50.0 50.0 50.0 50.0 50.0 50.0 50.0 50.0 50.0 50.0 50.0 50.0 50.0 50.0 50.0 50.0 50.0 50.0 50.0 50.0 50.0 50.0 50.0 50.0 50.0 50.0 50.0 50.0 50.0 50.0 50.0 50.0 50.0 50.0 50.0 50.0 50.0 50.0 50.0 50.0 50.0 50.0 50.0 50.0 50.0 50.0 50.0 50.0 50.0 50.0 50.0 50.0 50.0 50.0 50.0 50.0 50.0 50.0 50.0 50.0 50.0 50.0 50.0 50.0 50.0 50.0 50.0 50.0 50.0 50.0 50.0 50.0 50.0 50.0 50.0 50.0 50.0 50.0 50.0 50.0 50.0 50.0 50.0 50.0 50.0 50.0 50.0 50.0 50.0 50.0 50.0 50.0 50.0 49.9 50.0 50.0 50.0 50.0 50.0 50.0 50.0 50.0 50.0 50.0 50.0 50.0 50.0 50.0 50.0 50.0 50.0 50.0 50.0 50.0 50.0 50.0 50.0 50.0 50.0 50.0 50.0 50.0 50.0 50.0 50.0 50.0 50.0 50.0 50.0 50.0 50.0 50.0 50.0 50.0 50.0 50.0 50.0 50.0 50.0 50.0 50.0 50.0 50.0 50.0 50.0 50.0 50.0 50.0 50.0 50.0 50.0 50.0 50.0 50.0 50.0 50.0 50.0 50.0 50.0 50.0 50.0 50.0 50.0 50.0 50.0 50.0 50.0 50.0 50.0 50.0 50.0 50.0 50.0 50.0 50.0 50.0 50.0 50.0 50.0 50.0 50.0 50.0 50.0 50.0 50.0 50.0 50.0 50.0 50.0 50.0 50.0 50.0 50.0 50.0 50.0 50.0 50.0 50.0 50.0 50.0 50.0 50.0 50.0 50.0 50.0 50.0 50.0 50.0 50.0 50.0 50.0 50.0 50.0 50.0 50.0 50.0 50.0 50.0 50.0 50.0 50.0 50.0 50.0 50.0 50.0 50.0 50.0 50.0 50.0 50.0 50.0 50.0 50.0 50.0 50.0 50.0 50.0 50.0 50.0 50.0 50.0 50.0 50.0 50.0 50.0 50.0 50.0 50.0 50.0 50.0 50.0 50.0 50.0 50.0 50.0 50.0 50.0 50.0 50.0 50.0 50.0 50.0 50.0 50.0 50.0 50.0 50.0 50.0 50.0 50.0 50.0 50.0 50.0 50.0 50.0 50.0 50.0 50.0 50.0 50.0 50.0 50.0 50.0 50.0 50.0 50.0 50.0 50.0 
# name: reacPower
# type: matrix
# rows: 1
# columns: 359
 -16.652 -16.652 -16.652 -16.652 -16.652 -16.652 -16.548 -16.652 -16.86 -16.86 -16.86 -16.965 -16.965 -16.86 -16.965 -16.965 -16.86 -16.965 -16.965 -16.965 -16.86 -16.965 -16.86 -16.86 -16.86 -16.86 -16.86 -16.86 -16.86 -16.86 -16.86 -16.86 -16.756 -16.652 -16.652 -16.652 -16.652 -16.756 -16.652 -16.652 -16.652 -16.652 -16.652 -16.652 -16.652 -17.069 -17.069 -17.173 -17.069 -16.965 -16.965 -16.965 -17.069 -17.069 -17.069 -17.173 -17.069 -17.173 -17.069 -17.069 -17.069 -17.069 -17.069 -17.069 -17.069 -17.069 -17.069 -17.069 -17.069 -17.069 -17.069 -17.069 -17.069 -17.173 -17.173 -17.069 -17.069 -17.069 -17.069 -17.069 -17.069 -17.069 -17.069 -17.069 -17.069 -17.069 -16.965 -17.069 -17.069 -17.069 -17.069 -17.069 -17.173 -17.069 -17.069 -16.965 -17.069 -16.965 -17.069 -17.069 -17.069 -16.965 -17.069 -16.965 -17.069 -17.069 -17.069 -17.069 -16.965 -16.86 -16.965 -17.069 -17.069 -17.069 -17.069 -17.069 -17.069 -16.965 -17.069 -16.965 -17.069 -16.965 -16.86 -16.965 -17.069 -16.965 -17.069 -17.069 -17.069 -17.069 -17.069 -17.069 -17.069 -17.069 -17.069 -17.069 -17.069 -17.069 -17.069 -17.069 -17.069 -17.069 -17.069 -17.069 -17.069 -17.069 -17.069 -17.069 -17.069 -17.069 -17.069 -16.652 -16.756 -16.652 -17.069 -17.069 -16.652 -17.069 -16.965 -16.965 -16.965 -16.965 -17.069 -16.965 -16.86 -16.965 -17.069 -16.965 -16.86 -16.756 -16.965 -32.889 -33.201 -32.576 -32.16 -32.472 -32.16 -31.432 -31.64 -32.368 -32.681 -32.16 -33.409 -32.472 -32.368 -32.472 -32.368 -32.576 -32.785 -32.889 -32.681 -32.681 -32.993 -32.576 -32.472 -32.576 -32.368 -32.264 -32.16 -32.16 -32.056 -32.576 -32.16 -32.16 -32.472 -32.576 -32.576 -32.681 -32.056 -32.472 -32.264 -32.576 -32.472 -32.785 -32.472 -32.264 -32.368 -32.472 -32.368 -32.368 -32.16 -32.368 -32.368 -32.368 -32.16 -32.16 -31.848 -32.16 -32.056 -32.264 -32.056 -32.056 -32.368 -32.368 -32.264 -32.368 -32.056 -32.264 -32.264 -32.681 -32.472 -32.576 -32.368 -32.264 -31.64 -32.16 -32.264 -32.16 -31.848 -31.952 -32.16 -32.681 -32.576 -32.681 -32.264 -32.056 -32.056 -32.16 -32.16 -32.056 -31.848 -31.952 -31.952 -31.744 -32.16 -32.056 -32.056 -31.952 -31.744 -31.64 -31.952 -32.16 -32.264 -32.368 -32.264 -31.744 -31.328 -31.536 -31.536 -31.328 -31.328 -31.328 -31.432 -32.16 -31.432 -31.328 -31.744 -32.16 -31.952 -31.536 -31.432 -31.432 -31.328 -32.576 -31.64 -31.848 -31.64 -31.744 -31.64 -31.848 -31.64 -31.744 -31.744 -31.848 -31.848 -31.744 -32.16 -32.056 -31.952 -31.848 -31.536 -31.536 -31.432 -31.64 -31.744 -31.744 -31.848 -31.328 -32.056 -32.056 -31.952 -31.64 -31.64 -31.536 -31.223 -31.223 -31.328 -31.328 -31.328 -31.223 -31.432 -31.328 -31.432 -31.223 -31.223 -31.432 -31.536 -31.536 -31.432 -31.536 -31.432 -31.744 -31.223 -31.223 -31.328 -31.64 -31.536 -31.744 -32.472 -31.848 -31.848 -32.368 -32.16 -32.264 -31.952 -32.681 -32.056 -32.368 -32.056 
