# name: phAngle
# type: matrix
# rows: 1
# columns: 359
 351 352 352 351 351 351 351 351 351 351 351 351 351 351 351 351 351 351 351 351 351 351 351 351 351 351 351 351 351 351 351 351 351 351 351 351 351 351 351 351 351 351 351 351 351 351 351 351 351 351 351 351 351 351 351 351 351 351 351 351 351 351 351 351 351 351 351 351 351 351 351 351 351 351 351 351 351 351 351 351 351 351 351 351 351 346 351 348 348 278 278 278 278 278 278 278 278 278 278 278 278 278 278 278 278 278 278 278 278 278 278 278 278 278 278 278 278 278 278 278 278 278 278 278 278 278 278 278 278 344 351 342 351 351 351 351 351 351 351 351 351 351 351 351 351 351 351 351 351 351 351 351 351 351 351 351 351 351 351 351 351 352 351 351 351 351 351 351 351 351 351 351 351 351 351 351 351 351 351 351 351 351 351 351 351 351 351 351 351 351 351 351 351 351 351 351 351 351 351 351 351 351 351 351 351 351 351 351 351 351 351 351 351 351 351 351 351 351 351 351 349 349 349 349 349 349 349 349 349 349 349 349 349 349 350 349 349 349 349 349 349 349 349 349 349 349 349 349 349 349 349 349 349 349 349 349 349 349 349 349 349 349 349 351 351 351 351 351 351 351 351 351 351 351 351 351 351 351 352 351 351 351 351 351 351 351 351 351 351 351 351 351 350 350 349 349 350 349 349 349 349 350 349 350 350 350 350 350 350 349 350 349 349 350 350 349 349 349 349 349 349 349 349 350 349 349 350 349 349 350 349 349 349 350 349 349 349 349 349 350 349 349 349 350 349 350 352 352 352 351 351 351 351 351 351 351 351 351 351 
# name: freq
# type: matrix
# rows: 1
# columns: 359
 50.0 50.0 50.0 50.0 50.0 50.0 50.0 50.0 50.0 50.0 50.0 50.0 50.0 50.0 50.0 50.0 50.0 50.0 50.0 50.0 50.0 50.0 50.0 50.0 50.0 50.0 50.0 50.0 50.0 50.0 50.0 50.0 50.0 50.0 50.0 50.0 50.0 50.0 50.0 50.0 50.0 50.0 50.0 50.0 50.0 50.0 50.0 50.0 50.0 50.0 50.0 50.0 50.0 50.0 50.0 50.0 50.0 50.0 50.0 50.0 50.0 50.0 50.0 50.0 50.0 50.0 50.0 50.0 50.0 50.0 50.0 50.0 50.0 50.0 50.0 50.0 50.0 50.0 50.0 50.0 50.0 50.0 50.0 50.0 50.0 50.0 50.0 50.0 50.0 50.0 50.0 50.0 50.0 50.0 50.0 50.0 50.0 50.0 50.0 50.0 50.0 50.0 50.0 50.0 50.0 50.0 50.0 50.0 50.0 50.0 50.0 50.0 50.0 50.0 50.0 50.0 50.0 50.0 50.0 50.0 50.0 50.0 50.0 50.0 50.0 50.0 50.0 50.0 50.0 50.0 50.0 50.0 50.0 50.0 50.0 50.0 50.0 50.0 50.0 50.0 50.0 50.0 50.0 50.0 50.0 50.0 50.0 50.0 50.0 50.0 50.0 50.0 50.0 50.0 50.0 50.0 50.0 50.0 50.0 50.0 50.0 50.0 50.0 50.0 50.0 50.0 50.0 50.0 50.0 50.0 50.0 50.0 50.0 50.1 50.0 50.0 50.0 50.0 50.0 50.0 50.0 50.0 50.0 50.0 50.0 50.0 50.0 50.0 50.0 50.0 50.0 50.0 50.0 50.0 50.0 50.0 50.0 50.0 50.0 50.0 50.0 50.0 50.0 50.0 50.0 50.0 50.0 50.0 50.0 50.0 50.0 50.0 50.0 50.0 50.0 50.0 50.0 50.0 50.0 50.0 50.0 50.0 50.0 50.0 50.0 50.0 50.0 50.0 50.0 50.0 50.0 50.0 50.0 50.0 50.0 50.0 50.0 50.0 50.0 50.0 50.0 50.0 50.0 50.0 50.0 50.0 50.0 50.0 50.0 50.0 50.0 50.0 50.0 50.0 50.0 50.0 50.0 50.0 50.0 50.0 50.0 50.0 50.0 50.0 50.0 50.0 50.0 50.0 50.0 50.0 50.0 50.0 50.0 50.0 50.0 50.0 50.0 50.0 50.0 50.0 50.0 50.0 50.0 50.0 50.0 50.0 50.0 50.0 50.0 50.0 50.0 50.0 50.0 50.0 50.0 50.0 50.0 50.0 50.0 50.0 50.0 50.0 50.0 50.0 50.0 50.0 50.0 50.0 50.0 50.0 50.0 50.0 50.0 49.9 50.0 50.0 50.0 50.0 50.0 50.0 50.0 50.0 50.0 50.0 50.0 50.0 50.0 50.0 50.0 50.0 50.0 50.0 50.0 50.0 50.0 50.0 50.0 50.0 50.0 50.0 50.0 50.0 50.0 50.0 50.0 50.0 50.0 50.0 50.0 50.0 50.0 50.0 50.0 50.0 50.0 50.0 50.0 50.0 50.0 
# name: reacPower
# type: matrix
# rows: 1
# columns: 359
 -25.155 -25.466 -25.362 -25.362 -25.362 -25.362 -25.362 -25.051 -25.051 -25.362 -25.258 -25.155 -25.362 -25.258 -25.155 -25.362 -25.258 -25.258 -25.258 -25.155 -25.155 -25.258 -25.258 -25.258 -25.155 -25.155 -25.362 -25.258 -25.155 -25.362 -25.362 -25.362 -25.362 -25.362 -25.362 -25.466 -25.362 -25.258 -25.466 -25.569 -25.362 -25.466 -25.466 -25.466 -25.673 -25.673 -25.569 -25.673 -25.362 -25.362 -25.362 -25.466 -25.362 -25.466 -25.362 -25.466 -25.466 -25.362 -25.362 -25.362 -25.155 -25.258 -25.258 -25.258 -25.258 -25.258 -25.258 -25.258 -25.258 -25.155 -25.155 -25.155 -25.258 -25.362 -25.258 -25.362 -25.258 -25.258 -25.258 -25.258 -25.258 -25.258 -25.466 -25.258 -25.362 -23.085 -24.43 -26.087 -25.983 -15.424 -15.528 -15.528 -15.528 -15.528 -15.528 -15.528 -15.528 -15.424 -15.528 -15.424 -15.424 -15.528 -15.528 -15.424 -15.424 -15.424 -15.528 -15.424 -15.424 -15.424 -15.528 -15.528 -15.528 -15.528 -15.528 -15.528 -15.528 -15.528 -15.528 -15.631 -15.631 -15.631 -15.631 -15.735 -15.735 -15.735 -15.735 -15.735 -15.735 -24.844 -25.983 -23.499 -25.673 -25.673 -25.88 -25.673 -25.673 -25.673 -25.776 -25.88 -25.776 -25.88 -25.776 -25.776 -25.776 -25.776 -25.88 -25.88 -25.88 -25.983 -25.983 -25.983 -25.88 -25.983 -25.983 -25.983 -26.19 -26.087 -25.983 -25.983 -26.087 -26.501 -26.19 -26.19 -26.19 -26.087 -25.983 -26.19 -26.087 -26.19 -26.087 -26.19 -26.19 -26.087 -26.087 -26.397 -26.087 -26.19 -26.087 -25.983 -26.087 -25.983 -26.087 -26.087 -25.983 -26.294 -26.087 -25.983 -26.19 -26.19 -26.19 -26.294 -26.087 -26.19 -26.19 -26.087 -25.983 -26.087 -25.983 -26.087 -25.983 -26.087 -26.087 -26.087 -25.983 -25.983 -25.88 -25.776 -25.983 -25.983 -26.087 -25.983 -25.983 -26.087 -26.087 -26.087 -25.983 -25.983 -26.087 -25.983 -27.432 -27.432 -27.329 -27.432 -27.432 -27.432 -27.432 -27.536 -27.639 -27.536 -27.639 -27.536 -27.536 -27.639 -27.639 -27.536 -27.536 -27.536 -27.536 -27.536 -27.432 -27.536 -27.536 -27.639 -27.536 -27.432 -27.536 -27.536 -27.432 -27.536 -27.536 -27.536 -27.432 -27.432 -27.536 -27.432 -27.432 -27.329 -27.432 -27.432 -27.536 -27.536 -27.536 -26.19 -26.19 -26.294 -26.811 -26.811 -26.501 -27.018 -26.501 -26.19 -26.294 -26.19 -26.19 -26.294 -26.294 -26.294 -26.501 -26.19 -26.19 -26.087 -26.294 -26.087 -26.294 -26.294 -26.19 -26.294 -26.19 -26.087 -26.19 -26.294 -27.639 -27.743 -27.536 -27.536 -27.536 -27.432 -27.639 -27.639 -27.536 -27.639 -27.639 -27.639 -27.639 -27.639 -27.743 -27.639 -27.639 -27.536 -27.639 -27.639 -27.639 -27.846 -27.639 -27.536 -27.432 -27.432 -27.536 -27.536 -27.536 -27.536 -27.329 -27.536 -27.432 -27.432 -27.536 -27.536 -27.536 -27.639 -27.536 -27.536 -27.432 -27.639 -27.639 -27.639 -27.432 -27.639 -27.639 -27.743 -27.639 -27.639 -27.639 -27.743 -27.639 -27.639 -26.604 -26.708 -26.604 -26.501 -26.915 -26.915 -26.501 -26.397 -26.19 -26.294 -26.294 -26.294 -26.294 
