# name: phAngle
# type: matrix
# rows: 1
# columns: 358
 7 8 8 8 8 8 8 8 7 8 7 7 7 7 7 7 7 7 7 7 7 7 7 7 7 7 7 7 7 7 7 8 7 7 7 7 7 7 7 7 7 7 8 8 7 7 7 8 7 7 7 7 7 7 7 7 8 8 8 8 8 8 7 7 8 10 337 321 321 321 321 321 321 321 321 321 315 315 315 315 315 321 315 315 315 315 315 315 315 315 315 9 9 7 8 7 8 8 8 8 8 7 7 7 8 7 7 7 7 7 8 7 7 7 7 7 8 7 7 7 8 8 8 7 7 9 8 8 7 7 7 7 8 9 8 7 7 7 8 7 8 7 7 8 8 8 8 8 8 8 8 8 8 8 8 8 8 8 8 8 8 8 8 8 8 8 8 8 8 8 8 8 8 8 9 8 9 8 8 8 8 8 8 8 10 8 9 7 7 7 7 7 7 8 8 7 8 8 9 301 301 301 301 301 301 301 301 301 301 301 301 301 301 301 301 301 301 301 301 301 301 301 301 301 301 8 8 9 7 9 8 8 7 7 7 7 7 7 7 7 7 7 7 7 7 8 8 8 8 8 8 8 8 8 8 8 8 8 8 8 9 8 8 8 8 8 8 8 8 8 8 8 8 9 8 8 8 8 8 8 9 8 8 8 8 9 9 8 8 8 9 8 8 8 8 8 8 8 8 8 8 8 8 8 8 8 8 8 8 8 8 8 8 10 10 10 10 10 10 10 10 10 10 10 10 7 10 10 10 10 10 10 10 8 8 8 10 8 8 10 10 8 8 8 9 8 8 8 8 8 9 8 9 8 9 9 9 8 
# name: freq
# type: matrix
# rows: 1
# columns: 358
 50.0 50.0 50.0 50.0 50.0 50.0 50.0 50.0 50.0 50.0 50.0 50.0 50.0 50.0 50.0 50.0 50.0 50.0 50.0 50.0 50.0 50.0 50.0 50.0 50.0 50.0 50.0 50.0 50.0 50.0 50.0 50.0 50.0 50.0 50.0 50.0 50.0 50.0 50.0 50.0 50.0 50.0 50.0 50.0 50.0 50.0 50.0 50.0 50.0 50.0 50.0 50.0 50.0 50.0 50.0 50.0 50.0 50.0 50.0 50.0 50.0 50.0 50.0 50.0 50.0 50.0 50.0 50.0 50.0 50.0 50.0 50.0 50.0 50.0 50.0 50.0 50.0 50.0 50.0 50.0 50.0 50.0 50.0 50.0 50.0 50.0 50.0 50.0 50.0 50.0 50.0 50.0 50.0 50.0 50.0 50.0 50.0 50.0 50.0 50.0 50.0 50.0 50.0 50.0 50.0 50.0 50.0 50.0 50.0 50.0 50.0 50.0 50.0 50.0 50.0 50.0 50.0 50.0 50.0 50.0 50.0 50.0 50.0 50.0 50.0 50.0 50.0 50.0 50.0 50.0 50.0 50.0 50.0 50.0 50.0 50.0 50.0 50.0 50.0 50.0 50.0 50.0 50.0 50.0 50.0 50.0 50.0 50.0 50.0 50.0 50.0 50.0 50.0 50.0 50.0 50.0 50.0 50.0 50.0 50.0 50.0 50.0 50.0 50.0 50.0 50.0 50.0 50.0 50.0 50.0 50.0 50.0 50.0 50.0 50.0 50.0 50.0 50.0 50.0 50.0 50.0 50.0 50.0 50.0 50.0 50.0 50.0 50.0 50.0 50.0 50.0 50.0 50.0 50.0 50.0 50.0 50.0 50.0 50.0 50.0 50.0 50.0 50.0 50.0 50.0 50.0 50.0 50.0 50.0 50.0 50.0 50.0 50.0 50.0 50.0 50.0 50.0 50.0 50.0 50.0 50.0 50.0 50.0 50.0 50.0 50.0 50.0 50.0 50.0 50.0 50.0 50.0 50.0 50.0 50.0 50.0 50.0 50.0 50.0 50.0 50.0 50.0 50.0 50.0 50.0 50.0 50.0 50.0 50.0 50.0 50.0 50.0 50.0 50.0 50.0 50.0 50.0 50.0 50.0 50.0 50.0 50.0 50.0 50.0 50.0 50.0 50.0 50.0 50.0 50.0 50.0 50.0 50.0 50.0 50.0 50.0 50.0 50.0 50.0 50.0 50.0 50.0 50.0 50.0 50.0 50.0 50.0 50.0 50.0 50.0 50.0 50.0 50.0 50.0 50.0 50.0 50.0 50.0 50.0 50.0 50.0 50.0 50.0 50.0 50.0 50.0 50.0 50.0 50.0 50.0 50.0 50.0 50.0 50.0 50.0 50.0 50.0 50.0 50.0 50.0 50.0 50.0 50.0 50.0 50.0 50.0 50.0 50.0 50.0 50.0 50.0 50.0 50.0 50.0 50.0 50.0 50.0 50.0 50.0 50.0 50.0 50.0 50.0 50.0 50.0 50.0 50.0 50.0 50.0 50.0 50.0 50.0 50.0 50.0 50.0 50.0 50.0 50.0 
# name: reacPower
# type: matrix
# rows: 1
# columns: 358
 15.091 15.924 16.548 17.069 16.444 16.548 19.254 16.34 15.403 16.34 14.571 14.779 14.363 14.363 15.195 14.571 14.571 14.363 14.258 14.883 14.987 14.363 14.258 14.779 14.363 14.467 15.611 14.883 15.091 14.675 14.571 16.652 15.299 14.258 14.779 14.779 14.987 14.883 15.611 14.987 14.987 14.883 17.381 17.589 15.611 14.675 15.091 18.109 15.091 15.195 15.403 15.195 15.507 15.299 15.299 15.195 19.671 18.422 16.965 16.548 16.756 16.965 14.883 15.403 13.426 20.295 -7.389 -8.534 -8.638 -8.638 -8.638 -8.742 -8.742 -8.742 -8.638 -8.846 -8.95 -8.95 -8.95 -8.95 -8.95 -8.846 -8.846 -8.846 -8.95 -8.95 -8.846 -8.846 -8.95 -9.054 -9.054 19.879 20.607 15.403 15.924 15.716 18.213 18.213 18.63 17.277 18.838 15.611 14.779 14.675 15.924 14.675 14.467 14.675 14.883 14.779 15.924 14.675 14.571 14.571 15.716 14.571 19.462 14.779 14.467 14.675 15.924 16.444 15.924 14.883 14.779 20.399 15.924 17.173 15.82 14.467 14.779 14.675 17.381 22.377 17.277 14.779 14.675 14.883 16.028 14.883 15.924 14.571 14.987 16.86 17.485 16.34 18.005 16.86 16.965 17.381 16.652 16.86 18.005 17.173 17.173 17.797 17.069 17.589 17.901 17.277 17.485 17.589 17.173 16.965 18.422 16.965 16.965 17.277 18.109 17.381 18.005 18.63 18.109 17.485 20.191 17.589 20.399 17.381 18.213 18.942 17.277 17.485 18.318 17.277 23.73 18.005 19.983 15.507 15.611 14.779 14.883 14.883 14.675 15.091 14.779 14.675 14.987 13.218 21.336 -9.887 -9.991 -9.991 -9.991 -9.991 -9.991 -9.991 -10.095 -9.991 -9.991 -9.991 -9.991 -9.991 -9.991 -9.991 -9.991 -9.991 -10.095 -9.991 -10.095 -10.095 -10.095 -10.095 -10.095 -9.991 -9.991 17.693 19.462 22.273 15.403 23.105 16.132 16.444 14.987 15.091 13.842 14.05 15.507 14.987 14.154 14.467 14.05 15.299 15.611 14.363 14.675 15.82 16.965 15.924 17.381 16.34 16.548 17.381 19.046 17.381 19.046 17.069 17.173 17.277 17.069 17.901 19.879 17.069 17.589 17.797 18.734 18.422 19.358 18.734 18.213 17.069 17.693 19.15 18.942 21.128 17.485 19.566 19.358 17.381 18.838 17.589 19.879 19.566 19.15 18.109 19.358 22.064 20.191 17.381 17.381 18.422 19.879 17.485 16.756 16.86 17.277 17.069 19.462 18.734 17.173 17.277 16.756 16.756 19.046 19.254 18.005 16.86 17.173 16.965 18.63 18.318 16.86 17.173 17.485 26.54 26.228 26.124 26.228 26.54 26.124 27.268 27.372 27.268 27.164 27.581 28.101 15.403 24.458 24.354 26.019 27.789 27.789 26.852 27.685 18.63 17.173 16.86 26.332 18.109 19.671 27.164 27.372 17.173 17.381 17.693 19.879 18.005 18.005 17.485 18.005 18.734 20.92 19.046 21.752 17.693 17.797 22.273 22.481 17.589 
