# name: phAngle
# type: matrix
# rows: 1
# columns: 359
 337 337 336 335 335 337 337 335 335 336 336 336 337 336 335 335 338 336 336 336 335 336 336 336 336 336 336 335 336 335 336 336 334 334 334 334 334 333 334 334 334 334 334 334 336 335 335 337 335 335 336 335 336 335 336 336 337 335 335 334 333 335 333 333 333 333 333 333 333 333 333 333 333 333 333 333 333 334 333 333 333 339 335 337 338 337 337 336 338 338 337 336 335 335 335 335 335 338 338 337 335 335 335 334 333 333 333 337 335 336 335 336 336 334 336 335 336 334 334 336 335 335 334 333 333 333 333 335 335 335 335 334 335 335 335 337 336 333 334 334 334 333 334 333 334 333 333 333 333 333 333 333 333 333 333 333 333 333 333 333 333 333 333 333 333 333 333 333 333 333 333 333 334 333 339 333 334 334 333 333 333 333 335 334 334 334 334 334 333 333 333 335 335 335 335 335 335 335 335 335 335 335 335 335 335 335 335 335 335 335 335 335 334 335 335 335 334 336 335 336 334 335 336 335 335 335 335 335 335 335 336 335 336 335 335 336 336 336 337 335 335 336 335 335 335 336 336 335 336 336 336 336 336 336 336 334 334 335 335 334 337 337 337 335 340 337 336 337 336 336 336 336 336 336 336 336 336 336 336 337 337 337 337 337 337 336 337 336 337 335 337 336 336 336 336 336 336 336 339 335 336 336 336 335 335 336 336 336 335 336 336 336 336 335 335 335 335 336 335 336 335 336 335 335 336 336 336 336 336 336 336 335 335 336 335 336 335 336 336 336 337 337 338 335 335 335 335 335 337 337 336 335 335 335 336 335 336 335 336 
# name: freq
# type: matrix
# rows: 1
# columns: 359
 50.0 50.0 50.0 50.0 50.0 50.0 50.0 50.0 50.0 50.0 50.0 50.0 50.0 50.0 50.0 50.0 50.0 50.0 50.0 50.0 50.0 50.0 50.0 50.0 50.0 50.0 50.0 50.0 50.0 50.0 50.0 50.0 50.0 50.0 50.0 50.0 50.0 50.0 50.0 50.0 50.0 50.0 50.0 50.0 50.1 50.0 50.0 50.0 50.0 50.0 50.0 50.0 50.0 50.0 50.0 50.0 50.0 50.0 50.0 50.0 50.0 50.0 50.0 50.0 50.0 50.0 50.0 50.0 50.0 50.0 50.0 50.0 50.0 50.0 50.0 50.0 50.0 50.0 50.0 50.0 50.0 50.0 50.0 50.0 50.0 50.0 50.0 50.0 50.0 50.0 50.0 50.1 50.0 50.0 50.0 50.0 50.0 50.0 50.0 50.0 50.0 50.0 50.0 50.0 50.0 50.1 50.1 50.1 50.0 50.0 50.0 50.0 50.0 50.0 50.0 50.0 50.0 50.0 50.0 50.0 50.0 50.0 50.0 50.0 50.0 50.0 50.0 50.0 50.0 50.0 50.0 50.0 50.0 50.0 50.0 50.0 50.0 50.0 50.0 50.0 50.0 50.0 50.0 50.0 50.0 50.0 50.0 50.0 50.0 50.0 50.0 50.0 49.9 49.9 49.9 50.0 50.0 49.9 49.9 49.9 49.9 49.9 50.0 50.0 50.0 50.0 50.0 50.0 50.0 50.0 50.0 50.0 50.0 50.0 50.0 50.0 50.0 50.0 50.0 50.0 50.0 50.0 50.0 50.0 50.0 50.0 50.0 50.0 50.0 50.0 50.0 50.0 50.0 50.0 50.0 50.0 50.0 50.0 50.0 50.0 50.0 50.0 50.0 50.0 50.0 50.0 50.0 50.0 50.0 50.0 50.0 50.0 50.0 50.0 50.0 50.0 50.0 50.0 50.0 50.0 50.0 50.0 50.0 50.0 50.0 50.0 50.0 50.0 50.0 50.0 50.0 50.0 50.0 50.0 50.0 50.0 50.0 50.0 50.0 50.0 50.0 50.0 50.0 50.0 50.0 50.0 50.0 50.0 50.0 50.0 50.0 50.0 50.0 50.0 50.0 50.0 50.0 50.0 50.0 50.0 50.0 50.0 50.0 50.0 50.0 50.0 50.0 50.0 50.0 50.0 50.0 50.0 50.0 50.0 50.0 50.0 50.0 50.0 50.0 50.0 50.0 50.0 50.0 50.0 50.0 50.0 50.0 50.0 50.0 50.0 50.0 50.0 50.0 50.0 50.0 50.0 50.0 50.0 50.0 50.0 50.0 50.0 50.0 50.0 50.0 50.0 50.0 50.0 50.0 50.0 50.0 50.1 50.0 50.0 50.0 50.0 50.0 50.0 50.0 50.0 50.0 50.0 50.0 50.0 50.0 50.0 50.0 50.0 50.0 50.0 50.0 50.0 50.0 50.0 50.0 50.0 50.0 50.0 50.0 50.0 50.0 50.0 50.0 50.0 50.0 50.0 50.0 50.0 50.0 50.0 50.0 50.0 50.0 50.0 50.0 50.0 50.0 50.0 50.0 
# name: reacPower
# type: matrix
# rows: 1
# columns: 359
 -32.368 -32.368 -32.16 -31.744 -31.432 -32.16 -32.264 -32.056 -31.952 -31.536 -31.432 -31.432 -32.16 -31.432 -31.223 -31.223 -32.264 -31.536 -31.536 -31.328 -31.744 -31.848 -31.328 -31.328 -31.432 -31.432 -31.328 -32.056 -31.536 -31.432 -31.432 -31.432 -31.952 -31.848 -31.848 -31.744 -31.952 -31.744 -31.848 -31.952 -31.744 -31.744 -31.848 -32.056 -32.264 -32.056 -32.264 -32.576 -32.368 -32.368 -32.368 -32.264 -32.576 -32.056 -32.681 -32.889 -32.889 -32.472 -32.368 -32.16 -31.848 -32.472 -31.848 -31.952 -31.848 -31.952 -31.848 -31.848 -31.848 -31.952 -31.952 -31.848 -31.848 -31.848 -31.848 -31.848 -31.848 -32.056 -31.848 -31.848 -31.744 -33.097 -32.368 -32.785 -32.889 -32.785 -32.785 -32.576 -33.097 -33.097 -32.889 -32.576 -32.368 -32.368 -32.472 -32.472 -32.472 -32.889 -32.889 -32.785 -32.472 -32.264 -32.16 -32.056 -31.952 -31.848 -31.848 -32.889 -32.264 -32.472 -32.368 -32.681 -32.681 -32.264 -32.681 -32.576 -32.681 -32.16 -32.264 -32.889 -32.681 -32.681 -32.264 -32.056 -32.056 -32.056 -32.056 -32.368 -32.368 -32.368 -32.264 -32.056 -32.264 -32.264 -32.576 -32.681 -32.576 -31.848 -32.16 -32.16 -32.16 -31.952 -31.952 -31.848 -31.952 -31.952 -31.848 -31.848 -31.952 -31.848 -31.744 -31.848 -31.744 -31.848 -31.848 -31.744 -31.848 -31.744 -31.848 -31.848 -31.744 -31.744 -31.744 -31.744 -31.952 -31.848 -31.952 -31.952 -32.056 -31.952 -31.952 -32.056 -32.16 -32.056 -32.993 -32.056 -31.952 -32.056 -31.952 -31.952 -31.952 -31.848 -32.264 -32.056 -32.056 -32.056 -32.056 -32.056 -31.952 -31.952 -32.056 -31.536 -31.536 -31.536 -31.536 -31.536 -31.64 -31.536 -31.64 -31.536 -31.432 -31.536 -31.536 -31.64 -31.536 -31.64 -31.64 -31.536 -31.536 -31.536 -31.536 -32.056 -31.744 -31.64 -32.056 -31.64 -31.744 -31.64 -31.432 -32.16 -31.64 -31.744 -31.952 -31.64 -31.432 -31.744 -31.536 -31.432 -32.16 -31.432 -31.64 -31.536 -31.64 -32.056 -32.056 -31.64 -32.16 -32.264 -32.368 -31.952 -31.744 -31.64 -31.848 -31.432 -31.432 -31.536 -31.536 -31.432 -31.536 -31.64 -31.536 -31.536 -31.64 -31.64 -31.536 -31.744 -31.64 -31.848 -31.952 -31.744 -32.576 -32.576 -32.472 -31.64 -32.056 -31.64 -31.744 -31.744 -31.432 -31.223 -31.328 -31.119 -31.328 -31.223 -31.119 -31.015 -31.119 -31.015 -31.119 -31.432 -31.432 -31.328 -31.536 -31.536 -31.328 -31.848 -32.056 -31.952 -32.056 -31.848 -31.64 -31.432 -31.432 -31.64 -31.432 -31.328 -31.432 -31.432 -32.264 -31.328 -31.328 -31.64 -31.536 -31.223 -31.744 -31.432 -31.536 -31.432 -31.744 -32.056 -31.536 -32.056 -32.056 -31.744 -31.848 -31.848 -31.848 -31.119 -31.223 -31.223 -31.015 -30.911 -30.807 -30.807 -31.015 -31.223 -31.328 -31.328 -31.432 -31.432 -31.432 -31.328 -31.328 -31.64 -31.328 -31.536 -31.848 -31.848 -31.432 -31.328 -32.056 -32.16 -32.576 -32.056 -31.64 -32.16 -32.16 -32.16 -32.16 -32.264 -32.056 -32.056 -32.056 -32.056 -31.536 -31.536 -31.64 -31.848 -31.952 
