# name: phAngle
# type: matrix
# rows: 1
# columns: 359
 342 342 342 341 342 341 341 347 342 342 342 342 342 342 342 342 344 342 343 344 345 342 343 342 342 342 343 346 343 342 342 342 343 342 342 342 341 342 342 342 347 342 342 341 342 342 342 342 341 342 342 342 342 346 341 341 342 342 343 343 342 342 343 342 345 342 346 342 342 343 342 342 342 343 342 342 342 342 342 346 342 342 342 342 342 342 344 346 342 342 343 342 348 343 342 343 343 343 347 346 342 343 342 342 343 342 344 342 342 342 342 341 346 341 341 341 342 342 342 344 342 342 342 342 342 346 342 342 344 342 342 342 343 342 343 342 345 342 346 343 344 342 342 343 346 345 343 345 342 343 347 347 345 345 345 346 345 345 347 346 345 345 345 346 345 345 345 344 344 345 347 348 345 344 345 345 346 345 345 345 346 345 347 345 347 345 347 345 345 345 345 345 345 346 345 345 345 348 345 345 345 345 345 346 345 345 345 345 345 346 348 347 345 345 346 345 345 347 345 345 345 346 345 345 345 345 348 345 345 345 347 345 346 344 344 344 344 344 343 347 348 348 278 278 278 278 278 278 278 278 278 278 278 278 278 278 278 278 278 278 278 278 278 278 278 278 341 339 345 342 343 343 344 346 343 343 343 345 345 345 345 345 344 345 343 343 347 342 342 345 343 342 342 347 343 343 342 343 343 346 342 343 342 348 343 347 343 343 342 346 343 343 346 343 343 341 341 342 344 346 342 341 341 342 335 315 278 278 278 278 278 278 278 278 277 277 278 277 278 278 278 278 278 278 277 278 278 278 277 277 277 277 277 277 277 277 278 278 277 
# name: freq
# type: matrix
# rows: 1
# columns: 359
 50.0 50.0 50.0 50.0 50.0 50.0 50.0 50.0 50.0 50.0 50.0 50.0 50.0 50.0 50.0 50.0 50.0 50.0 50.0 50.0 50.0 50.0 50.0 50.0 50.0 50.0 50.0 50.0 50.0 50.0 50.0 50.0 50.0 50.0 50.0 50.0 50.0 50.0 50.0 50.0 50.0 50.0 50.0 50.0 50.0 50.0 50.0 50.0 50.0 50.0 50.0 50.0 50.0 50.0 50.0 50.0 50.0 50.0 50.0 50.0 50.0 50.0 50.0 50.0 50.0 50.0 50.0 50.0 50.0 50.0 50.0 50.0 50.0 50.0 50.0 50.0 50.0 50.0 50.0 50.0 50.0 50.0 50.0 49.9 50.0 50.0 50.0 50.0 50.0 50.0 50.0 50.0 50.0 50.0 50.0 50.0 50.0 50.0 50.0 50.0 50.0 50.0 50.0 50.0 50.0 50.0 50.0 50.0 50.0 50.0 50.0 50.0 50.0 50.0 50.0 50.0 50.0 50.0 50.0 50.0 50.0 50.0 50.0 50.0 50.0 50.0 50.0 50.0 50.0 50.0 50.0 50.0 50.0 50.0 50.1 50.1 50.1 50.1 50.1 50.0 50.1 50.0 50.1 50.1 50.1 50.0 50.1 50.1 50.1 50.1 50.1 50.1 50.1 50.1 50.1 50.1 50.1 50.1 50.1 50.1 50.1 50.1 50.1 50.1 50.1 50.1 50.1 50.1 50.0 50.1 50.1 50.1 50.1 50.1 50.0 50.1 50.1 50.0 50.0 50.1 50.0 50.0 50.0 50.1 50.0 50.0 50.0 50.0 50.0 50.0 50.0 50.0 50.0 50.0 50.0 50.0 50.0 50.0 50.0 50.0 50.0 50.0 50.0 50.0 50.0 50.0 50.0 50.0 50.0 50.0 50.0 50.0 50.0 50.0 50.0 50.0 50.0 50.0 50.0 50.0 50.0 50.0 50.0 50.0 50.0 50.0 50.0 50.0 50.0 50.0 50.0 50.0 50.0 50.0 50.0 50.0 50.0 50.0 50.0 50.0 50.0 50.0 50.0 50.0 50.0 50.0 50.0 50.0 50.0 50.0 50.0 50.0 50.0 50.0 50.0 50.0 50.0 50.0 50.0 50.0 50.0 50.0 50.0 50.0 50.0 50.0 50.0 50.0 50.0 50.0 50.0 50.0 50.0 50.0 50.0 50.0 50.0 50.0 49.9 50.0 50.0 49.9 50.0 50.0 50.0 50.0 49.9 49.9 49.9 49.9 50.0 50.0 49.9 49.9 50.0 49.9 49.9 49.9 50.0 50.0 50.0 50.0 50.0 50.0 50.0 50.0 50.0 49.9 50.0 50.0 50.0 50.0 50.0 50.0 49.9 50.0 50.0 50.0 50.0 50.0 50.0 50.0 50.0 50.0 49.9 50.0 50.0 50.0 50.0 50.0 50.0 50.0 50.0 50.0 50.0 50.0 50.0 50.0 50.0 50.0 49.9 50.0 50.0 50.0 50.0 49.9 49.9 50.0 49.9 50.0 50.0 49.9 49.9 50.0 49.9 50.0 49.9 50.0 50.0 
# name: reacPower
# type: matrix
# rows: 1
# columns: 359
 -22.585 -22.585 -22.585 -22.585 -22.689 -22.585 -22.585 -23.313 -22.793 -22.689 -22.689 -22.793 -22.689 -22.585 -22.585 -22.481 -22.585 -22.377 -22.481 -22.377 -22.377 -22.481 -22.585 -22.481 -22.585 -22.793 -22.689 -23.105 -22.481 -22.585 -22.481 -22.585 -22.481 -22.481 -22.585 -22.689 -22.689 -22.689 -22.689 -22.689 -23.209 -22.689 -22.585 -22.585 -22.585 -22.585 -22.689 -22.689 -22.689 -22.689 -22.585 -22.793 -22.793 -23.313 -22.897 -22.897 -22.793 -22.689 -22.689 -22.689 -22.689 -22.689 -22.793 -22.793 -22.793 -22.793 -23.209 -22.897 -22.897 -22.897 -22.793 -22.689 -22.793 -22.793 -22.793 -22.793 -22.793 -22.897 -22.793 -23.001 -22.793 -22.897 -22.897 -22.897 -22.897 -22.793 -22.897 -23.313 -22.689 -22.793 -22.793 -22.793 -24.042 -22.897 -22.793 -22.689 -22.689 -22.689 -23.417 -23.313 -22.689 -22.689 -22.689 -22.689 -22.689 -22.793 -22.897 -22.689 -22.793 -22.793 -22.585 -22.689 -23.105 -22.689 -22.793 -22.793 -22.793 -22.793 -22.793 -22.897 -22.897 -22.793 -22.897 -22.689 -22.793 -23.313 -22.793 -22.793 -23.001 -22.793 -22.793 -22.793 -23.001 -23.105 -23.209 -23.001 -23.313 -23.001 -23.522 -23.001 -23.105 -22.897 -22.897 -23.001 -23.313 -23.313 -23.001 -23.209 -23.001 -23.001 -23.834 -23.834 -23.001 -23.105 -22.897 -23.105 -23.001 -23.105 -23.834 -23.417 -23.105 -23.209 -23.313 -23.313 -23.209 -22.897 -22.897 -23.105 -23.001 -23.001 -23.834 -24.146 -23.105 -23.001 -23.105 -23.001 -23.001 -22.793 -23.001 -22.793 -23.001 -22.897 -23.105 -22.793 -23.73 -22.897 -23.834 -22.897 -23.001 -22.897 -22.793 -22.793 -22.897 -22.897 -22.897 -22.897 -22.897 -24.042 -23.001 -22.793 -23.001 -22.793 -23.001 -23.001 -22.897 -22.897 -22.793 -22.897 -22.793 -22.793 -24.146 -23.417 -23.001 -22.897 -23.001 -22.897 -22.793 -23.834 -23.001 -23.001 -22.897 -22.897 -22.793 -22.793 -23.001 -22.897 -23.626 -22.897 -22.793 -22.897 -23.834 -22.793 -23.001 -22.793 -22.793 -22.689 -22.793 -22.793 -22.793 -23.105 -23.417 -25.915 -15.611 -15.611 -15.611 -15.611 -15.611 -15.611 -15.611 -15.611 -15.611 -15.611 -15.611 -15.611 -15.611 -15.716 -15.716 -15.716 -15.716 -15.716 -15.716 -15.716 -15.716 -15.716 -15.716 -15.716 -22.897 -23.73 -23.105 -22.897 -22.897 -22.897 -22.897 -23.73 -22.793 -22.897 -22.793 -22.897 -23.209 -23.105 -23.105 -23.209 -23.001 -23.105 -22.897 -22.897 -23.522 -22.793 -22.793 -23.001 -22.897 -22.897 -23.001 -23.417 -22.793 -23.001 -22.897 -22.793 -22.793 -23.105 -22.793 -22.793 -22.793 -24.25 -22.793 -23.522 -22.897 -23.001 -23.001 -23.105 -23.001 -22.897 -23.522 -22.897 -22.793 -22.793 -22.793 -22.793 -22.793 -23.417 -22.585 -22.689 -22.689 -22.689 -20.711 -14.883 -15.716 -15.716 -15.716 -15.716 -15.716 -15.716 -15.82 -15.82 -15.82 -15.82 -15.716 -15.82 -15.82 -15.82 -15.716 -15.82 -15.82 -15.82 -15.82 -15.82 -15.82 -15.82 -15.82 -15.82 -15.924 -15.82 -15.82 -15.82 -15.82 -15.82 -15.82 -15.82 -15.82 
