# name: phAngle
# type: matrix
# rows: 1
# columns: 355
 309 315 1 3 1 2 4 4 4 2 1 0 0 1 0 1 0 0 0 0 0 0 1 1 2 1 1 0 0 1 1 1 1 1 1 0 0 1 1 1 1 1 0 1 1 1 0 1 1 0 0 1 1 0 0 1 1 0 0 1 2 3 2 3 3 1 1 0 1 1 1 1 1 1 1 1 1 1 1 0 0 1 0 4 3 1 1 2 2 2 1 2 3 1 2 2 1 2 3 2 3 1 1 0 1 4 0 0 1 3 3 4 3 1 2 1 1 4 1 3 1 1 1 1 3 2 1 2 1 1 1 1 2 2 1 3 2 1 2 4 1 3 1 1 1 1 1 1 1 4 1 1 1 1 1 0 0 1 1 1 2 3 0 1 1 0 0 2 0 0 1 1 1 1 1 1 1 1 1 1 1 1 1 1 1 0 0 1 1 1 1 3 0 1 0 0 3 3 2 2 3 3 2 4 2 2 2 3 2 2 2 2 1 2 2 3 3 3 3 2 2 2 2 2 2 1 1 0 1 1 1 1 1 1 1 1 1 1 1 1 1 0 0 0 1 2 2 2 3 3 3 3 1 1 1 2 3 1 2 2 2 2 3 3 1 3 3 2 1 1 1 0 0 1 2 0 0 1 2 1 2 3 2 1 1 1 1 1 1 2 2 1 1 1 3 2 2 2 1 2 2 2 2 1 1 1 1 1 1 1 2 1 3 1 2 1 1 1 3 2 2 1 1 1 1 1 1 1 1 3 0 1 2 1 1 3 1 1 3 3 3 1 2 1 1 1 1 1 1 1 1 1 1 2 1 
# name: freq
# type: matrix
# rows: 1
# columns: 355
 50.0 50.0 50.0 50.0 50.0 50.0 50.0 50.0 50.0 50.0 50.0 50.0 50.0 50.0 50.0 50.0 50.0 50.0 50.0 50.0 50.0 50.0 50.0 50.0 50.0 50.0 50.0 50.0 50.0 50.0 50.0 50.0 50.0 50.0 50.0 50.0 50.0 50.0 50.0 50.0 50.0 50.0 50.0 50.0 50.0 50.0 50.0 50.0 50.0 50.0 50.0 50.0 50.0 50.0 50.0 50.0 50.0 50.0 50.0 50.0 50.0 50.0 50.0 50.0 50.0 50.0 50.0 50.0 50.0 50.0 50.0 50.0 50.0 50.0 50.0 50.0 50.0 50.0 50.0 50.0 50.0 50.0 50.0 50.0 50.0 50.0 50.0 50.0 50.0 50.0 50.0 50.0 50.0 50.0 50.0 50.0 50.0 50.0 50.0 50.0 50.0 50.0 50.0 50.0 50.0 50.0 50.0 50.0 50.0 50.0 50.0 50.0 50.0 50.0 50.0 50.0 50.0 50.0 50.0 50.0 50.0 50.0 50.0 50.0 50.0 50.0 50.0 50.0 50.0 50.0 50.0 50.0 50.0 50.0 50.0 50.0 50.0 50.0 50.0 50.0 50.0 50.0 50.0 50.0 50.0 50.0 50.0 50.0 50.0 50.0 50.0 50.0 50.0 50.0 50.0 50.0 50.0 50.0 50.0 50.0 50.0 50.0 50.0 50.0 50.0 50.0 50.0 50.0 50.0 50.0 50.0 50.0 50.0 50.0 50.0 50.0 50.0 50.0 50.0 50.0 50.0 50.0 50.0 50.0 50.0 50.0 50.0 50.0 50.0 50.0 50.0 50.0 50.0 50.0 50.0 50.0 50.0 50.0 50.0 50.0 50.0 50.0 50.0 50.0 50.0 50.0 50.0 50.0 50.0 50.0 50.0 50.0 50.0 50.0 50.0 50.0 50.0 50.0 50.0 50.0 50.0 50.0 50.0 50.0 50.0 50.0 50.0 50.0 50.0 50.0 50.0 50.0 50.0 50.0 50.0 50.0 50.0 50.0 50.0 50.0 50.0 50.0 50.0 50.0 50.0 50.0 50.0 50.0 50.0 50.0 50.0 50.0 50.0 50.0 50.0 50.0 50.0 50.0 50.0 50.0 50.0 50.0 50.0 50.0 50.0 50.0 50.0 50.0 50.0 50.0 50.0 50.0 50.0 50.0 50.0 50.0 50.0 50.0 50.0 50.0 50.0 50.0 50.0 50.0 50.0 50.0 50.0 50.0 50.0 50.0 50.0 50.0 50.0 50.0 50.0 50.0 50.0 50.0 50.0 50.0 50.0 50.0 50.0 50.0 50.0 50.0 50.0 50.0 50.0 50.0 50.0 50.0 50.0 50.0 50.0 50.0 50.0 50.0 50.0 50.0 50.0 50.0 50.0 50.0 50.0 50.0 50.0 50.0 50.0 50.0 50.0 50.0 50.0 50.0 50.0 50.0 50.0 50.0 50.0 50.0 50.0 50.0 50.0 50.0 50.0 50.0 50.0 50.0 50.0 50.0 50.0 50.0 50.0 50.0 50.0 
# name: reacPower
# type: matrix
# rows: 1
# columns: 355
 -10.407 -10.407 3.85 6.244 2.601 5.516 8.222 8.222 8.118 5.516 2.914 1.665 1.665 3.122 0.936 1.977 1.457 1.353 1.248 1.04 0.52 1.353 2.081 2.081 4.059 3.538 2.185 2.81 1.457 2.081 2.185 2.081 2.289 2.393 2.185 1.769 1.665 2.289 2.185 1.977 2.185 2.289 1.353 1.977 2.185 1.977 1.665 2.185 2.185 0.728 1.248 2.289 2.497 1.353 1.561 2.393 2.393 1.561 1.561 2.185 4.267 6.14 4.163 7.701 6.973 3.434 2.706 1.873 2.601 2.497 2.601 2.497 2.497 2.81 3.33 2.706 3.538 3.226 2.289 1.353 1.353 2.289 1.873 8.326 7.597 3.85 3.746 3.955 4.579 4.995 3.746 4.475 6.765 3.226 4.267 5.828 3.434 5.099 5.932 5.099 6.557 3.226 3.122 0.728 2.081 8.638 3.538 1.561 2.081 8.846 6.661 8.014 6.869 3.122 5.828 3.018 3.434 8.326 2.914 6.14 2.497 2.497 2.393 2.497 7.805 5.62 2.81 4.475 2.081 3.434 2.393 2.185 3.955 4.371 3.85 7.597 3.955 3.642 4.995 8.534 3.33 7.701 2.706 2.393 2.497 2.289 2.81 3.018 2.289 8.326 2.601 2.393 2.393 1.977 2.185 1.665 1.873 2.393 2.497 2.081 4.059 7.389 1.561 3.33 2.706 1.144 1.561 4.891 1.873 1.769 2.289 2.289 2.289 2.706 2.601 2.393 2.393 2.185 2.185 2.393 2.185 2.081 2.185 2.289 2.081 1.04 1.457 2.185 2.081 1.977 2.081 7.181 1.561 2.185 1.561 1.665 6.452 7.077 4.267 4.787 7.285 7.597 4.683 7.91 4.059 4.059 4.475 6.348 4.475 5.62 4.163 4.267 3.85 4.475 4.891 6.348 6.036 6.557 5.932 4.371 4.683 4.163 5.099 4.267 5.203 2.706 2.393 1.769 1.977 1.977 2.081 2.393 2.081 1.977 2.081 2.185 1.977 2.185 1.977 2.081 2.081 1.769 1.665 1.457 2.081 4.891 4.059 5.828 6.661 6.973 6.661 7.077 2.81 2.81 3.226 4.371 5.932 2.81 3.955 4.163 5.828 4.371 7.805 7.493 4.059 4.683 5.932 4.267 2.081 1.977 3.018 1.665 1.144 2.81 4.995 1.769 1.769 3.746 4.371 2.914 4.579 7.389 4.267 3.33 3.018 3.33 2.393 2.914 3.018 4.371 4.371 3.018 2.081 2.81 7.91 4.579 4.163 4.475 3.85 4.163 4.163 4.371 4.163 3.434 2.914 3.018 3.746 3.642 3.33 3.538 3.955 3.33 6.765 3.642 4.891 2.914 3.33 3.226 6.661 4.475 4.683 3.226 3.122 2.81 3.018 2.914 2.914 3.746 2.706 6.661 1.561 3.33 5.203 2.497 2.81 7.285 2.706 2.081 7.077 6.869 6.973 3.434 3.122 4.579 2.914 3.226 2.81 3.746 2.706 3.018 2.81 2.393 2.081 5.828 3.226 
# name: power
# type: matrix
# rows: 1
# columns: 355
 8.43 10.199 97.626 103.455 95.753 104.496 111.157 112.718 112.406 103.975 96.69 93.255 93.047 97.106 93.775 96.481 92.839 92.943 92.943 92.943 92.839 92.839 92.735 92.63 98.667 96.586 92.839 95.649 92.735 92.735 92.63 92.526 92.63 92.735 92.63 92.735 92.735 92.735 92.735 92.63 92.422 92.63 92.526 92.63 92.526 92.526 92.422 92.526 92.63 92.526 92.526 92.526 93.359 92.526 92.422 92.526 92.526 92.318 92.526 92.526 99.604 102.934 99.188 109.283 103.351 93.879 94.816 91.798 91.798 91.902 91.798 91.902 91.798 92.422 93.984 91.798 94.816 94.504 91.694 91.902 91.694 91.694 92.943 110.324 107.202 97.002 97.106 96.273 97.314 100.228 95.857 97.314 102.83 94.712 97.73 104.287 96.273 102.206 102.726 98.147 102.206 92.839 92.63 92.735 96.169 107.93 97.418 92.422 92.11 108.242 101.685 107.202 98.355 95.441 101.998 94.296 104.183 107.826 99.812 96.377 96.794 92.11 92.214 92.214 107.202 100.853 93.463 98.459 92.63 96.69 94.608 93.359 96.065 98.147 96.065 106.161 97.002 95.545 99.812 107.826 96.794 107.93 93.255 92.63 92.318 92.318 93.567 95.024 92.943 109.075 93.359 94.4 94.192 92.839 92.735 93.775 93.151 92.735 93.775 94.192 99.916 106.265 93.775 98.459 94.608 92.943 92.735 100.124 92.526 92.006 92.839 92.63 92.526 93.775 91.902 92.11 91.902 91.902 91.902 92.318 91.902 91.798 91.798 92.11 91.902 91.798 91.902 92.214 91.902 91.798 91.902 106.369 92.422 92.006 92.214 93.671 107.722 109.804 99.292 101.581 106.369 107.618 101.894 108.971 98.771 98.355 99.083 103.975 98.771 101.685 98.043 98.667 97.106 99.083 99.812 103.975 106.369 106.681 102.622 98.563 99.396 98.251 100.749 97.522 100.957 96.898 96.69 93.879 92.422 92.422 92.422 92.839 92.318 92.214 92.214 92.526 92.214 92.318 92.214 92.318 92.11 92.006 92.11 92.318 93.984 101.477 99.708 104.496 107.93 108.867 106.993 108.971 95.649 96.065 97.73 100.645 104.183 96.169 99.188 100.332 103.871 99.916 108.763 108.451 99.396 100.541 97.418 100.853 96.377 95.961 99.188 95.961 96.065 95.753 102.102 97.626 102.102 95.961 102.518 95.753 101.269 108.451 100.02 97.939 97.106 96.898 97.418 98.459 97.106 100.02 99.812 96.69 96.377 97.522 109.804 101.477 100.436 100.957 99.812 99.812 100.332 100.957 101.998 100.124 101.79 100.853 100.436 100.957 100.228 100.957 101.79 99.812 109.387 102.102 105.016 99.916 100.645 100.228 109.179 104.079 104.287 100.124 99.916 99.083 100.124 100.228 100.02 103.038 101.581 109.804 98.979 101.998 105.016 97.418 98.043 110.844 98.563 97.106 110.844 110.324 109.804 100.541 99.188 103.559 98.979 99.604 97.939 99.5 98.043 98.563 97.939 98.771 98.771 104.496 101.165 
