# name: phAngle
# type: matrix
# rows: 1
# columns: 359
 352 352 351 351 351 351 351 351 351 351 351 351 351 351 352 351 351 351 351 351 351 351 351 351 351 351 351 351 351 351 351 351 351 351 351 351 351 351 351 351 351 351 351 351 351 351 351 351 351 351 351 351 351 351 351 351 351 351 351 351 351 351 351 351 351 351 351 351 351 351 351 351 351 351 351 351 351 351 351 351 351 351 351 351 352 351 351 351 350 350 350 350 350 350 350 350 350 350 350 350 350 350 350 350 350 350 350 350 350 350 350 350 350 350 350 350 350 350 350 350 350 350 350 350 350 350 349 350 350 350 350 350 350 350 350 350 350 350 350 350 351 351 351 351 351 351 351 351 351 351 351 351 351 351 351 351 351 351 351 351 351 351 351 351 351 343 350 348 349 278 278 278 278 278 278 278 278 278 278 278 278 278 351 351 351 351 351 351 351 351 351 351 351 351 351 351 351 351 351 351 351 351 351 351 351 351 351 351 351 351 351 351 351 351 351 351 351 351 351 351 351 351 351 351 351 351 351 351 351 351 351 351 351 351 351 351 351 351 351 351 352 351 351 351 351 351 351 351 351 351 351 351 351 351 351 351 351 351 351 351 351 351 351 351 351 351 351 351 351 351 351 351 351 351 351 351 351 351 351 351 351 351 351 351 351 351 351 351 351 351 351 351 351 351 351 351 351 351 351 351 351 351 351 351 351 351 351 351 351 351 351 351 351 351 351 351 351 351 351 351 351 351 351 351 351 351 351 351 351 351 351 351 351 351 351 351 351 351 351 352 351 351 351 351 351 351 351 351 351 351 351 351 351 351 351 351 351 351 351 
# name: freq
# type: matrix
# rows: 1
# columns: 359
 50.0 50.0 50.0 50.0 50.0 50.0 50.0 50.0 50.0 50.0 50.0 50.0 50.0 50.0 50.0 50.0 50.0 50.0 50.0 50.0 50.0 50.0 50.0 50.0 50.0 50.0 50.0 50.0 50.0 50.0 50.0 50.0 50.0 50.0 50.0 50.0 50.0 50.0 50.0 50.0 50.0 50.0 50.0 50.0 50.0 50.0 50.0 50.0 50.0 50.0 50.0 50.0 50.0 50.0 50.0 50.0 50.0 50.0 50.0 50.0 50.0 50.0 50.0 50.0 50.0 50.0 50.0 50.0 50.0 50.0 50.0 50.0 50.0 50.0 50.0 50.0 50.0 50.0 50.0 50.0 50.0 50.0 50.0 50.0 50.0 50.0 50.0 50.0 50.0 50.0 50.0 50.0 50.0 50.0 50.0 50.0 50.0 50.0 50.0 50.0 50.0 50.0 50.0 50.0 50.0 50.0 50.0 50.0 50.0 50.0 50.0 50.0 50.0 50.0 50.0 50.0 50.0 50.0 50.0 50.0 50.0 50.0 50.0 50.0 50.0 50.0 50.0 50.0 50.0 50.0 50.0 50.0 50.0 50.0 50.0 50.1 50.1 50.0 50.1 50.1 50.0 50.1 50.1 50.0 50.1 50.1 50.1 50.1 50.1 50.1 50.1 50.1 50.1 50.1 50.1 50.1 50.1 50.0 50.1 50.1 50.1 50.1 50.1 50.1 50.1 50.1 50.1 50.1 50.0 50.0 50.1 50.0 50.1 50.1 50.1 50.0 50.1 50.1 50.1 50.0 50.0 50.0 50.0 50.0 50.0 50.0 50.0 50.0 50.0 50.0 50.0 50.0 50.0 50.0 50.0 50.0 50.0 50.0 50.0 50.0 50.0 50.0 50.0 50.0 50.0 50.0 50.0 50.0 50.0 50.0 50.0 50.0 50.0 50.0 50.0 50.0 50.0 50.0 50.0 50.0 50.0 50.0 50.0 50.0 50.0 50.0 50.0 50.0 50.0 50.0 50.0 50.0 50.0 50.0 50.0 50.0 50.0 50.0 50.0 50.0 50.0 50.0 50.0 50.0 50.0 50.0 50.0 50.0 50.0 50.0 50.0 50.0 50.0 50.0 50.0 50.0 50.0 50.0 50.0 50.0 50.0 50.0 50.0 50.0 50.0 50.0 50.0 50.0 50.0 50.0 49.9 50.0 50.0 50.0 50.0 50.0 49.9 50.0 50.0 50.0 50.0 50.0 50.0 50.0 50.0 50.0 49.9 49.9 50.0 50.0 50.0 49.9 49.9 50.0 50.0 49.9 49.9 50.0 50.0 50.0 50.0 50.0 50.0 49.9 50.0 50.0 50.0 50.0 50.0 49.9 50.0 50.0 50.0 50.0 50.0 49.9 50.0 50.0 50.0 50.0 50.0 50.0 50.0 50.0 50.0 50.0 50.0 50.0 50.0 50.0 50.0 50.0 50.0 50.0 50.0 50.0 50.0 50.0 50.0 50.0 49.9 49.9 50.0 49.9 49.9 49.9 50.0 49.9 49.9 50.0 49.9 50.0 50.0 50.0 50.0 49.9 50.0 50.0 50.0 
# name: reacPower
# type: matrix
# rows: 1
# columns: 359
 -26.397 -26.604 -26.501 -26.604 -26.604 -26.604 -26.501 -26.604 -26.604 -26.501 -26.501 -26.501 -26.501 -26.708 -26.708 -26.501 -26.604 -26.501 -26.604 -26.501 -26.604 -26.604 -26.501 -26.501 -26.604 -26.501 -26.501 -26.501 -26.501 -26.501 -26.501 -26.397 -26.397 -26.501 -26.501 -26.501 -26.294 -26.397 -26.294 -26.397 -26.397 -26.294 -26.294 -26.294 -26.294 -26.294 -26.397 -26.501 -26.397 -26.397 -26.294 -26.397 -26.397 -26.294 -26.294 -26.397 -26.397 -26.397 -26.501 -26.397 -26.604 -26.501 -26.501 -26.501 -26.501 -26.501 -26.397 -26.501 -26.397 -26.501 -26.397 -26.397 -26.397 -26.501 -26.501 -26.604 -26.397 -26.501 -26.501 -26.501 -26.501 -26.501 -26.501 -26.708 -26.708 -26.811 -26.811 -26.811 -27.95 -28.054 -28.364 -28.054 -28.054 -27.95 -27.95 -28.054 -27.95 -27.95 -28.054 -28.261 -27.95 -28.054 -28.054 -28.054 -28.054 -28.157 -28.157 -28.261 -27.95 -28.054 -28.054 -27.95 -27.95 -27.95 -28.054 -28.157 -27.95 -28.054 -28.054 -28.157 -27.95 -28.054 -28.054 -28.157 -28.157 -27.95 -27.743 -28.157 -28.157 -28.261 -28.157 -28.261 -28.261 -28.468 -28.468 -28.261 -28.261 -28.364 -28.261 -28.261 -27.018 -27.122 -27.225 -27.329 -26.915 -27.122 -26.915 -26.915 -27.018 -27.018 -27.536 -26.915 -27.329 -27.018 -27.018 -27.225 -26.915 -26.811 -27.329 -27.432 -27.536 -27.122 -27.122 -27.122 -26.915 -24.327 -25.776 -26.708 -26.708 -16.045 -16.045 -16.045 -15.942 -15.942 -16.045 -15.942 -15.942 -16.045 -16.045 -16.045 -15.942 -15.942 -26.915 -26.811 -26.811 -26.708 -26.915 -26.811 -26.811 -26.811 -26.811 -26.811 -26.915 -26.915 -27.122 -27.018 -27.018 -26.915 -26.915 -26.915 -26.915 -27.018 -26.811 -26.915 -26.915 -26.811 -26.811 -26.811 -26.915 -26.915 -26.915 -26.811 -26.811 -26.811 -26.708 -26.811 -26.915 -26.708 -26.811 -26.811 -26.708 -26.811 -26.811 -26.708 -26.708 -26.708 -27.018 -26.811 -26.708 -26.811 -26.708 -26.811 -27.225 -26.811 -26.811 -26.811 -26.915 -26.915 -26.708 -26.708 -26.708 -26.915 -26.811 -27.225 -26.811 -26.708 -26.708 -26.604 -26.604 -26.604 -26.604 -26.604 -26.604 -26.604 -26.811 -26.811 -26.811 -26.811 -26.811 -26.811 -27.018 -27.329 -27.018 -26.811 -26.915 -26.811 -26.915 -27.018 -26.915 -26.811 -26.811 -26.915 -26.811 -26.811 -26.811 -26.811 -26.811 -26.811 -26.708 -26.915 -26.915 -26.811 -27.329 -27.018 -27.018 -26.811 -27.018 -26.708 -26.811 -26.811 -26.915 -27.225 -26.915 -27.018 -26.811 -26.811 -27.122 -26.708 -26.915 -26.604 -26.811 -26.811 -26.811 -26.811 -26.708 -26.811 -26.811 -26.915 -26.915 -26.708 -26.604 -26.708 -26.708 -26.811 -26.708 -26.604 -26.708 -26.708 -26.604 -26.708 -26.604 -26.708 -26.397 -26.501 -26.501 -26.604 -26.604 -26.501 -26.604 -26.604 -26.501 -26.604 -26.604 -26.708 -26.915 -26.708 -26.708 -26.708 -26.604 -26.708 -26.604 -26.708 -26.604 -26.708 -26.708 -26.604 -26.708 -26.915 -26.811 -26.811 -26.708 -26.811 -26.708 -26.708 -26.604 -26.811 -26.708 -26.708 -26.604 
