# name: phAngle
# type: matrix
# rows: 1
# columns: 360
 338 340 340 340 338 338 344 339 338 338 340 339 338 340 340 338 332 343 276 276 276 276 276 276 276 276 276 276 276 276 276 276 276 276 276 276 276 276 342 341 340 341 338 339 339 344 338 339 339 338 339 337 338 339 337 338 337 338 343 337 338 338 338 339 338 338 338 338 338 338 338 346 338 338 338 339 338 338 338 341 340 338 342 339 347 340 341 339 344 338 337 338 338 338 342 339 340 344 338 341 338 339 339 338 342 338 340 338 342 339 338 338 344 276 276 276 276 276 276 276 276 276 276 276 276 276 276 276 276 276 276 276 276 276 276 276 276 276 276 276 276 276 276 276 276 276 276 276 276 276 276 276 276 276 276 276 276 276 276 276 276 276 276 276 276 276 276 276 276 276 276 276 276 276 276 276 276 276 276 276 276 276 276 276 276 276 276 276 276 276 276 276 276 276 276 276 276 276 276 276 276 276 276 276 276 276 276 276 276 276 276 276 276 276 276 276 276 276 276 276 276 276 276 276 276 276 276 276 276 276 276 276 276 276 276 276 275 276 276 276 276 276 276 276 276 276 276 276 276 276 276 276 276 276 276 276 276 276 276 276 276 276 276 276 276 276 276 276 276 276 276 276 276 276 276 276 276 276 276 276 276 276 276 276 276 276 276 276 276 284 344 342 340 340 338 341 344 338 340 342 339 338 338 340 340 342 340 340 338 343 338 338 340 338 338 340 338 338 338 338 338 339 343 339 338 338 338 338 339 341 338 339 340 342 340 344 341 338 338 338 340 337 342 338 337 338 339 337 338 340 339 338 338 338 339 343 338 338 337 338 
# name: freq
# type: matrix
# rows: 1
# columns: 360
 50.0 50.0 50.0 50.0 50.0 50.0 50.0 50.0 50.0 50.0 50.0 50.0 50.0 50.0 50.0 50.0 50.0 50.0 50.0 50.0 50.0 50.0 50.0 50.0 50.0 50.0 50.0 50.0 50.0 50.0 50.0 50.0 50.0 50.0 50.0 50.0 50.0 50.0 50.0 50.0 50.0 50.0 50.0 50.0 50.0 50.0 50.0 50.0 50.0 50.0 50.0 50.0 50.0 50.0 50.0 50.0 50.0 50.0 50.0 50.0 50.0 50.0 50.0 50.0 50.0 50.0 50.0 50.0 50.0 50.0 50.0 50.0 50.0 50.0 50.0 50.0 50.0 50.0 50.0 50.0 50.0 50.0 50.0 50.0 50.0 50.0 50.0 50.0 50.0 50.0 50.0 50.0 50.0 50.0 50.0 50.0 50.0 50.0 50.0 50.0 50.0 50.0 50.0 50.0 50.0 50.0 50.0 50.0 50.0 50.0 50.0 50.0 50.0 50.0 50.0 50.0 50.0 50.0 50.0 50.0 50.0 50.0 50.0 50.0 50.0 50.0 50.0 50.0 50.0 50.0 50.0 50.0 50.0 50.0 50.0 50.0 50.0 50.0 50.0 50.0 50.0 50.0 50.0 50.0 50.0 50.0 50.0 50.0 50.0 50.0 50.0 50.0 50.0 50.0 50.0 50.0 50.0 50.0 50.0 50.0 50.0 50.0 50.0 50.0 50.0 50.0 50.0 50.0 50.0 50.0 50.0 50.0 50.0 50.0 50.0 50.0 50.0 50.0 50.0 50.0 50.0 50.0 50.0 50.0 50.0 50.0 50.0 50.0 50.0 50.0 50.0 50.0 50.0 50.0 50.0 50.0 50.0 50.0 50.0 50.0 50.0 50.0 50.0 50.0 50.0 50.0 49.9 50.0 50.0 50.0 50.0 50.0 50.0 50.0 50.0 50.0 50.0 50.0 50.0 50.0 50.0 50.0 50.0 50.0 49.9 50.0 50.0 50.0 50.0 50.0 50.0 50.0 50.0 50.0 50.0 50.0 50.0 50.0 50.0 50.0 50.0 49.9 49.9 50.0 50.0 50.0 50.0 50.0 50.0 50.0 50.0 50.0 50.0 50.0 50.0 50.0 50.0 50.0 50.0 50.0 50.0 50.0 50.0 50.0 50.0 50.0 50.0 50.0 50.0 50.0 50.0 50.0 50.0 50.0 50.0 50.0 50.0 50.0 50.0 50.0 50.0 50.0 50.0 50.0 50.0 49.9 50.0 50.0 49.9 50.0 50.0 50.0 50.0 50.0 50.0 50.0 50.0 50.0 50.0 50.0 50.0 50.0 50.0 50.0 50.0 50.0 50.0 50.0 50.0 50.0 50.0 50.0 50.0 50.0 50.0 50.0 50.0 50.0 50.0 50.0 50.0 50.0 50.0 50.0 50.0 50.0 50.0 50.0 50.0 50.0 50.0 50.0 50.0 50.0 50.0 50.0 50.0 50.0 50.0 50.0 50.0 50.0 50.0 50.0 50.0 50.0 50.0 50.0 50.0 50.0 50.0 50.0 50.0 50.0 50.0 50.0 50.0 50.0 50.0 50.0 
# name: reacPower
# type: matrix
# rows: 1
# columns: 360
 -27.639 -27.432 -27.122 -26.811 -27.432 -27.018 -27.743 -27.122 -27.018 -27.018 -26.811 -26.811 -27.122 -26.811 -27.225 -26.915 -27.846 -27.432 -18.116 -18.116 -18.116 -18.012 -18.012 -18.116 -18.116 -18.219 -18.116 -18.116 -18.219 -18.116 -18.219 -18.116 -18.116 -18.219 -18.116 -18.219 -18.116 -18.012 -29.296 -27.432 -25.673 -26.915 -26.915 -27.018 -26.915 -27.639 -27.018 -27.018 -26.501 -27.225 -26.708 -27.329 -26.811 -26.811 -27.743 -26.811 -27.432 -27.122 -27.122 -26.915 -28.571 -26.915 -27.329 -26.811 -27.329 -27.225 -27.225 -27.225 -27.846 -27.018 -27.018 -28.468 -27.018 -26.811 -27.225 -26.811 -27.225 -26.811 -27.122 -26.811 -27.018 -27.329 -27.122 -27.018 -28.468 -27.018 -27.018 -26.811 -27.122 -27.432 -27.95 -27.018 -27.122 -26.811 -26.708 -27.018 -27.018 -26.708 -27.432 -26.915 -27.018 -26.087 -26.604 -27.329 -27.329 -27.018 -26.708 -27.432 -27.018 -26.708 -27.122 -27.018 -27.743 -18.116 -18.116 -18.116 -18.012 -18.012 -18.012 -18.012 -18.012 -18.012 -18.116 -18.012 -18.012 -18.012 -18.116 -18.116 -18.116 -18.116 -18.012 -18.012 -18.012 -18.012 -18.012 -18.012 -18.012 -18.012 -18.012 -18.012 -18.012 -18.012 -18.116 -18.116 -18.116 -18.116 -18.116 -18.116 -18.116 -18.116 -18.116 -18.116 -18.116 -18.116 -18.116 -18.116 -18.116 -18.116 -18.116 -18.116 -18.116 -18.116 -18.219 -18.219 -18.219 -18.219 -18.116 -18.116 -18.116 -18.116 -18.116 -18.219 -18.219 -18.116 -18.116 -18.116 -18.116 -18.116 -18.116 -18.116 -18.116 -18.116 -18.116 -18.116 -18.219 -18.219 -18.219 -18.219 -18.219 -18.116 -18.116 -18.116 -18.116 -18.116 -18.012 -18.012 -18.116 -18.116 -18.116 -18.116 -18.219 -18.219 -18.219 -18.116 -18.219 -18.219 -18.219 -18.219 -18.219 -18.219 -18.219 -18.219 -18.219 -18.116 -18.219 -18.219 -18.219 -18.219 -18.219 -18.219 -18.219 -18.219 -18.219 -18.219 -18.219 -18.219 -18.219 -18.323 -18.323 -18.219 -18.219 -18.219 -18.219 -18.219 -18.219 -18.219 -18.116 -18.116 -18.116 -18.219 -18.219 -18.219 -18.219 -18.116 -18.012 -18.012 -18.012 -18.012 -18.116 -18.116 -18.116 -18.219 -18.116 -18.012 -18.116 -18.116 -18.116 -18.116 -18.116 -18.012 -18.012 -18.012 -18.012 -18.012 -17.909 -18.012 -18.012 -18.012 -18.012 -18.012 -18.116 -18.012 -18.116 -18.116 -18.116 -18.116 -18.116 -18.116 -18.116 -18.116 -18.116 -18.116 -18.116 -18.116 -18.116 -18.116 -18.116 -18.116 -18.116 -17.598 -27.432 -27.018 -27.329 -26.708 -26.915 -27.122 -27.95 -26.915 -26.294 -26.915 -27.432 -27.225 -27.639 -27.329 -27.225 -27.018 -26.915 -27.122 -27.018 -27.329 -26.811 -27.018 -26.604 -26.915 -28.261 -27.225 -27.95 -26.811 -26.811 -27.536 -27.018 -27.018 -27.018 -26.811 -26.811 -26.915 -26.915 -27.536 -26.708 -27.122 -26.811 -26.708 -26.604 -27.018 -26.708 -26.604 -26.915 -26.811 -26.811 -27.225 -25.569 -27.432 -27.846 -26.811 -28.364 -26.811 -26.811 -27.846 -27.122 -25.673 -26.811 -26.811 -27.122 -27.018 -26.708 -27.122 -27.018 -26.915 -27.95 -27.639 
