# name: phAngle
# type: matrix
# rows: 1
# columns: 359
 0 358 358 359 359 358 358 358 0 358 2 1 1 358 359 358 358 359 1 0 358 359 3 7 2 358 0 1 2 358 359 1 2 359 0 359 358 359 359 0 359 359 359 359 359 359 359 359 0 1 359 359 359 359 359 359 0 359 358 359 359 359 359 359 0 359 359 359 359 2 359 359 359 359 359 359 1 0 359 359 359 0 359 359 358 359 359 359 358 359 359 359 359 359 359 359 359 359 359 1 359 0 359 359 359 359 359 359 0 359 359 359 359 359 359 0 359 359 359 359 359 359 359 359 359 0 359 359 359 358 359 359 358 359 0 359 359 359 359 359 359 359 0 359 359 359 359 359 359 359 359 359 359 359 359 359 358 359 359 359 359 359 359 359 359 359 359 359 359 359 359 359 359 0 359 359 359 359 359 359 0 359 0 0 0 0 359 359 0 359 359 359 359 359 359 359 359 0 359 359 359 359 0 0 359 359 359 0 0 0 0 0 0 0 0 0 0 0 359 359 0 0 359 0 0 359 359 359 359 359 0 359 359 359 359 359 359 359 359 359 359 359 359 359 359 359 359 359 359 359 359 359 359 359 359 359 359 359 359 359 359 359 0 359 359 359 359 359 359 359 359 359 359 359 359 359 359 0 0 0 0 0 0 359 359 359 359 0 359 359 359 359 359 359 359 359 359 0 359 359 359 359 359 359 359 0 359 359 359 359 359 0 359 359 359 359 359 359 359 359 0 359 359 359 359 359 359 359 359 359 359 359 359 359 359 359 359 359 359 359 359 359 359 359 359 359 359 359 359 359 359 359 359 359 359 359 359 359 359 
# name: freq
# type: matrix
# rows: 1
# columns: 359
 50.0 50.0 50.0 50.0 50.0 50.0 50.0 50.0 50.0 50.0 50.0 50.0 50.0 50.0 50.0 50.0 50.0 50.0 50.0 50.0 50.0 50.0 50.0 50.0 50.0 50.0 50.0 50.0 50.0 50.0 50.0 50.0 50.0 50.0 50.0 50.0 50.0 50.0 50.0 50.0 50.0 50.0 50.0 50.0 50.0 50.0 50.0 50.0 50.0 50.0 50.0 50.0 50.0 50.0 50.0 50.0 50.0 50.0 50.0 50.0 50.0 50.0 50.0 50.0 50.0 50.0 50.0 50.0 50.0 50.0 50.0 50.0 50.0 50.0 50.0 50.0 50.0 50.0 50.0 50.0 50.0 50.0 50.0 50.0 50.0 50.0 50.0 50.0 50.0 50.0 50.0 50.0 50.0 50.0 50.0 50.0 50.0 50.0 50.0 50.0 50.0 50.0 50.0 50.0 50.0 50.0 50.0 50.0 50.0 50.0 50.0 50.0 50.0 50.0 50.0 50.0 50.0 50.0 50.0 50.0 50.0 50.0 50.0 50.0 50.0 50.0 50.0 50.0 50.0 50.0 50.0 50.0 50.0 50.0 50.0 50.0 50.0 50.0 50.0 50.0 50.0 50.0 50.0 50.0 50.0 50.0 50.0 50.0 50.0 50.0 50.0 50.0 50.0 50.0 50.0 50.0 50.0 50.0 50.0 50.0 50.0 50.0 50.0 50.0 50.0 50.0 50.0 50.0 50.0 50.0 50.0 50.0 50.0 50.0 50.0 50.0 50.0 50.0 50.0 50.0 50.0 50.0 50.0 50.0 50.0 50.0 50.0 50.0 50.0 50.0 50.0 50.0 50.0 50.0 50.0 50.0 50.0 50.0 50.0 50.0 50.0 50.0 50.0 50.0 50.0 50.0 50.0 50.0 50.0 50.0 50.0 50.0 50.0 50.0 50.0 50.0 50.0 50.0 50.0 50.0 50.0 50.0 50.0 50.0 50.0 50.0 50.0 50.0 50.0 50.0 50.0 50.0 50.0 50.0 50.0 50.0 50.0 50.0 50.0 50.0 50.0 50.0 50.0 50.0 50.0 50.0 50.0 50.0 50.0 50.0 50.0 50.0 50.0 50.0 50.0 50.0 50.0 50.0 50.0 50.0 50.0 50.0 50.0 50.0 50.0 50.0 50.0 50.0 50.0 50.0 50.0 50.0 50.0 50.0 50.0 50.0 50.0 50.0 50.0 50.0 50.0 50.0 50.0 50.0 50.0 50.0 50.0 50.0 50.0 50.0 50.0 50.0 50.0 50.0 50.0 50.0 50.0 50.0 50.0 50.0 50.0 50.0 50.0 50.0 50.0 50.0 50.0 50.0 50.0 50.0 50.0 50.0 50.0 50.0 50.0 50.0 50.0 50.0 50.0 50.0 50.0 50.0 50.0 50.0 50.0 50.0 50.0 50.0 50.0 50.0 50.0 50.0 50.0 50.0 50.0 50.0 50.0 50.0 50.0 50.0 50.0 50.0 50.0 50.0 50.0 50.0 50.0 50.0 50.0 50.0 50.0 50.0 50.0 50.0 50.0 50.0 50.0 50.0 50.0 
# name: reacPower
# type: matrix
# rows: 1
# columns: 359
 0.414 -4.761 -5.486 -3.83 -2.588 -4.244 -5.9 -5.59 -1.759 -5.797 4.658 2.38 2.484 -5.693 -3.623 -5.072 -5.486 -3.312 3.312 -1.035 -5.486 -2.277 10.248 22.774 5.797 -4.451 1.552 2.173 4.451 -4.865 -2.691 2.795 5.693 -2.795 -1.759 -3.933 -4.347 -3.209 -3.312 -0.621 -3.209 -3.312 -3.416 -3.312 -3.105 -3.312 -2.795 -3.83 -1.449 3.933 -3.83 -4.037 -4.037 -3.002 -4.037 -3.933 -1.138 -2.173 -4.14 -3.933 -3.726 -3.933 -3.83 -2.588 -1.552 -3.002 -3.519 -3.623 -3.623 4.244 -3.002 -2.898 -3.209 -2.691 -3.83 -3.83 2.898 -1.656 -3.312 -3.312 -3.623 -0.517 -4.037 -3.933 -4.14 -2.691 -3.83 -3.519 -4.761 -3.623 -3.416 -2.898 -3.623 -3.726 -3.83 -3.933 -3.83 -3.83 -3.83 3.312 -3.416 -1.242 -2.795 -3.105 -3.519 -2.173 -3.933 -3.312 -0.414 -3.105 -3.83 -3.83 -3.83 -2.38 -3.726 -1.966 -3.933 -3.83 -3.83 -2.795 -3.933 -2.07 -3.83 -3.416 -3.312 -0.828 -3.312 -3.933 -3.83 -4.14 -3.83 -3.623 -4.037 -4.037 -1.966 -3.312 -3.83 -2.173 -3.83 -3.623 -3.416 -2.588 1.138 -3.726 -3.519 -3.83 -3.312 -3.623 -3.623 -2.795 -3.416 -2.898 -3.416 -3.519 -3.623 -3.933 -4.244 -3.105 -3.726 -3.933 -3.726 -2.38 -3.519 -2.588 -3.933 -3.623 -2.38 -2.277 -2.484 -2.588 -2.691 -2.588 -2.691 -1.449 -2.484 -2.484 -2.277 -2.173 -2.07 -2.173 -1.966 -2.173 -1.966 -1.656 -1.863 -0.517 -2.173 -2.173 -1.966 -2.07 -2.277 -2.277 -2.277 -2.484 -2.38 -2.588 -2.588 -1.242 -2.588 -2.173 -2.277 -2.277 -1.966 -1.863 -2.38 -2.07 -2.07 -1.863 -1.759 -1.138 -1.966 -1.759 -1.966 -1.863 -1.966 -1.759 -1.656 -1.966 -2.277 -2.173 1.966 -1.966 -2.173 -1.966 -1.966 -2.277 -2.173 -2.173 -2.07 -2.173 -1.966 -2.277 -2.38 -2.173 -2.277 -2.277 -2.277 -2.277 -2.588 -2.484 -2.277 -2.38 -2.38 -2.484 -2.484 -2.173 -2.173 -2.588 -2.588 -2.898 -2.484 -2.795 -3.002 -2.691 -2.795 -2.795 -2.691 -2.484 -2.588 -2.691 -2.38 -2.07 -1.552 -2.588 -2.173 -2.898 -3.002 -2.588 -2.588 -2.173 -2.484 -2.484 -2.38 -2.38 -2.588 -2.588 -2.173 -1.863 -1.552 -1.966 -1.863 -1.759 -1.966 -2.173 -2.173 -2.173 -2.38 -1.759 -2.277 -2.38 -2.277 -2.484 -2.38 -2.277 -2.484 -2.691 -2.277 -1.966 -2.173 -2.38 -2.38 -2.277 -2.277 -2.07 -2.277 -1.345 -2.07 -2.173 -2.173 -2.277 -2.07 -1.966 -2.07 -2.277 -2.277 -2.484 -2.38 -2.07 -2.38 -2.691 -1.966 -2.795 -2.484 -2.07 -2.38 -2.07 -2.173 -2.277 -2.588 -2.07 -2.277 -2.484 -2.173 -2.07 -2.691 -2.38 -3.623 -3.726 -3.623 -2.38 -3.105 -3.312 -2.173 -2.277 -2.38 -2.691 -2.691 -2.898 -2.691 -2.38 -2.484 -2.484 -2.588 -2.07 -2.691 -2.691 -2.588 -2.588 -2.588 
