# name: phAngle
# type: matrix
# rows: 1
# columns: 359
 274 274 274 274 274 274 274 274 274 274 274 274 274 274 274 274 274 274 339 3 4 1 1 1 3 1 1 2 0 0 1 0 0 0 0 0 0 0 0 0 0 0 0 0 1 1 1 0 1 0 0 0 0 0 0 1 0 0 0 0 0 0 0 0 0 1 0 0 1 1 1 2 1 1 1 1 2 1 4 1 1 1 1 1 1 1 1 1 1 1 1 1 1 1 1 1 1 1 1 1 2 1 1 1 1 1 1 1 1 1 1 1 1 0 1 1 1 1 1 0 0 1 1 0 1 1 1 1 1 1 1 1 1 1 1 1 1 1 1 1 2 1 1 1 1 1 1 1 1 1 1 1 1 1 1 1 1 1 1 1 1 1 1 1 1 1 1 1 1 1 1 1 1 1 1 1 1 1 1 1 1 0 1 1 1 1 1 1 1 1 0 1 1 1 1 1 1 1 1 1 1 1 1 1 1 1 1 2 1 1 1 1 2 2 2 1 1 1 1 1 1 1 2 1 1 1 1 1 1 1 1 2 1 1 1 1 1 1 1 1 1 1 2 1 1 2 1 1 1 1 1 1 1 2 1 1 1 1 2 1 5 1 1 1 1 1 1 1 1 1 1 1 1 1 1 1 1 1 2 1 1 1 1 1 1 1 1 1 1 1 1 1 2 2 1 1 1 1 1 1 1 1 1 1 1 1 1 1 1 1 1 1 0 0 1 1 1 1 0 0 1 1 0 1 1 0 0 0 0 0 0 0 0 0 0 0 0 0 0 1 1 1 1 0 1 1 0 1 1 1 1 1 1 1 1 1 1 1 1 
# name: freq
# type: matrix
# rows: 1
# columns: 359
 50.0 50.0 50.0 50.0 50.0 50.0 50.0 50.0 50.0 50.0 50.0 50.0 50.0 50.0 50.0 50.0 50.0 50.0 50.0 50.0 50.0 50.0 50.0 50.0 50.0 50.0 50.0 50.0 50.0 50.0 50.0 50.0 50.0 50.0 50.0 50.0 50.0 50.0 50.0 50.0 50.0 50.0 50.0 50.0 50.0 50.0 50.0 50.0 50.0 50.0 50.0 50.0 50.0 50.0 50.0 50.0 50.0 50.0 50.0 50.0 50.0 50.0 50.0 50.0 50.0 50.0 50.0 50.0 50.0 50.0 50.0 50.0 50.0 50.0 50.0 50.0 50.0 50.0 50.0 50.0 50.0 50.0 50.0 50.0 50.0 50.0 50.0 50.0 50.0 50.0 50.0 50.0 50.0 50.0 50.0 50.0 50.0 50.0 50.0 50.0 50.0 49.9 49.9 49.9 49.9 49.9 50.0 49.9 50.0 49.9 50.0 50.0 49.9 49.9 50.0 49.9 50.0 50.0 49.9 49.9 50.0 49.9 50.0 50.0 50.0 50.0 50.0 49.9 50.0 50.0 50.0 50.0 50.0 50.0 50.0 50.0 50.0 50.0 50.0 50.0 50.0 50.0 50.0 50.0 50.0 50.0 50.0 50.0 50.0 50.0 50.0 50.0 50.0 50.0 50.0 50.0 50.0 50.0 50.0 50.0 50.0 49.9 50.0 50.0 50.0 50.0 50.0 50.0 50.0 50.0 50.0 50.0 50.0 50.0 50.0 50.0 50.0 50.0 50.0 50.0 50.0 50.0 50.0 50.0 50.0 50.0 50.0 50.0 50.0 50.0 50.0 50.0 50.0 50.0 50.0 50.0 50.0 50.0 50.0 50.0 50.0 50.0 50.0 50.0 50.0 50.0 50.0 50.0 50.0 50.0 50.0 50.0 50.0 50.0 50.0 50.0 50.0 50.0 50.0 50.0 50.0 50.0 50.0 50.0 50.0 50.0 50.0 50.0 50.0 50.0 50.0 50.0 50.0 50.0 50.0 50.0 50.0 50.0 50.0 50.0 50.0 50.0 50.0 50.0 50.0 50.0 50.0 50.0 50.0 50.0 50.0 50.0 50.0 50.0 50.0 50.0 50.0 50.0 50.0 50.0 50.0 50.0 50.0 50.0 50.0 50.0 50.0 50.0 50.0 50.0 50.0 50.0 50.0 50.0 50.0 50.0 50.0 50.0 50.0 50.0 50.0 50.0 50.0 50.0 50.0 50.0 50.0 50.0 50.0 50.0 50.0 50.0 50.0 50.0 50.0 50.0 50.0 50.0 50.0 50.0 50.0 50.0 50.0 50.0 50.0 50.0 50.0 50.0 50.0 50.0 50.0 50.0 50.0 50.0 50.0 50.0 50.0 50.0 50.0 50.0 50.0 50.0 50.0 50.0 50.0 50.0 50.0 50.0 50.0 50.0 50.0 50.0 50.0 50.0 50.0 50.0 50.0 50.0 50.0 50.0 50.0 50.0 50.0 50.0 50.0 50.0 50.0 50.0 50.0 50.0 50.0 50.0 50.0 50.0 50.0 50.0 50.0 50.0 50.0 
# name: reacPower
# type: matrix
# rows: 1
# columns: 359
 -10.662 -10.662 -10.662 -10.662 -10.766 -10.766 -10.766 -10.766 -10.662 -10.869 -10.766 -10.869 -10.869 -10.869 -10.869 -10.766 -10.766 -10.766 -12.629 7.453 8.695 4.037 3.623 3.83 7.66 3.416 3.312 5.072 1.863 1.656 3.416 1.656 1.552 1.656 1.656 1.656 1.759 1.552 1.656 1.449 1.656 1.449 1.759 1.966 2.173 2.173 2.07 1.759 2.173 1.656 1.759 1.759 1.863 1.966 1.966 2.07 1.759 1.863 1.966 1.863 1.759 1.863 1.863 1.863 1.863 2.07 1.966 1.966 2.795 2.795 2.38 4.761 2.898 2.484 2.38 3.105 4.14 3.312 10.455 3.83 3.416 2.898 3.933 3.209 2.588 2.38 3.519 2.691 2.691 2.691 2.38 2.38 2.277 2.484 2.277 2.795 3.519 2.38 3.002 2.795 4.244 2.795 3.416 2.484 3.519 2.795 3.519 2.173 2.484 2.38 3.933 2.588 2.484 1.966 2.173 1.966 2.277 2.795 2.07 1.863 1.863 2.173 2.173 1.966 2.173 2.07 2.277 2.38 2.173 2.07 2.691 2.38 2.173 3.312 2.38 2.484 3.002 2.484 2.898 2.484 4.14 2.795 2.898 2.795 2.898 3.105 2.588 2.38 2.277 2.484 3.623 2.38 2.484 2.277 2.173 2.277 2.484 2.691 2.277 2.795 3.002 3.002 2.691 3.209 2.691 2.588 3.105 2.795 2.691 2.588 3.519 2.795 3.209 2.795 3.416 2.484 2.588 3.416 2.691 2.277 3.002 1.966 2.795 2.484 2.795 2.277 2.38 3.105 2.173 2.691 1.966 2.07 2.277 3.933 2.691 3.105 3.726 2.484 2.795 2.588 2.38 2.38 2.484 2.38 2.277 2.588 2.588 4.14 2.795 2.795 3.416 2.691 4.554 4.347 5.797 3.83 2.898 2.795 2.795 2.898 3.209 2.795 4.347 3.209 3.105 2.898 3.312 2.795 2.588 2.898 3.002 4.347 3.209 3.209 2.795 3.105 2.691 2.795 3.209 2.795 2.795 3.623 6.004 2.898 3.002 4.244 3.416 3.726 3.209 2.691 2.691 2.898 3.209 4.865 3.002 3.623 2.898 2.795 5.9 2.484 10.662 2.691 2.795 2.691 2.691 2.691 2.38 2.588 2.588 2.38 2.588 2.691 2.898 3.623 2.484 2.795 2.484 2.484 5.176 2.898 2.38 3.209 2.484 3.105 2.38 2.898 2.484 2.38 2.898 2.691 2.898 3.002 4.658 6.004 3.105 3.519 2.691 2.38 2.38 2.173 2.277 2.277 2.277 2.484 2.277 2.38 2.277 2.173 2.277 2.173 2.277 2.173 1.966 1.966 2.277 2.173 2.277 2.277 1.966 1.966 1.966 2.07 1.966 2.07 2.173 1.966 1.863 1.863 1.863 1.656 1.656 1.863 1.656 1.863 1.863 1.863 1.759 1.863 1.759 2.07 2.07 2.173 2.173 1.966 2.07 2.173 1.966 2.173 2.173 2.277 2.277 2.277 2.38 2.173 2.38 2.277 2.173 2.173 2.07 
# name: power
# type: matrix
# rows: 1
# columns: 359
 0.724 0.724 0.724 0.724 0.724 0.724 0.724 0.724 0.724 0.724 0.724 0.828 0.828 0.828 0.724 0.828 0.828 0.724 33.747 124.742 129.4 114.907 111.594 112.837 125.673 112.526 112.216 119.359 107.764 107.454 113.251 107.35 107.143 107.247 107.143 107.04 107.04 106.936 106.936 106.936 106.833 106.833 106.522 106.626 106.522 106.418 106.522 106.418 106.418 106.315 106.211 106.315 106.315 106.315 106.315 107.454 106.315 106.315 106.315 106.211 106.108 106.522 106.211 106.108 106.004 106.108 106.004 106.004 107.971 107.35 105.487 114.39 107.35 106.315 106.522 107.764 111.905 108.903 133.644 110.352 108.696 107.247 110.145 107.971 106.211 106.729 109.006 106.108 106.626 105.694 105.383 105.487 105.176 105.073 105.073 107.04 108.592 104.969 107.454 107.04 110.87 105.901 108.592 104.452 108.696 107.35 109.938 104.866 106.004 106.108 110.973 106.315 106.626 104.348 104.866 104.452 105.694 107.143 104.348 104.245 104.348 104.348 105.383 104.452 104.555 104.452 104.555 105.28 104.452 104.348 106.833 104.969 104.555 108.385 105.487 105.59 107.04 105.797 106.418 104.969 111.491 106.729 106.108 106.211 106.315 106.729 105.383 104.969 104.866 104.762 108.696 104.762 104.762 104.762 104.762 104.866 104.659 106.004 104.762 105.901 106.729 106.418 105.487 106.626 104.762 104.969 106.418 105.797 106.108 104.969 108.075 106.004 107.764 104.969 107.661 105.176 105.176 108.282 106.522 105.176 107.454 104.141 107.557 105.694 105.797 104.659 105.59 107.454 104.245 106.522 104.141 104.141 103.934 110.145 104.452 106.522 108.592 103.83 104.969 104.659 103.727 103.727 103.727 103.727 103.623 103.83 104.038 108.903 103.727 103.52 106.522 103.727 110.145 110.042 114.286 106.004 103.416 103.416 103.416 103.416 104.969 103.52 108.696 104.348 104.555 103.52 104.452 103.52 103.416 103.52 103.416 109.421 104.762 104.866 103.52 105.073 103.52 103.209 105.176 103.209 103.209 106.418 114.597 103.623 103.727 108.592 105.383 106.418 104.969 103.209 102.899 103.313 105.073 110.249 104.555 107.35 105.176 104.659 115.011 104.038 130.435 103.52 104.348 103.934 103.727 103.106 102.795 102.899 103.002 103.106 103.209 104.038 104.245 106.729 103.209 103.727 103.313 103.313 112.733 104.866 103.106 105.797 102.899 105.487 102.795 104.762 103.313 103.313 104.348 103.313 104.141 103.934 111.077 115.942 105.383 106.108 103.52 103.727 103.83 103.209 103.52 103.313 103.52 103.416 103.52 103.52 103.416 103.416 103.416 103.416 103.313 103.416 103.52 103.313 103.313 103.416 103.416 103.623 103.416 103.623 103.52 103.52 103.52 103.623 103.52 103.727 103.52 103.727 103.52 103.727 103.727 103.623 103.727 103.727 103.727 103.83 103.727 103.727 103.623 103.727 103.623 103.623 103.727 103.52 103.623 103.623 103.623 103.623 103.52 103.623 103.52 103.52 103.52 103.727 103.727 103.623 103.623 103.416 103.416 
