# name: phAngle
# type: matrix
# rows: 1
# columns: 359
 0 2 0 1 2 2 358 358 358 358 358 358 358 359 358 358 358 358 358 358 358 358 358 358 358 0 358 358 358 358 358 358 358 358 358 358 358 358 358 358 358 358 358 358 358 358 358 358 358 359 359 359 359 359 359 359 359 359 359 359 358 358 358 0 358 359 358 359 358 358 358 358 358 358 358 358 358 358 359 358 358 358 358 359 0 358 358 358 358 358 358 358 358 358 358 358 358 358 358 358 358 358 358 358 358 358 358 358 358 358 358 358 0 2 2 358 2 358 358 356 358 358 358 1 2 4 1 1 1 2 2 2 2 2 0 358 359 358 358 358 358 358 358 358 1 358 358 358 358 358 359 359 359 359 359 359 359 358 359 358 358 358 358 358 358 358 358 359 359 359 358 358 359 358 359 358 359 358 359 359 359 359 358 358 358 358 359 358 359 358 2 1 359 359 359 359 359 359 358 359 359 359 359 359 359 359 359 359 359 359 359 359 358 359 359 359 359 358 359 358 359 359 359 359 358 358 358 0 359 358 358 358 358 358 358 359 358 358 358 359 358 358 358 358 358 358 358 358 358 358 358 359 358 358 358 358 358 358 358 358 358 358 358 358 358 358 358 358 358 358 358 359 358 358 358 359 359 359 358 358 358 358 358 358 358 358 358 358 358 358 359 358 359 358 358 358 358 358 358 358 358 358 358 358 358 358 358 358 358 358 358 359 358 358 358 358 358 358 358 358 358 0 2 359 358 358 359 358 358 358 358 358 358 358 0 359 359 358 359 358 0 358 358 358 358 359 359 359 358 359 358 358 358 358 358 358 358 358 358 
# name: freq
# type: matrix
# rows: 1
# columns: 359
 50.0 50.0 50.0 50.0 50.0 50.0 50.0 50.0 50.0 50.0 50.0 50.0 50.0 50.0 50.0 50.0 50.0 50.0 50.0 50.0 50.0 50.0 50.0 50.0 50.0 50.0 50.0 50.0 50.0 50.0 50.0 50.0 50.0 50.0 50.0 50.0 50.0 50.0 50.0 50.0 50.0 50.0 50.0 50.0 50.0 50.0 50.0 50.0 50.0 50.0 50.0 50.0 50.0 50.0 50.0 50.0 50.0 50.0 50.0 50.0 50.0 50.0 50.0 50.0 50.0 50.0 50.0 50.0 50.0 50.0 50.0 50.0 50.0 50.0 50.0 50.0 50.0 50.0 50.0 50.0 50.0 50.0 50.0 50.0 50.0 50.0 50.0 50.0 50.0 50.0 50.0 50.0 50.0 50.0 50.0 50.0 50.0 50.0 50.0 50.0 50.0 50.0 50.0 50.0 50.0 50.0 50.0 50.0 50.0 50.0 50.0 50.0 50.0 50.0 50.0 50.0 50.0 50.0 50.0 50.0 50.0 50.0 50.0 50.0 50.0 50.0 50.0 50.0 50.0 50.0 50.0 50.0 50.0 50.0 50.0 50.0 50.0 50.0 50.0 50.0 50.0 50.0 50.0 50.0 50.0 50.0 50.0 50.0 50.0 50.0 50.0 50.0 50.0 50.0 50.0 50.0 50.0 50.0 50.0 50.0 50.0 50.0 50.0 50.0 50.0 50.0 50.0 50.0 50.0 50.0 50.0 50.0 50.0 50.0 50.0 50.0 50.0 50.0 50.0 50.0 50.0 50.0 50.0 50.0 50.0 50.0 50.0 50.0 50.0 50.0 50.0 50.0 50.0 50.0 50.0 50.0 50.0 50.0 50.0 50.0 50.0 50.0 50.0 50.0 50.0 50.0 50.0 50.0 50.0 50.0 50.0 50.0 50.0 50.0 50.0 50.0 50.0 50.0 50.0 50.0 50.0 50.0 50.0 50.0 50.0 50.0 50.0 50.0 50.0 50.0 50.0 50.0 50.0 50.0 50.0 50.0 50.0 50.0 50.0 50.0 50.0 50.0 50.0 50.0 50.0 50.0 50.0 50.0 50.0 50.0 50.0 50.0 50.0 50.0 50.0 50.0 50.0 50.0 50.0 50.0 50.0 50.0 50.0 50.0 50.0 50.0 50.0 50.0 50.0 50.0 50.0 50.0 50.0 50.0 50.0 50.0 50.0 50.0 50.0 50.0 50.0 50.0 50.0 50.0 50.0 50.0 50.0 50.0 50.0 50.0 50.0 50.0 50.0 50.0 50.0 50.0 50.0 50.0 50.0 50.0 50.0 50.0 50.0 50.0 50.0 50.0 50.0 50.0 50.0 50.0 50.0 50.0 50.0 50.0 50.0 50.0 50.0 50.0 50.0 50.0 50.0 50.0 50.0 50.0 50.0 50.0 50.0 50.0 50.0 50.0 50.0 50.0 50.0 50.0 50.0 50.0 50.0 50.0 50.0 50.0 50.0 50.0 50.0 50.0 50.0 50.0 50.0 50.0 50.0 50.0 50.0 50.0 50.0 50.0 50.0 50.0 50.0 50.0 50.0 
# name: reacPower
# type: matrix
# rows: 1
# columns: 359
 0.931 6.004 1.966 2.691 5.693 5.383 -4.037 -4.761 -4.554 -4.865 -4.554 -4.347 -4.658 -3.312 -5.176 -4.244 -4.658 -4.968 -5.072 -5.383 -5.072 -5.279 -4.968 -4.968 -4.658 0.621 -5.383 -5.072 -5.279 -5.176 -4.761 -4.865 -5.072 -4.865 -4.658 -4.865 -4.968 -4.244 -4.761 -4.865 -4.554 -4.554 -4.865 -4.865 -4.761 -4.554 -4.761 -4.968 -4.037 -3.623 -3.726 -3.726 -3.726 -3.83 -3.83 -3.519 -3.623 -3.623 -3.933 -3.933 -5.176 -5.279 -5.279 -1.966 -5.072 -2.898 -4.554 -4.037 -4.244 -4.761 -4.865 -4.554 -4.244 -5.486 -4.347 -4.761 -4.347 -5.279 -4.037 -5.486 -5.59 -4.451 -5.072 -3.209 -1.863 -5.59 -6.107 -5.59 -5.59 -5.9 -5.383 -5.797 -5.693 -6.004 -5.279 -5.176 -5.693 -5.383 -5.59 -5.59 -5.59 -5.59 -4.761 -5.693 -5.279 -4.968 -5.176 -5.797 -5.797 -5.693 -6.004 -4.658 -1.863 5.072 4.14 -4.968 4.347 -5.59 -5.693 -6.211 -5.59 -5.9 -5.279 3.726 5.797 10.352 2.484 3.416 3.416 4.658 5.279 5.279 5.383 5.693 0.724 -4.244 -2.07 -4.451 -4.761 -4.554 -4.761 -4.968 -5.383 -5.176 3.416 -4.968 -4.865 -5.486 -4.968 -4.658 -2.484 -3.002 -3.623 -3.726 -4.037 -3.726 -4.037 -4.14 -2.484 -4.554 -4.658 -4.865 -4.347 -4.347 -4.761 -4.554 -4.554 -2.898 -3.726 -4.037 -4.244 -4.244 -4.037 -4.14 -3.83 -4.244 -3.519 -4.14 -3.726 -2.484 -3.933 -4.037 -4.347 -4.347 -4.244 -4.244 -4.037 -4.244 -4.037 -4.244 4.451 2.07 -3.933 -3.623 -3.933 -3.416 -3.519 -3.519 -4.347 -3.83 -4.037 -3.83 -2.795 -2.484 -3.312 -3.933 -3.519 -3.623 -3.519 -3.623 -3.933 -3.623 -4.244 -3.933 -3.83 -2.588 -3.519 -4.451 -3.83 -4.347 -3.623 -4.037 -3.83 -3.83 -4.554 -4.14 -4.347 -1.759 -3.933 -4.658 -4.14 -4.554 -4.451 -4.761 -4.244 -3.933 -4.761 -4.14 -4.658 -3.312 -4.658 -4.658 -4.554 -4.658 -4.244 -4.865 -4.451 -4.658 -4.347 -4.14 -4.347 -2.588 -4.658 -4.451 -4.451 -4.658 -4.244 -4.658 -4.658 -5.072 -4.347 -4.865 -4.761 -4.451 -4.865 -4.968 -5.072 -4.244 -4.968 -4.865 -4.761 -3.416 -4.347 -4.865 -4.451 -3.519 -3.312 -3.933 -4.968 -4.554 -4.658 -4.554 -4.968 -4.761 -4.658 -4.968 -4.244 -4.347 -4.554 -4.865 -4.037 -4.658 -3.105 -4.554 -5.072 -4.761 -5.072 -4.658 -4.865 -4.347 -4.658 -4.968 -4.761 -5.072 -4.451 -4.658 -4.658 -4.761 -5.176 -4.761 -5.072 -3.83 -4.244 -4.658 -4.761 -4.761 -4.658 -5.072 -4.244 -4.554 -4.14 0.207 4.968 -3.105 -4.658 -4.347 -3.312 -4.761 -4.761 -4.761 -4.347 -4.761 -4.451 -4.244 1.656 -2.07 -3.105 -4.554 -2.277 -4.244 -1.759 -4.865 -4.451 -4.554 -4.761 -2.588 -4.037 -3.105 -4.865 -3.623 -4.658 -4.658 -4.968 -5.072 -5.072 -4.761 -5.693 -5.797 -5.072 
