# name: phAngle
# type: matrix
# rows: 1
# columns: 360
 286 286 286 286 286 286 286 286 286 286 286 286 286 286 286 286 286 286 286 286 286 286 286 286 286 286 286 286 286 286 286 286 286 286 3 1 1 1 1 1 1 1 1 1 1 1 1 1 1 1 1 1 1 1 1 1 1 1 1 1 1 1 2 3 2 1 2 1 1 2 1 1 1 1 1 3 3 2 1 1 1 1 1 1 1 1 4 2 1 2 2 1 2 1 2 2 3 2 1 1 1 2 2 2 1 1 2 1 1 1 1 1 1 1 1 1 1 1 1 1 1 1 1 2 1 1 1 1 1 1 1 1 1 1 1 1 1 1 1 1 1 1 1 1 1 1 1 1 1 1 1 1 1 1 1 1 1 1 1 1 1 1 1 1 1 1 1 1 1 1 1 1 1 1 1 1 1 1 1 1 1 1 1 1 1 1 1 1 1 1 1 1 1 1 1 1 1 1 1 1 1 1 1 1 1 1 1 1 1 1 1 1 1 1 1 1 1 1 1 1 1 1 1 1 1 1 1 1 1 1 1 1 1 0 1 0 1 1 0 0 0 1 0 1 0 0 1 0 1 1 0 1 0 1 0 1 1 1 1 0 1 1 1 1 0 0 0 0 0 0 0 0 0 0 1 0 0 0 0 1 0 0 1 1 1 1 1 1 1 1 1 1 0 1 0 1 0 1 1 1 1 1 1 0 0 1 0 1 1 1 0 1 1 1 1 0 0 1 1 1 1 1 0 1 1 1 1 1 1 1 1 1 1 1 1 1 1 1 1 1 1 1 1 1 1 1 2 1 1 1 1 1 1 1 1 1 1 1 1 1 
# name: freq
# type: matrix
# rows: 1
# columns: 360
 50.0 50.0 50.0 50.0 50.0 50.0 50.0 50.0 50.0 50.0 50.0 50.0 50.0 50.0 50.0 50.0 50.0 50.0 50.0 50.0 50.0 50.0 50.0 50.0 50.0 50.0 50.0 50.0 50.0 50.0 50.0 50.0 50.0 50.0 50.0 50.0 50.0 50.0 50.0 50.0 50.0 50.0 50.0 50.0 50.0 50.0 50.0 50.0 50.0 50.0 50.0 50.0 50.0 50.0 50.0 50.0 50.0 50.0 50.0 50.0 50.0 50.0 50.0 50.0 50.0 50.0 50.0 50.0 50.0 50.0 50.0 50.0 50.0 50.0 50.0 50.0 50.0 50.0 50.0 50.0 50.0 50.0 50.0 50.0 50.0 50.0 50.0 50.0 50.0 50.0 50.0 50.0 50.0 50.0 50.0 50.0 50.0 50.0 50.0 50.0 50.0 50.0 50.0 50.0 50.0 50.0 50.0 50.0 50.0 50.0 50.0 50.0 50.0 50.0 50.0 50.0 50.0 50.0 50.0 50.0 50.0 50.0 50.0 50.0 50.0 50.0 50.0 50.0 50.0 50.0 50.0 49.9 50.0 50.0 50.0 50.0 50.0 50.0 50.0 50.0 50.0 50.0 50.0 50.0 50.0 50.0 50.0 50.0 50.0 50.0 50.0 50.0 50.0 50.0 50.0 50.0 50.0 50.0 50.0 50.0 50.0 50.0 50.0 50.0 50.0 50.0 50.0 50.0 50.0 50.0 50.0 50.0 50.0 50.0 50.0 50.0 50.0 50.0 50.0 50.0 50.0 50.0 50.0 50.0 50.0 50.0 50.0 50.0 50.0 50.0 50.0 50.0 50.0 50.0 50.0 50.0 50.0 50.0 50.0 50.0 50.0 50.0 50.0 50.0 50.0 50.0 50.0 50.0 50.0 50.0 50.0 50.0 50.0 50.0 50.0 50.0 50.0 50.0 50.0 50.0 50.0 50.0 50.0 50.0 50.0 50.0 50.0 50.0 50.0 50.0 50.0 50.0 50.0 50.0 50.0 50.0 50.0 50.0 50.0 50.0 50.0 50.0 50.0 50.0 50.0 50.0 50.0 50.0 50.0 50.0 50.0 50.0 50.0 50.0 50.0 50.0 50.0 50.0 50.0 50.0 50.0 50.0 50.0 50.0 50.0 50.0 50.0 50.0 50.0 50.0 50.0 50.0 50.0 50.0 50.0 50.0 50.0 50.0 50.0 50.0 50.0 50.0 50.0 50.0 50.0 50.0 50.0 50.0 50.0 50.0 50.0 50.0 50.0 50.0 50.0 50.0 50.0 50.0 50.0 50.0 50.0 50.0 50.0 50.0 49.9 49.9 49.9 49.9 49.9 50.0 49.9 49.9 50.0 49.9 49.9 49.9 49.9 50.0 50.0 50.0 49.9 50.0 50.0 49.9 50.0 49.9 49.9 49.9 49.9 50.0 49.9 49.9 50.0 49.9 49.9 50.0 50.0 50.0 50.0 50.0 50.0 50.0 50.0 50.0 50.0 50.0 50.0 50.0 50.0 50.0 50.0 50.0 49.9 50.0 50.0 50.0 50.0 50.0 49.9 50.0 
# name: reacPower
# type: matrix
# rows: 1
# columns: 360
 -15.735 -15.735 -15.735 -15.735 -15.735 -15.631 -15.631 -15.631 -15.631 -15.528 -15.528 -15.528 -15.528 -15.528 -15.528 -15.528 -15.528 -15.528 -15.321 -15.528 -15.528 -15.217 -15.528 -15.528 -15.217 -15.217 -15.631 -15.424 -15.631 -15.217 -15.631 -15.631 -15.631 -15.631 8.799 5.693 5.383 5.797 4.761 4.451 4.968 4.865 4.451 5.797 4.761 5.279 6.004 4.451 4.761 4.658 5.176 4.244 4.451 4.658 4.554 4.658 4.554 4.347 3.83 3.726 4.451 4.968 7.66 10.248 7.453 5.383 8.074 5.486 5.176 6.521 5.072 6.107 4.761 4.865 5.383 10.248 8.488 8.074 5.072 4.244 4.451 4.968 4.451 5.176 4.451 5.486 14.078 6.935 5.59 6.314 7.556 5.797 6.211 5.9 6.107 6.625 10.973 6.211 6.107 5.693 5.693 6.314 6.521 6.521 5.693 5.693 6.728 5.176 6.004 5.279 5.797 5.693 5.693 5.9 4.865 5.59 5.486 5.176 5.383 5.176 4.865 5.279 5.072 6.314 6.004 6.107 5.176 5.279 5.279 5.486 5.279 5.279 5.59 5.072 4.761 4.761 4.451 4.761 4.554 4.968 4.451 4.658 4.761 4.968 5.176 4.451 4.968 4.658 4.761 4.658 5.383 5.486 4.968 5.176 5.176 5.279 5.279 4.037 4.037 4.037 4.554 3.933 4.347 3.623 4.451 4.347 4.244 3.83 3.933 3.416 2.795 3.209 3.623 3.105 3.726 4.554 4.968 4.968 3.623 3.623 3.209 2.898 3.002 3.519 3.002 3.105 3.726 3.83 3.519 3.312 3.623 3.312 3.726 3.83 3.312 3.933 3.623 3.726 3.209 3.209 2.898 2.691 3.105 2.795 3.002 2.691 3.002 3.002 2.588 3.002 2.898 3.416 3.416 3.105 3.519 2.795 2.898 4.658 3.209 3.002 2.898 2.898 2.277 2.691 2.484 2.38 2.07 2.484 2.588 2.07 2.484 2.07 2.07 1.759 2.173 1.966 2.07 2.173 1.759 1.759 1.552 2.277 1.966 2.277 1.966 1.345 2.277 1.449 2.07 2.173 1.656 2.173 1.759 2.484 1.863 2.07 2.173 2.07 2.484 1.966 2.277 2.173 2.173 2.07 1.656 1.966 1.345 1.966 1.552 1.863 1.656 1.552 1.863 1.552 2.277 1.449 1.966 1.966 1.345 2.07 1.552 1.966 2.277 2.898 2.484 3.105 3.105 2.795 2.795 2.691 2.795 3.312 1.656 2.484 1.759 2.277 1.966 2.588 2.898 2.484 2.795 2.173 2.07 1.863 1.759 2.38 1.759 2.795 2.07 2.588 1.759 2.588 2.07 2.07 2.07 1.966 1.863 2.07 2.691 3.416 2.795 2.898 1.863 2.484 2.484 2.484 2.795 2.38 2.277 2.173 2.588 2.588 2.795 2.795 2.484 2.795 2.898 3.519 2.484 2.484 2.795 3.312 4.761 3.312 3.623 3.416 7.039 3.519 4.244 4.244 3.933 4.347 3.623 3.83 4.347 3.002 5.072 2.898 3.209 2.588 
# name: power
# type: matrix
# rows: 1
# columns: 360
 5.072 5.072 4.968 5.072 5.176 5.176 5.176 5.176 5.072 5.176 5.072 5.176 5.072 4.968 5.072 5.072 4.968 5.176 5.9 5.072 5.176 5.9 4.761 5.072 5.072 5.072 5.072 4.347 5.176 5.072 5.072 5.072 5.693 5.072 169.255 159.007 156.833 157.868 152.899 151.76 154.866 154.97 151.967 156.212 151.76 154.452 157.558 150.725 151.243 150.415 150.622 150.001 150.001 149.897 149.794 149.483 149.483 149.379 147.827 148.034 148.034 148.551 159.628 168.738 158.8 151.45 159.11 150.104 149.172 153.831 148.241 151.76 149.069 148.862 150.932 169.462 163.251 161.595 151.346 148.551 149.069 150.932 147.206 147.102 146.688 149.586 182.402 155.28 152.899 154.762 160.663 154.762 153.313 151.967 152.899 152.071 168.117 152.174 152.796 152.071 152.382 152.899 151.76 151.76 151.967 150.622 152.278 150.311 152.174 151.553 150.725 151.553 150.208 151.553 149.794 152.071 151.45 150.725 151.967 150.208 151.553 152.071 151.76 154.452 152.071 152.796 151.76 152.382 151.657 152.485 152.692 152.382 152.899 151.76 153.003 151.76 151.553 153.003 151.139 153.21 151.45 151.864 152.174 152.796 152.382 151.553 153.21 151.967 152.382 151.967 153.624 153.624 151.657 153.313 152.278 153.313 151.967 147.516 146.688 146.584 146.377 145.032 147.102 144.721 145.86 146.584 146.067 146.791 145.653 145.963 145.239 145.963 147.309 145.239 145.756 144.825 146.17 145.239 145.549 146.274 144.721 145.239 145.032 146.17 145.032 144.514 146.274 144.618 145.135 144.203 145.86 144.721 145.549 145.86 144.1 146.067 144.41 145.549 144.825 145.239 145.032 143.893 145.963 144.1 145.135 143.789 144.618 145.446 143.996 145.549 143.996 146.17 143.996 144.825 146.274 144.41 145.446 150.001 144.721 143.375 143.996 143.996 142.858 143.996 142.34 143.582 142.133 143.375 143.893 142.754 143.996 142.34 143.582 142.133 143.479 143.789 142.754 144.203 142.444 143.686 142.444 143.065 143.893 142.858 143.582 142.34 143.893 142.547 143.272 144.1 142.651 143.996 142.34 143.479 142.133 143.168 143.789 142.547 143.996 142.133 143.375 142.237 143.065 143.789 142.754 143.789 142.133 143.479 142.029 143.065 143.686 142.651 143.893 142.444 143.582 142.133 143.479 143.582 142.547 143.996 142.029 143.479 142.444 143.893 143.789 142.547 143.893 142.029 143.582 142.029 143.168 143.686 142.547 143.893 142.029 143.375 141.719 143.065 143.375 142.34 143.479 141.822 143.479 141.719 142.858 143.168 142.651 143.479 142.029 143.168 141.408 142.858 143.272 142.444 143.479 142.029 143.375 141.512 142.858 143.375 142.237 143.582 141.926 143.168 141.822 142.858 143.375 142.444 143.375 141.512 143.479 141.615 142.858 143.272 142.237 144.307 143.479 145.446 142.444 143.686 144.203 146.895 152.382 145.963 146.274 145.239 159.731 146.067 147.723 149.379 148.344 151.346 148.551 149.069 151.036 146.791 153.417 145.963 145.963 144.825 
