# name: phAngle
# type: matrix
# rows: 1
# columns: 361
 1 1 1 1 1 1 1 1 1 1 1 1 1 1 1 1 1 1 1 1 1 1 1 1 1 1 1 1 1 1 1 1 1 1 1 1 1 1 1 1 2 1 1 1 1 1 1 4 4 1 1 3 2 3 2 3 3 1 1 2 1 1 1 1 2 1 2 1 1 1 1 1 1 1 1 1 1 1 1 2 1 1 1 1 1 1 1 1 1 1 3 1 1 1 1 2 1 1 1 3 1 1 1 2 1 2 2 1 1 1 3 1 1 1 1 1 1 1 1 1 1 1 1 2 1 1 1 1 1 1 1 1 1 1 1 1 1 1 1 1 1 1 1 1 1 1 1 1 1 1 1 1 2 2 1 1 1 1 1 1 1 1 1 1 1 2 3 1 1 1 1 1 1 1 2 1 2 1 1 1 1 1 1 2 1 2 1 1 1 1 1 1 1 1 1 1 1 1 1 1 1 1 1 1 1 1 1 2 1 2 1 1 1 1 1 1 1 1 1 1 1 1 1 1 1 1 1 1 1 1 1 1 1 1 1 1 1 2 1 1 1 1 1 1 1 1 1 1 1 1 1 1 1 1 1 1 1 1 1 1 1 1 1 1 1 1 1 1 1 1 1 1 1 1 1 1 1 1 1 1 1 1 1 1 1 1 1 1 1 1 1 1 1 1 1 1 1 1 1 1 1 1 1 1 1 1 1 1 1 1 1 1 1 1 1 1 1 1 1 1 1 1 1 1 1 1 1 1 1 3 1 4 1 1 1 1 1 1 1 1 1 1 1 1 1 1 1 1 1 1 1 1 1 3 1 1 1 1 1 1 1 
# name: freq
# type: matrix
# rows: 1
# columns: 361
 50.0 50.0 50.0 50.0 50.0 50.0 50.0 50.0 50.0 50.0 50.0 50.0 50.0 50.0 50.0 50.0 50.0 50.0 50.0 50.0 50.0 50.0 50.0 50.0 50.0 50.0 50.0 50.0 50.0 50.0 50.0 50.0 50.0 50.0 50.0 50.0 50.0 50.0 50.0 50.0 50.0 50.0 50.0 50.0 50.0 50.0 50.0 50.0 50.0 50.0 50.0 50.0 50.0 50.0 50.0 50.0 50.0 50.0 50.0 50.0 50.0 50.0 50.0 50.0 50.0 50.0 50.0 50.0 50.0 50.0 50.0 50.0 50.0 50.0 50.0 50.0 50.0 50.0 50.0 50.0 50.0 50.0 50.0 50.0 50.0 50.0 50.0 50.0 50.0 50.0 50.0 50.0 50.0 50.0 50.0 50.0 50.0 50.0 50.0 50.0 50.0 50.0 50.0 50.0 50.0 50.0 50.0 50.0 50.0 50.0 50.0 50.0 50.0 50.0 50.0 50.0 50.0 50.0 50.0 50.0 50.0 50.0 50.0 50.0 50.0 50.0 50.0 50.0 50.0 50.0 50.0 50.0 50.0 50.0 50.0 50.0 50.0 50.0 50.0 50.0 50.0 50.0 50.0 50.0 50.0 50.0 50.0 50.0 50.0 50.0 50.0 50.0 50.0 50.0 50.0 50.0 50.0 50.0 50.0 50.0 50.0 50.0 50.0 50.0 50.0 50.0 50.0 50.0 50.0 50.0 50.0 50.0 50.0 50.0 50.0 50.0 50.0 50.0 50.0 50.0 50.0 50.0 50.0 50.0 50.0 50.0 50.0 50.0 50.0 50.0 50.0 50.0 50.0 50.0 50.0 50.0 50.0 50.0 50.0 50.0 50.0 50.0 50.0 50.0 50.0 50.0 50.0 50.0 50.0 50.0 50.0 50.0 50.0 50.0 50.0 50.0 50.0 50.0 50.0 50.0 50.0 50.0 50.0 50.0 50.0 50.0 50.0 50.0 50.0 50.0 50.0 50.0 50.0 50.0 50.0 50.0 50.0 50.0 50.0 50.0 50.0 50.0 50.0 50.0 50.0 50.0 50.0 50.0 50.0 50.0 50.0 50.0 50.0 50.0 50.0 50.0 50.0 50.0 50.0 50.0 50.0 50.0 50.0 50.0 50.0 50.0 50.0 50.0 50.0 50.0 50.0 50.0 50.0 50.0 50.0 50.0 50.0 50.0 50.0 50.0 50.0 50.0 50.0 50.0 50.0 50.0 50.0 50.0 50.0 50.0 50.0 50.0 50.0 50.0 50.0 50.0 50.0 50.0 50.0 50.0 50.0 50.0 50.0 50.0 50.0 50.0 50.0 50.0 50.0 50.0 50.0 50.0 50.0 50.0 50.0 50.0 50.0 50.0 50.0 50.0 50.0 50.0 50.0 50.0 50.0 50.0 50.0 50.0 50.0 50.0 50.0 50.0 50.0 50.0 50.0 50.0 50.0 50.0 50.0 50.0 50.0 50.0 50.0 50.0 50.0 50.0 50.0 50.0 50.0 50.0 50.0 50.0 50.0 50.0 50.0 50.0 50.0 50.0 50.0 50.0 50.0 
# name: reacPower
# type: matrix
# rows: 1
# columns: 361
 4.451 3.933 3.312 3.519 3.519 4.037 3.519 2.898 3.312 3.105 3.105 3.209 2.795 3.312 2.795 3.105 2.484 2.691 2.588 2.588 2.898 2.691 2.898 2.38 2.484 2.898 2.588 3.209 5.279 3.209 2.38 3.002 2.795 3.002 3.105 4.968 4.761 5.279 4.451 5.072 6.314 5.383 5.279 5.279 4.554 5.072 4.968 13.664 15.424 4.451 4.554 9.213 6.418 8.385 6.211 10.041 10.041 5.176 4.347 7.867 5.176 4.761 4.968 4.968 6.935 4.658 7.349 4.865 4.14 5.176 4.037 5.693 4.037 4.244 4.347 4.554 6.004 4.037 4.968 6.418 5.9 5.176 6.107 5.59 4.865 4.347 5.072 5.383 5.279 5.383 8.695 5.486 5.176 4.968 5.176 6.211 4.658 5.072 4.451 10.559 4.451 5.797 5.279 7.764 5.176 6.521 6.728 4.14 6.004 4.347 8.902 4.037 3.726 4.658 3.83 4.14 5.072 3.933 4.554 3.933 4.554 3.83 4.14 6.314 4.761 4.037 4.244 4.14 5.486 4.554 6.004 4.244 6.004 5.59 5.383 4.244 4.761 4.347 4.347 4.554 4.14 4.451 4.14 5.383 4.347 3.933 4.968 5.486 4.347 5.279 4.451 5.072 6.314 6.625 4.451 4.658 4.037 4.865 5.797 5.176 5.279 4.658 4.865 5.176 4.968 6.211 8.695 5.176 5.279 4.037 4.451 5.279 4.658 4.761 8.178 5.693 7.66 4.347 5.693 6.107 4.865 5.176 4.554 6.211 5.279 6.935 5.176 4.865 5.486 4.658 4.865 4.761 4.968 5.383 4.865 4.554 4.347 4.865 5.9 5.797 6.004 4.554 5.072 4.968 5.9 5.072 5.072 7.453 5.486 7.453 3.83 4.865 4.451 4.037 3.312 3.209 4.658 3.726 3.002 3.105 3.002 3.416 3.002 3.002 2.588 2.898 2.277 3.623 3.933 2.795 3.519 3.209 3.623 3.933 3.519 3.623 3.623 6.418 3.312 3.312 4.347 2.795 4.14 3.209 3.726 3.209 3.83 3.105 2.691 3.002 2.691 3.623 2.277 3.312 3.312 2.795 2.588 3.83 4.761 2.277 5.383 3.623 3.623 3.312 3.312 3.83 3.002 3.623 2.588 3.105 4.968 3.105 3.002 3.209 3.105 3.002 3.83 3.726 3.726 4.554 3.623 3.312 3.519 3.933 3.416 3.416 3.726 3.726 3.519 4.658 3.933 3.726 3.933 3.623 3.312 3.519 3.83 3.416 3.83 3.209 3.726 3.726 4.244 3.83 4.347 4.037 3.726 3.416 3.623 3.933 3.623 4.037 3.519 3.623 3.83 4.037 4.347 3.623 4.554 3.933 3.416 3.519 3.623 4.761 4.14 4.14 4.037 4.347 4.037 12.008 3.726 12.422 4.037 4.451 3.416 3.933 4.554 4.037 4.347 3.312 3.726 3.416 3.83 3.519 4.451 3.933 5.383 4.865 4.968 4.865 4.761 5.176 4.761 9.316 4.865 5.797 5.072 5.279 5.279 4.865 5.59 
# name: power
# type: matrix
# rows: 1
# columns: 361
 145.032 146.274 144.618 145.963 146.481 145.653 146.377 144.721 146.067 145.239 145.032 145.446 144.307 146.17 144.1 145.446 143.479 144.203 144.721 144.203 144.825 143.479 144.825 143.375 144.203 145.239 143.789 145.239 155.384 146.895 144.721 145.135 145.653 146.791 147.102 154.555 153.831 153.21 152.485 154.245 158.903 153.831 153.52 154.866 152.796 154.141 154.141 184.266 189.649 151.76 152.589 169.773 160.042 164.7 157.661 171.429 172.775 154.452 151.967 160.456 152.278 150.829 154.245 153.624 159.939 152.174 162.009 153.313 150.208 153.831 150.311 156.833 151.864 151.243 153.831 154.762 156.833 152.071 153.313 155.798 153.003 152.278 155.28 153.52 151.967 152.382 153.313 153.417 155.591 156.833 166.978 155.901 154.452 152.899 152.382 158.593 152.589 153.52 151.864 174.328 152.692 157.868 153.003 162.837 153.831 158.489 159.835 152.899 159.939 153.21 169.98 152.692 150.932 152.071 151.036 152.278 155.901 150.622 153.313 150.518 152.796 151.139 151.657 160.663 154.659 151.657 153.003 151.45 156.212 153.106 157.351 151.864 158.489 156.315 155.694 151.45 153.727 152.071 151.346 152.485 151.139 152.382 150.311 154.555 152.071 151.036 153.934 156.108 152.692 155.591 153.106 154.555 160.767 161.284 153.417 154.038 151.864 153.624 155.694 155.28 154.038 152.382 153.934 152.796 153.417 157.454 166.874 154.141 156.315 151.45 151.036 153.21 152.692 152.278 164.493 156.005 163.562 151.45 153.417 157.351 152.278 152.278 152.485 154.762 152.278 159.628 154.348 152.485 153.934 152.174 151.967 151.967 151.553 153.003 151.036 151.657 151.346 151.864 156.419 156.315 155.177 152.899 153.52 152.382 156.108 152.071 153.727 159.11 153.624 160.56 146.481 150.932 149.172 147.516 145.446 144.41 145.342 144.721 145.342 145.756 144.825 147.516 145.342 145.756 144.1 145.342 143.789 146.998 147.93 144.825 145.963 145.032 146.274 146.274 146.791 147.62 149.69 157.351 146.584 147.309 151.346 145.342 146.377 145.653 146.688 144.618 145.756 145.653 145.342 146.377 145.549 146.895 145.653 147.206 147.723 144.825 145.239 148.137 151.346 144.721 155.384 146.067 146.067 146.377 146.377 147.102 145.135 146.895 145.549 147.516 151.76 146.584 146.377 146.067 146.377 144.41 146.688 145.963 146.067 148.448 147.413 146.791 146.895 148.034 146.584 146.791 146.998 147.102 146.895 149.586 146.998 146.895 148.241 147.309 146.067 146.481 147.309 146.377 146.274 145.446 147.62 146.584 147.93 146.998 147.516 146.274 147.723 147.102 146.895 147.102 145.963 146.584 145.86 146.067 146.791 146.481 146.377 145.342 146.584 146.481 145.963 146.481 145.549 146.998 145.135 146.481 145.549 146.791 146.481 175.467 146.481 177.226 145.86 146.688 145.86 146.377 146.17 146.688 146.274 146.17 145.239 146.067 146.895 146.377 149.483 145.756 146.998 146.17 145.756 146.895 145.032 146.17 144.721 160.767 146.067 146.274 146.274 144.721 146.067 145.342 146.067 
