# name: phAngle
# type: matrix
# rows: 1
# columns: 359
 4 5 5 4 4 4 6 4 4 4 4 4 4 5 5 4 4 4 4 4 4 4 5 3 4 4 4 4 4 4 4 4 4 5 4 5 6 5 3 3 4 3 4 4 3 4 4 3 3 3 3 3 3 4 3 4 3 3 3 3 4 4 3 4 4 3 4 3 4 4 4 4 4 4 4 4 4 3 4 4 4 4 4 4 4 4 4 4 3 3 3 3 3 4 3 3 3 4 5 4 4 4 4 4 4 4 4 4 4 5 5 4 4 4 4 4 4 4 4 4 4 5 3 5 4 6 4 7 7 6 6 7 7 7 7 7 7 7 7 7 7 4 5 4 4 5 4 4 7 7 7 7 7 7 7 7 7 7 7 7 7 7 7 7 7 7 7 7 7 7 7 7 7 7 7 7 7 7 7 7 7 7 7 7 7 7 7 7 7 7 6 7 7 7 6 7 7 7 7 7 7 7 7 7 6 7 7 7 7 7 7 7 7 7 7 6 7 7 7 7 7 7 7 7 7 7 6 7 7 6 7 7 7 7 7 7 6 7 7 6 6 7 7 7 7 7 6 7 6 6 6 7 6 7 6 6 6 6 7 6 6 7 7 7 7 7 7 7 7 7 4 6 5 6 6 7 6 6 6 5 6 4 5 6 7 4 5 6 6 6 6 7 7 7 7 7 7 7 7 7 6 7 7 7 7 7 7 7 7 7 6 6 6 7 6 7 7 7 7 7 7 7 6 7 7 7 7 6 6 7 6 6 7 7 7 7 7 7 7 7 7 7 7 7 7 7 7 7 6 7 7 6 6 7 6 6 7 7 6 
# name: freq
# type: matrix
# rows: 1
# columns: 359
 50.0 50.0 50.0 50.0 50.0 50.0 50.0 50.0 50.0 50.0 50.0 50.0 50.0 50.0 50.0 50.0 50.0 50.0 50.0 50.0 50.0 50.0 50.0 50.0 50.0 50.0 50.0 50.0 50.0 50.0 50.0 50.0 50.0 50.0 50.0 50.0 50.0 50.0 50.0 50.0 50.0 50.0 50.0 50.0 50.0 50.0 50.0 50.0 50.0 50.0 50.0 50.0 50.0 50.0 50.0 50.0 50.0 50.0 50.0 50.0 50.0 50.0 50.0 50.0 50.0 50.0 50.0 50.0 50.0 50.0 50.0 50.0 50.0 50.0 50.0 50.0 50.0 50.0 50.0 50.0 50.0 50.0 50.0 50.0 50.0 50.0 50.0 50.0 50.0 50.0 50.0 50.0 50.0 50.0 50.0 50.0 50.0 50.0 50.0 50.0 50.0 50.0 50.0 50.0 50.0 50.0 50.0 50.0 50.0 50.0 50.0 50.0 50.0 50.0 50.0 50.0 50.0 50.0 50.0 50.0 50.0 50.0 50.0 50.0 50.0 50.0 50.0 50.0 50.0 50.0 50.0 50.0 50.0 50.0 50.0 50.0 50.0 50.0 50.0 50.0 50.0 50.0 50.0 50.0 50.0 50.0 50.0 50.0 50.0 50.0 50.0 50.0 50.0 50.0 50.0 50.0 50.0 50.0 50.0 50.0 50.0 50.0 50.0 50.0 50.0 50.0 50.0 50.0 50.0 50.0 50.0 50.0 50.0 50.0 50.0 50.0 50.0 50.0 50.0 50.0 50.0 50.0 50.0 50.0 50.0 50.0 50.0 50.0 50.0 50.0 50.0 50.0 50.0 50.0 50.0 50.0 50.0 50.0 50.0 50.0 50.0 50.0 50.0 50.0 50.0 50.0 50.0 50.0 50.0 50.0 50.0 50.0 50.0 50.0 50.0 50.0 50.0 50.0 50.0 50.0 50.0 50.0 50.0 50.0 50.0 50.0 50.0 50.0 50.0 50.0 50.0 50.0 50.0 50.0 50.0 50.0 50.0 50.0 50.0 50.0 50.0 50.0 50.0 50.0 50.0 50.0 50.0 50.0 50.0 50.0 50.0 50.0 50.0 50.0 50.0 50.0 50.0 50.0 50.0 50.0 50.0 50.0 50.0 50.0 50.0 50.0 50.0 50.0 50.0 50.0 50.0 50.0 50.0 50.0 50.0 50.0 50.0 50.0 50.0 50.0 50.0 50.0 50.0 50.0 50.0 50.0 50.0 50.0 50.0 50.0 50.0 50.0 50.0 50.0 50.0 50.0 50.0 50.0 50.0 50.0 50.0 50.0 50.0 50.0 50.0 50.0 50.0 50.0 50.0 50.0 50.0 50.0 50.0 50.0 50.0 50.0 50.0 50.0 50.0 50.0 50.0 50.0 50.0 50.0 50.0 50.0 50.0 50.0 50.0 50.0 50.0 50.0 50.0 50.0 50.0 50.0 50.0 50.0 50.0 50.0 50.0 50.0 50.0 50.0 50.0 50.0 50.0 50.0 50.0 50.0 50.0 50.0 50.0 50.0 50.0 50.0 50.0 50.0 50.0 
# name: reacPower
# type: matrix
# rows: 1
# columns: 359
 12.525 15.528 17.287 11.283 10.973 12.525 21.739 10.455 11.49 13.354 13.664 13.25 11.387 18.116 17.909 13.975 14.078 13.25 13.354 12.836 11.801 11.076 16.149 12.008 10.559 10.455 10.559 10.248 11.076 10.869 11.283 11.18 13.975 17.391 13.664 15.321 20.082 14.596 10.144 10.041 11.076 9.834 10.352 11.18 10.248 10.455 10.973 9.316 9.213 9.937 8.799 9.937 8.592 13.043 9.109 10.455 9.834 9.937 10.041 9.937 11.594 10.248 10.248 12.422 12.836 10.041 13.25 9.73 12.525 13.561 12.422 11.594 11.18 12.733 12.422 12.422 11.076 11.904 13.561 10.869 12.836 10.559 10.973 10.662 12.836 13.457 11.18 10.869 12.215 9.937 11.387 11.697 9.834 11.076 9.834 10.041 9.42 11.904 15.321 14.182 14.285 14.389 13.664 13.871 12.94 12.215 12.318 12.318 13.561 16.149 14.492 12.422 11.076 12.525 11.904 11.697 12.422 11.076 14.182 11.18 11.904 14.803 10.041 16.977 10.352 19.047 12.629 22.67 22.878 21.946 22.463 22.878 22.774 22.878 23.085 23.395 23.085 22.981 22.981 22.981 24.12 12.215 15.01 12.733 12.111 15.217 12.008 12.629 23.085 23.085 23.395 24.223 24.223 22.878 23.499 22.981 24.948 23.395 24.327 25.258 24.741 23.188 23.085 24.741 26.087 23.085 24.12 23.499 23.499 25.051 25.673 24.327 24.327 23.809 24.016 24.534 23.706 23.499 23.706 23.499 24.637 24.43 23.395 23.809 24.534 22.981 23.292 23.602 23.188 23.913 24.12 24.223 23.602 24.844 24.637 23.913 23.706 23.499 24.43 24.948 23.188 24.844 23.085 25.155 24.637 24.12 24.327 23.809 23.809 24.223 24.844 24.43 23.085 25.155 24.327 24.534 23.809 26.501 23.913 24.016 23.499 24.12 22.67 23.913 23.395 23.499 24.327 24.223 28.778 24.637 27.122 24.43 24.844 25.051 24.948 24.12 24.637 28.571 24.016 24.327 24.43 23.809 22.774 25.673 24.948 25.983 24.637 24.948 23.913 24.741 24.016 24.741 24.327 26.087 22.256 22.36 23.809 24.223 23.706 24.637 22.153 23.395 24.12 23.602 23.499 23.292 23.188 22.878 24.327 23.499 13.871 21.842 17.08 22.153 22.463 22.981 21.842 22.153 21.635 16.666 20.704 11.49 14.906 20.807 22.878 13.768 17.08 21.739 21.739 22.567 22.463 25.258 26.19 27.639 24.016 23.188 23.602 24.844 23.602 24.534 24.43 23.809 25.776 22.878 23.188 22.67 23.085 22.774 23.809 25.88 22.67 21.428 21.739 22.878 21.946 22.981 23.395 26.604 27.018 23.395 25.983 27.639 22.049 26.811 22.774 26.501 23.292 23.809 21.739 22.878 21.946 22.36 23.292 22.878 22.981 23.809 27.018 23.602 23.499 22.981 23.499 23.188 22.774 22.981 22.981 23.188 24.016 23.395 22.049 23.499 26.19 22.36 23.809 23.499 21.842 22.463 22.774 23.188 22.67 
