# name: phAngle
# type: matrix
# rows: 1
# columns: 359
 1 1 1 0 0 1 1 0 0 0 0 0 0 0 0 0 0 0 0 0 0 0 0 0 0 0 0 0 1 0 0 0 0 0 0 0 0 0 0 0 0 0 0 0 0 0 0 0 0 0 0 0 0 0 0 0 0 0 0 0 1 0 0 0 0 0 1 0 0 0 0 0 0 0 0 0 1 1 0 0 0 0 0 0 0 0 0 1 1 0 0 0 0 1 1 1 0 1 1 3 0 4 1 1 1 0 0 0 4 4 4 4 4 4 4 4 4 4 4 4 4 4 4 4 4 4 4 4 4 4 4 4 4 4 4 4 4 4 4 4 4 4 4 4 4 4 4 4 4 4 4 4 4 4 4 4 4 4 4 4 4 4 4 4 4 4 4 4 3 3 3 4 4 4 4 4 4 4 4 4 4 4 4 4 4 4 4 4 4 4 4 4 4 4 3 4 4 4 3 4 4 4 4 4 4 4 4 4 4 4 4 4 4 4 4 4 4 4 4 4 4 3 3 4 4 4 4 4 4 4 4 4 4 4 4 4 4 4 4 3 4 4 3 4 4 4 4 4 4 4 4 4 4 3 4 4 4 4 4 4 3 4 4 4 4 4 4 4 4 4 4 4 2 4 4 4 4 4 4 4 4 4 4 4 4 4 4 4 4 5 6 6 6 6 6 6 6 6 6 3 6 6 6 6 6 6 6 6 6 6 6 6 6 6 6 6 6 3 6 6 6 6 6 6 6 6 6 6 6 6 6 6 6 6 6 6 6 6 6 6 6 6 6 6 6 6 6 6 3 6 6 6 6 6 6 6 6 6 6 
# name: freq
# type: matrix
# rows: 1
# columns: 359
 50.0 50.0 50.0 50.0 50.0 50.0 50.0 50.0 50.0 50.0 50.0 50.0 50.0 50.0 50.0 50.0 50.0 50.0 50.0 50.0 50.0 50.0 50.0 50.0 50.0 50.0 50.0 50.0 50.0 50.0 50.0 50.0 50.0 50.0 50.0 50.0 50.0 50.0 50.0 50.0 50.0 50.0 50.0 50.0 50.0 50.0 50.0 50.0 50.0 50.0 50.0 50.0 50.0 50.0 50.0 50.0 50.0 50.0 50.0 50.0 50.0 50.0 50.0 50.0 50.0 50.0 50.0 50.0 50.0 50.0 50.0 50.0 50.0 50.0 50.0 50.0 50.0 50.0 50.0 49.9 49.9 49.9 49.9 49.9 49.9 49.9 49.9 49.9 49.9 49.9 49.9 49.9 50.0 49.9 49.9 50.0 49.9 49.9 49.9 50.0 49.9 50.0 50.0 49.9 50.0 49.9 49.9 50.0 50.0 50.0 50.0 50.0 50.0 50.0 50.0 50.0 50.0 50.0 50.0 50.0 50.0 50.0 50.0 50.0 50.0 50.0 50.0 50.0 50.0 50.0 50.0 50.0 50.0 50.0 50.0 50.0 50.0 50.0 50.0 50.0 50.0 50.0 50.0 50.0 50.0 50.0 50.0 50.0 50.0 50.0 50.0 50.0 50.0 50.0 50.0 50.0 50.0 50.0 50.0 50.0 50.0 50.0 50.0 50.0 50.0 50.0 50.0 50.0 50.0 50.0 50.0 50.0 50.0 50.0 50.0 50.0 50.0 50.0 50.0 50.0 50.0 50.0 50.0 50.0 50.0 50.0 50.0 50.0 50.0 50.0 50.0 50.0 50.0 50.0 50.0 50.0 50.0 50.0 50.0 50.0 50.0 50.0 50.0 50.0 50.0 50.0 50.0 50.0 50.0 50.0 50.0 50.0 50.0 50.0 50.0 50.0 50.0 50.0 50.0 50.0 50.0 50.0 50.0 50.0 50.0 50.0 50.0 50.0 50.0 50.0 50.0 50.0 50.0 50.0 50.0 50.0 50.0 50.0 50.0 50.0 50.0 50.0 50.0 50.0 50.0 50.0 50.0 50.0 50.0 50.0 50.0 50.0 50.0 50.0 50.0 50.0 50.0 50.0 50.0 50.0 50.0 50.0 50.0 50.0 50.0 50.0 50.0 50.0 50.0 50.0 50.0 50.0 50.0 50.0 50.0 50.0 50.0 50.0 50.0 50.0 50.0 50.0 50.0 50.0 50.0 50.0 50.0 50.0 50.0 50.0 50.0 50.0 50.0 50.0 50.0 50.0 50.0 50.0 50.0 50.0 50.0 50.0 50.0 50.0 50.0 50.0 50.0 50.0 50.0 50.0 50.0 50.0 50.0 50.0 50.0 50.0 50.0 50.0 50.0 50.0 50.0 50.0 50.0 50.0 50.0 50.0 50.0 50.0 50.0 50.0 50.0 50.0 50.0 50.0 50.0 50.0 50.0 50.0 50.0 50.0 50.0 50.0 50.0 50.0 50.0 50.0 50.0 50.0 50.0 50.0 50.0 50.0 50.0 50.0 50.0 50.0 50.0 50.0 50.0 
# name: reacPower
# type: matrix
# rows: 1
# columns: 359
 2.173 2.277 2.277 1.966 1.966 2.07 2.07 1.966 1.759 1.759 1.759 1.759 1.863 1.552 1.759 1.759 1.759 1.863 1.759 1.759 1.863 1.552 1.863 1.552 1.552 1.759 1.759 1.966 2.07 1.759 1.863 1.656 1.759 1.966 1.759 1.863 1.759 1.759 1.863 1.656 1.656 1.759 1.759 1.863 1.863 1.759 1.759 1.656 1.759 1.863 1.759 1.759 1.863 1.966 1.966 1.966 1.863 1.863 1.863 1.863 2.07 1.863 1.759 1.759 1.759 1.759 2.07 1.759 1.759 1.759 1.656 1.966 1.863 1.966 1.863 1.759 2.07 2.07 1.759 1.656 1.863 1.759 1.863 1.759 1.759 1.656 1.656 2.173 2.07 1.656 1.759 1.759 1.966 2.588 2.173 2.07 1.966 3.416 3.209 6.211 1.966 10.144 2.38 2.07 2.173 1.759 1.966 1.863 10.662 10.869 10.559 8.592 11.076 11.076 10.559 11.076 10.662 11.076 10.766 11.594 11.697 10.455 10.662 10.662 10.559 10.869 10.973 10.144 10.559 10.869 10.662 10.973 10.559 10.766 10.766 10.559 11.076 10.973 11.387 10.455 10.766 10.869 10.559 10.559 11.18 10.144 10.559 10.973 10.455 11.18 10.973 10.662 10.662 10.869 10.455 10.973 10.248 10.455 10.559 10.766 11.18 10.352 10.248 8.592 10.662 10.248 10.144 10.559 7.867 7.971 8.074 10.144 11.283 10.455 10.559 10.662 10.352 10.455 10.559 10.352 10.455 10.662 10.352 10.144 10.248 10.352 10.662 10.248 10.352 10.248 10.041 10.455 10.662 10.248 10.248 10.455 10.352 10.559 10.248 10.455 10.559 10.352 10.662 10.869 10.352 10.559 10.248 10.766 10.559 10.662 10.455 10.144 10.352 10.869 10.455 10.248 10.455 10.455 10.144 10.559 10.455 10.248 10.248 10.352 9.834 10.559 10.455 10.662 10.352 10.455 10.766 10.455 10.455 9.109 10.352 10.559 10.144 10.248 10.455 10.144 10.559 10.662 6.728 10.455 9.73 10.662 10.455 10.248 10.352 10.248 10.248 10.352 10.559 10.248 10.248 10.248 10.559 10.041 10.144 10.248 7.971 10.559 10.559 10.144 10.041 10.352 10.559 10.455 10.352 10.559 10.352 10.248 5.383 10.455 10.352 10.766 10.869 10.662 10.662 10.352 10.662 8.488 10.766 10.973 10.248 10.455 10.662 10.662 10.766 10.559 11.18 11.18 10.869 11.076 11.283 11.076 11.076 11.387 11.283 4.761 10.973 11.18 10.766 10.973 10.973 10.869 10.869 11.076 10.248 10.869 10.973 11.076 10.766 10.973 10.869 11.076 10.766 6.107 11.076 10.869 10.869 10.766 11.076 10.973 11.18 11.283 10.352 10.973 11.076 11.076 11.18 11.18 11.283 10.973 10.973 11.283 11.387 10.973 11.076 11.283 10.973 11.18 11.18 11.18 10.559 11.076 11.18 11.076 5.072 11.904 10.973 10.766 11.594 11.076 10.662 10.662 10.869 11.076 10.973 
# name: power
# type: matrix
# rows: 1
# columns: 359
 103.52 103.52 103.52 103.52 103.52 103.313 103.623 103.623 103.52 103.52 103.623 103.52 103.52 103.52 103.52 103.623 103.623 103.727 103.623 103.623 103.623 103.727 103.83 103.623 103.83 103.727 103.623 103.623 103.623 103.623 103.727 103.52 103.727 103.623 103.83 103.727 103.727 103.727 103.623 103.623 103.727 103.727 103.727 103.623 103.727 103.727 103.727 103.83 103.727 103.83 103.727 103.727 103.83 103.623 103.83 103.727 103.83 103.83 103.727 103.83 103.727 103.934 103.727 103.727 103.83 103.727 103.83 103.83 103.83 103.727 103.727 103.83 103.83 103.623 103.83 103.934 103.83 103.83 103.83 103.727 103.727 103.623 103.727 103.623 103.727 103.83 103.623 103.83 103.623 103.727 103.83 103.727 103.727 104.659 102.588 102.795 102.795 107.971 106.315 117.495 103.002 131.056 103.623 102.692 103.002 102.485 102.795 102.692 132.92 133.334 133.541 126.087 134.887 134.99 132.609 133.541 133.541 135.611 133.748 136.646 136.439 133.023 133.127 133.437 133.334 133.541 133.644 131.574 132.816 133.023 132.816 133.23 132.506 133.127 133.23 133.23 133.23 133.644 136.336 133.541 134.99 134.265 133.644 133.644 135.611 133.023 133.851 134.162 133.334 136.129 134.99 134.473 134.265 134.162 134.058 136.025 133.748 133.748 133.541 134.058 136.232 133.851 133.541 127.537 133.334 133.334 133.748 134.162 125.466 125.673 125.673 133.23 137.164 134.887 133.644 133.748 134.369 134.162 134.058 133.955 134.058 133.955 133.851 133.541 133.851 133.748 133.955 133.955 134.058 133.644 133.541 134.265 134.369 134.162 134.162 134.369 134.265 134.265 134.162 134.265 134.473 134.473 133.955 134.576 134.369 134.68 133.748 134.265 134.473 134.473 133.955 134.058 134.265 134.576 134.473 133.748 134.369 134.265 133.851 134.265 134.265 134.265 134.369 133.955 131.056 134.68 134.68 134.369 134.162 134.162 134.162 134.058 134.576 130.332 133.851 134.058 133.955 133.851 134.162 134.473 134.162 134.058 121.118 134.058 132.402 134.162 134.369 133.851 133.851 133.955 133.955 133.127 134.369 134.265 133.955 133.748 134.058 133.851 133.748 133.851 126.294 134.369 134.162 133.851 133.748 134.369 133.644 134.162 134.058 134.473 133.955 133.955 116.046 133.851 133.955 133.955 134.058 134.058 133.955 133.644 133.851 127.226 133.955 133.955 133.437 134.058 134.162 134.058 134.369 130.746 103.934 104.038 103.623 103.934 104.141 104.141 103.416 104.141 103.934 82.505 103.83 103.934 103.83 103.83 103.52 103.83 103.83 104.038 100.828 103.52 103.83 103.623 103.623 103.83 103.416 103.623 103.313 87.267 103.934 103.83 103.623 103.416 104.038 103.934 104.141 103.934 101.449 103.313 103.727 103.727 104.245 103.727 103.727 103.623 103.52 104.348 103.934 103.934 103.727 103.727 103.52 103.727 104.245 104.038 102.278 103.52 103.623 103.934 83.23 106.211 103.623 103.002 105.59 103.623 102.795 102.485 103.313 103.83 103.83 
