# name: phAngle
# type: matrix
# rows: 1
# columns: 359
 7 7 8 7 7 7 7 7 7 7 7 7 7 7 7 7 7 7 7 7 7 7 7 6 7 7 7 6 6 7 7 7 7 7 6 7 7 7 6 6 7 7 7 6 6 6 6 6 6 6 7 7 6 6 6 6 6 6 6 6 6 6 6 6 6 6 6 6 6 6 6 6 6 6 6 6 6 7 6 6 7 7 7 6 6 6 6 6 6 6 6 6 6 6 6 7 6 6 6 6 6 6 6 6 6 6 6 6 6 6 7 8 8 6 7 6 6 6 6 8 8 8 7 6 6 7 7 6 6 7 7 6 6 6 6 6 7 7 6 8 7 6 6 6 6 6 6 6 6 8 6 6 6 6 7 6 6 6 6 7 6 6 6 6 6 6 6 6 6 6 6 6 7 6 6 6 7 6 6 7 6 6 6 6 7 6 6 6 6 6 7 7 7 6 6 6 6 6 6 6 6 6 6 6 7 6 6 6 6 6 6 6 6 7 7 6 6 6 6 6 7 7 6 6 6 6 6 6 6 6 6 6 7 8 6 6 7 6 6 6 6 7 7 7 7 7 7 7 7 7 7 7 7 6 6 7 6 6 6 6 6 6 6 6 7 7 7 7 6 7 6 7 6 7 7 6 6 6 6 6 6 6 6 6 6 7 6 6 7 6 6 6 7 6 6 6 6 6 6 6 6 6 6 6 6 6 6 6 6 6 6 6 6 6 6 6 6 6 6 6 6 6 6 6 6 6 6 6 6 6 6 6 6 6 7 6 6 6 6 6 6 6 6 6 6 6 6 6 6 6 6 6 6 6 6 6 6 6 7 
# name: freq
# type: matrix
# rows: 1
# columns: 359
 50.0 50.0 50.0 50.0 50.0 50.0 50.0 50.0 50.0 50.0 50.0 50.0 50.0 50.0 50.0 50.0 50.0 50.0 50.0 50.0 50.0 50.0 50.0 50.0 50.0 50.0 50.0 50.0 50.0 50.0 50.0 50.0 50.0 50.0 50.0 50.0 50.0 50.0 50.0 50.0 50.0 50.0 50.0 50.0 50.0 50.0 50.0 50.0 50.0 50.0 50.0 50.0 50.0 50.0 50.0 50.0 50.0 50.0 50.0 50.0 50.0 50.0 50.0 50.0 50.0 50.0 50.0 50.0 50.0 50.0 50.0 50.0 50.0 50.0 50.0 50.0 50.0 50.0 50.0 50.0 50.0 50.0 50.0 50.0 50.0 50.0 50.0 50.0 50.0 50.0 50.0 50.0 50.0 50.0 50.0 50.0 50.0 50.0 50.0 50.0 50.0 50.0 50.0 50.0 50.0 50.0 50.0 50.0 50.0 50.0 50.0 50.0 50.0 50.0 50.0 50.0 50.0 50.0 50.0 50.0 50.0 50.0 50.0 50.0 50.0 50.0 50.0 50.0 50.0 50.0 50.0 50.0 50.0 50.0 50.0 50.0 50.0 50.0 50.0 50.0 50.0 50.0 50.0 50.0 50.0 50.0 50.0 50.0 50.0 50.0 50.0 50.0 50.0 50.0 50.0 50.0 50.0 50.0 50.0 50.0 50.0 50.0 50.0 50.0 50.0 50.0 50.0 50.0 50.0 50.0 50.0 50.0 50.0 50.0 50.0 50.0 50.0 50.0 50.0 50.0 50.0 50.0 50.0 50.0 50.0 50.0 50.0 50.0 50.0 50.0 50.0 50.0 50.0 50.0 50.0 50.0 50.0 50.0 50.0 50.0 50.0 50.0 50.0 50.0 50.0 50.0 50.0 50.0 50.0 50.0 50.0 50.0 50.0 50.0 50.0 50.0 50.0 50.0 50.0 50.0 50.0 50.0 50.0 50.0 50.0 50.0 50.0 50.0 50.0 50.0 50.0 50.0 50.0 50.0 50.0 50.0 50.0 50.0 50.0 50.0 50.0 50.0 50.0 50.0 50.0 50.0 50.0 50.0 50.0 50.0 50.0 50.0 50.0 50.0 50.0 50.0 50.0 50.0 50.0 50.0 50.0 50.0 50.0 50.0 50.0 50.0 50.0 50.0 50.0 50.0 50.0 50.0 50.0 50.0 50.0 50.0 50.0 50.0 50.0 50.0 50.0 50.0 50.0 50.0 50.0 50.0 50.0 50.0 50.0 50.0 50.0 50.0 50.0 50.0 50.0 50.0 50.0 50.0 50.0 50.0 50.0 50.0 50.0 50.0 50.0 50.0 50.0 50.0 50.0 50.0 50.0 50.0 50.0 50.0 50.0 50.0 50.0 50.0 50.0 50.0 50.0 50.0 50.0 50.0 50.0 50.0 50.0 50.0 50.0 50.0 50.0 50.0 50.0 50.0 50.0 50.0 50.0 50.0 50.0 50.0 50.0 50.0 50.0 50.0 50.0 50.0 50.0 50.0 50.0 50.0 50.0 50.0 50.0 50.0 50.0 50.0 50.0 50.0 50.0 
# name: reacPower
# type: matrix
# rows: 1
# columns: 359
 24.016 24.43 29.192 25.776 25.258 23.085 24.327 24.741 25.051 25.569 23.499 23.913 23.395 24.016 24.12 25.466 23.395 25.569 26.811 25.88 25.466 26.604 28.157 24.43 23.499 23.499 23.395 24.534 24.43 24.327 24.741 26.397 24.223 26.915 24.223 25.362 24.327 28.054 23.602 23.913 22.774 23.085 22.774 23.292 24.223 24.223 22.67 23.499 22.256 22.256 25.88 25.362 22.567 22.981 20.807 23.706 22.36 22.567 24.223 22.463 21.946 21.325 21.842 22.049 21.739 22.981 21.532 23.292 22.256 24.43 22.256 22.36 21.221 23.809 22.36 22.67 22.153 22.774 21.842 22.981 23.085 22.774 22.981 23.188 21.532 21.635 22.567 23.188 22.774 21.739 21.532 22.981 23.499 23.499 24.12 26.294 22.153 21.428 22.153 22.67 21.635 22.567 22.463 21.842 22.049 23.395 22.36 23.706 22.463 24.534 27.743 33.851 31.677 20.704 25.983 23.499 24.016 23.395 22.67 33.437 32.505 32.919 28.778 23.395 22.256 29.192 30.745 23.809 23.809 26.708 26.604 23.913 23.188 22.878 23.809 23.706 22.878 23.085 24.223 32.919 25.569 23.499 23.809 23.085 22.567 22.36 22.67 23.706 22.463 32.608 22.049 23.913 22.981 23.395 25.466 24.43 23.395 22.567 22.774 22.774 22.463 22.256 23.395 22.049 22.67 22.049 21.635 23.499 22.774 22.463 22.36 21.946 28.985 22.67 21.946 21.842 25.569 21.635 21.842 27.536 22.567 22.774 22.463 22.878 22.67 24.327 22.567 23.499 23.809 23.395 25.776 24.948 25.569 23.188 23.292 23.085 22.567 22.256 22.774 22.36 23.706 23.292 22.36 22.981 22.981 22.567 22.256 23.188 22.153 22.67 22.774 23.395 23.499 29.917 22.774 24.327 23.395 21.428 24.534 24.637 22.67 22.981 24.327 24.43 23.499 24.12 24.12 23.602 24.43 23.395 23.395 24.327 23.085 29.192 23.499 23.706 24.741 24.327 23.706 24.12 24.223 28.364 27.122 26.811 27.536 26.604 27.122 27.536 27.95 27.95 26.708 28.157 26.087 23.499 23.602 23.085 22.981 22.36 24.12 22.981 23.913 24.223 22.463 23.292 24.741 24.741 25.569 27.329 23.809 23.292 23.499 23.499 23.809 23.499 23.602 23.809 23.913 23.292 24.534 24.016 24.534 23.602 23.809 23.706 24.223 23.188 23.913 23.292 22.981 23.395 23.188 24.43 22.774 23.809 23.395 23.913 22.36 22.463 22.67 22.049 21.946 20.911 22.256 24.741 22.67 22.774 21.946 23.602 22.878 21.428 22.256 22.67 22.153 22.256 24.741 22.463 22.049 23.188 23.809 23.292 22.256 22.463 21.635 22.567 21.946 22.256 23.188 22.878 23.292 22.153 22.256 23.085 21.739 22.567 22.67 22.463 21.842 23.706 22.256 21.946 21.946 22.256 22.256 22.878 22.049 22.463 22.463 23.188 21.946 22.567 22.774 23.913 24.43 23.913 23.706 24.534 24.016 22.567 29.71 
