# name: phAngle
# type: matrix
# rows: 1
# columns: 359
 274 274 274 274 274 274 274 274 274 316 344 347 347 347 347 340 340 340 340 340 340 340 340 340 341 341 343 341 342 343 341 343 344 344 340 340 340 340 340 340 340 340 340 340 340 340 340 340 340 340 340 340 340 340 340 340 340 340 340 340 340 340 340 340 340 340 340 340 340 340 340 340 340 340 340 340 340 340 340 341 340 340 340 340 340 340 340 340 340 340 340 340 342 342 343 343 340 341 340 343 341 342 344 344 343 341 341 342 341 341 342 343 341 342 342 343 342 342 341 342 342 341 342 342 342 341 342 340 342 343 342 342 341 342 343 341 340 341 341 341 341 340 341 341 341 341 341 341 341 341 341 341 341 341 340 341 340 341 341 342 343 341 342 340 341 341 341 341 340 343 341 342 341 341 340 343 343 341 342 342 341 342 342 342 342 342 341 341 340 341 340 341 341 341 340 341 340 340 343 340 340 342 340 343 342 343 343 340 342 341 341 341 341 341 340 340 340 340 340 340 341 342 342 343 344 340 341 342 341 341 340 341 341 340 343 342 340 342 346 347 347 347 341 340 340 340 341 342 340 340 340 340 341 342 342 343 342 341 342 344 341 340 341 341 340 341 340 343 343 340 340 340 340 340 340 340 340 340 340 340 340 340 341 340 340 340 340 340 340 340 340 340 340 340 340 340 340 340 340 340 340 340 340 340 340 340 340 340 340 340 340 340 340 340 340 340 340 340 341 340 340 340 340 340 340 340 342 341 341 342 340 342 341 340 340 340 340 340 342 341 340 340 341 338 340 279 279 279 279 279 279 279 279 279 279 279 279 279 279 
# name: freq
# type: matrix
# rows: 1
# columns: 359
 50.0 50.0 50.0 50.0 50.0 50.0 50.0 50.0 50.0 50.0 50.0 50.0 50.0 50.0 50.0 50.0 50.0 50.0 50.0 50.0 50.0 50.0 50.0 50.0 50.0 50.0 50.0 50.0 50.0 50.0 50.0 50.0 50.0 50.0 50.0 50.0 50.0 50.0 50.0 50.0 50.0 50.0 50.0 50.0 50.0 50.0 50.0 50.0 50.0 50.0 50.0 50.0 50.0 50.0 50.0 50.0 50.0 50.0 50.0 50.0 50.0 50.0 50.0 50.0 50.0 50.0 50.0 50.0 50.0 50.0 50.0 50.0 50.0 50.0 50.0 50.0 50.0 50.0 50.0 50.0 50.0 50.0 50.0 50.0 50.0 50.0 50.0 50.0 50.0 50.0 50.0 50.0 50.0 50.0 50.0 50.0 50.0 50.0 50.0 50.0 50.0 50.0 50.0 50.0 50.0 50.0 50.0 50.0 50.0 50.0 50.0 50.0 50.0 50.0 50.0 50.0 50.0 50.0 50.0 50.0 50.0 50.0 50.0 50.0 50.0 50.0 50.0 50.0 50.0 50.0 50.0 50.0 50.0 50.0 50.0 50.0 50.0 50.0 50.0 50.0 50.0 50.0 50.0 50.0 50.0 50.0 50.0 50.0 50.0 50.0 50.0 50.0 50.0 50.0 50.0 50.0 50.0 50.0 50.0 50.0 50.0 50.0 50.0 50.0 50.0 50.0 50.0 50.0 50.0 50.0 50.0 50.0 50.0 50.0 50.0 50.0 50.0 50.0 50.0 50.0 50.0 50.0 50.0 50.0 50.0 50.0 50.0 50.0 50.0 50.0 50.0 50.0 50.0 50.0 50.0 50.0 50.0 50.0 50.0 50.0 50.0 50.0 50.0 50.0 50.0 50.0 50.0 50.0 50.0 50.0 50.0 50.0 50.0 50.0 50.0 50.0 50.0 50.0 50.0 50.0 50.0 50.0 50.0 50.0 50.0 50.0 50.0 50.0 50.0 50.0 50.0 50.0 50.0 50.0 50.0 50.0 50.0 50.0 50.0 50.0 50.0 50.0 50.0 50.0 50.0 50.1 50.0 50.0 50.0 50.0 50.1 50.0 50.0 50.0 50.0 50.0 50.0 50.0 50.0 50.0 50.0 50.1 50.1 50.0 50.0 50.0 50.0 50.0 50.0 50.1 50.0 50.0 50.0 50.0 50.0 50.0 50.0 50.0 50.0 50.0 50.0 50.0 50.0 50.0 50.0 50.0 50.0 50.0 50.0 50.0 50.0 50.0 50.0 50.0 50.0 50.0 50.0 50.0 50.0 50.0 50.0 50.0 50.0 50.0 50.0 50.0 50.0 50.0 50.0 50.0 50.0 50.0 50.0 50.0 50.0 50.0 50.0 50.0 50.0 50.0 50.0 50.0 50.0 50.0 50.0 50.0 50.0 50.0 50.0 50.0 50.0 50.0 50.0 50.0 50.0 50.0 50.0 50.0 50.0 50.0 50.0 50.0 50.0 50.0 50.0 50.0 50.0 50.0 50.0 50.0 50.0 50.0 50.0 50.0 50.0 50.0 50.0 50.0 50.0 
# name: reacPower
# type: matrix
# rows: 1
# columns: 359
 -27.743 -27.639 -27.846 -27.743 -27.743 -27.639 -27.743 -27.743 -27.846 -43.789 -49.793 -50.207 -50.207 -50.414 -51.139 -47.826 -47.722 -47.308 -47.308 -47.412 -46.998 -47.101 -46.894 -47.308 -48.033 -48.136 -48.861 -48.033 -48.965 -48.758 -47.722 -48.654 -49.689 -50.0 -46.17 -45.963 -46.17 -45.859 -45.963 -46.066 -45.963 -46.17 -45.963 -45.859 -46.377 -46.17 -45.963 -45.859 -45.756 -46.17 -45.756 -45.963 -46.377 -45.963 -45.963 -45.756 -45.548 -45.548 -45.859 -45.963 -45.756 -45.652 -45.548 -45.756 -45.548 -45.963 -45.756 -45.652 -46.17 -45.548 -45.548 -46.17 -45.963 -46.17 -46.273 -45.756 -45.756 -45.756 -45.445 -45.238 -45.859 -45.652 -45.859 -45.548 -45.963 -45.859 -45.963 -45.756 -45.756 -46.17 -45.548 -45.756 -47.722 -46.791 -47.929 -48.551 -46.273 -46.377 -45.963 -47.826 -47.515 -47.515 -48.344 -48.24 -48.344 -46.687 -46.377 -47.205 -46.377 -46.377 -47.619 -47.412 -47.205 -46.894 -46.687 -48.033 -46.584 -46.998 -46.584 -46.998 -46.584 -46.48 -46.48 -46.48 -47.308 -46.584 -47.722 -46.273 -47.308 -47.619 -46.791 -46.791 -46.273 -47.412 -47.826 -46.48 -45.963 -46.377 -45.963 -46.48 -46.377 -45.963 -46.48 -46.687 -46.17 -46.48 -46.48 -46.48 -46.377 -46.273 -46.17 -46.377 -46.377 -45.963 -46.066 -45.859 -46.066 -46.273 -46.48 -47.619 -48.344 -46.066 -47.308 -45.756 -46.791 -46.584 -46.48 -46.17 -45.445 -47.205 -46.273 -46.791 -46.687 -46.17 -46.48 -48.24 -48.033 -46.687 -46.894 -47.826 -46.584 -47.205 -47.308 -47.515 -47.929 -47.722 -46.48 -46.584 -45.963 -46.17 -46.066 -46.273 -46.273 -46.584 -45.859 -46.273 -45.963 -46.273 -48.136 -45.859 -46.066 -47.722 -46.273 -48.136 -47.515 -47.412 -46.998 -45.652 -47.412 -46.894 -46.48 -47.205 -46.791 -46.998 -46.273 -45.963 -45.652 -45.963 -45.963 -45.859 -46.998 -48.136 -48.654 -48.447 -48.758 -46.066 -46.894 -47.205 -47.619 -46.377 -46.584 -46.273 -47.205 -46.377 -48.861 -48.033 -46.584 -48.136 -49.896 -50.724 -50.517 -50.724 -47.515 -45.859 -47.515 -46.17 -47.205 -48.24 -46.273 -45.859 -46.377 -45.756 -46.584 -48.136 -47.101 -48.551 -47.412 -46.584 -47.722 -48.447 -46.377 -45.859 -46.273 -46.687 -46.584 -46.791 -46.17 -48.24 -48.344 -45.859 -45.652 -46.066 -45.445 -45.756 -45.652 -46.894 -45.963 -46.48 -45.756 -45.652 -45.445 -45.859 -45.341 -45.859 -45.859 -45.859 -45.756 -45.652 -45.756 -45.963 -45.859 -45.963 -45.445 -45.756 -45.756 -45.652 -45.652 -45.756 -45.445 -46.066 -45.756 -45.756 -45.548 -45.963 -45.548 -45.652 -45.548 -45.652 -45.963 -45.963 -46.377 -45.963 -46.377 -45.756 -45.652 -45.756 -45.548 -45.859 -45.341 -45.445 -45.652 -45.548 -46.687 -46.066 -46.273 -45.963 -46.687 -46.48 -46.48 -47.722 -45.963 -47.619 -46.377 -46.273 -46.48 -46.17 -46.273 -46.377 -47.308 -46.377 -46.066 -46.273 -46.894 -47.826 -45.341 -27.122 -27.225 -27.329 -27.225 -27.225 -27.225 -27.329 -27.329 -27.225 -27.225 -27.122 -27.122 -27.122 -27.225 
