# name: phAngle
# type: matrix
# rows: 1
# columns: 359
 279 279 279 279 279 279 279 279 279 279 279 279 279 279 279 279 279 279 279 279 279 279 279 279 279 279 279 279 279 279 279 279 279 279 279 279 279 279 279 279 279 279 279 279 279 279 342 340 340 341 340 343 343 340 340 342 340 340 341 340 340 340 340 340 340 342 340 340 340 340 340 340 340 340 341 340 343 341 341 341 341 340 341 343 342 340 340 340 341 342 342 343 340 341 341 344 343 344 340 340 342 340 342 342 340 340 340 340 340 340 340 340 340 340 340 340 340 340 340 340 340 340 340 340 340 340 340 340 340 340 340 340 340 340 340 340 340 340 340 340 340 340 340 340 340 340 340 340 340 340 340 340 340 340 340 340 340 340 340 340 340 340 340 340 340 341 340 342 340 340 340 340 340 340 340 340 340 340 340 340 340 340 340 340 340 340 340 340 340 340 340 340 340 340 340 340 340 340 340 340 340 340 340 340 340 340 340 340 340 340 340 340 340 340 340 340 340 340 340 340 341 340 340 340 340 340 340 340 340 341 340 340 340 341 340 340 340 340 340 340 340 340 340 340 340 340 340 340 340 340 340 340 340 340 340 340 340 341 340 340 340 340 340 340 340 341 340 340 340 340 340 340 340 340 340 340 340 341 340 340 340 340 340 341 340 340 340 340 340 341 340 341 340 340 340 340 340 340 340 340 340 340 340 340 341 340 340 340 340 340 340 340 340 341 340 340 340 340 340 340 340 340 340 340 340 340 340 340 340 340 340 340 340 340 340 340 340 340 340 340 340 340 340 340 340 340 340 340 340 340 340 340 340 340 340 340 340 340 340 
# name: freq
# type: matrix
# rows: 1
# columns: 359
 50.0 50.0 50.0 50.0 50.0 50.0 50.0 50.0 50.0 50.0 50.0 50.0 50.0 50.0 50.0 50.0 50.0 50.0 50.0 50.0 50.0 50.0 50.0 50.0 50.0 50.0 50.0 50.0 50.0 50.0 50.0 50.0 50.0 50.0 50.0 50.0 50.0 50.0 50.0 50.0 50.0 50.0 50.0 50.0 50.0 50.0 50.0 50.0 49.9 50.0 50.0 50.0 50.0 50.0 50.0 50.0 50.0 50.0 50.0 50.0 50.0 50.0 50.0 50.0 50.0 50.0 50.0 50.0 50.0 50.0 50.0 50.0 50.0 50.0 50.0 50.0 50.0 50.0 50.0 50.0 50.0 50.0 50.0 50.0 50.0 50.0 50.0 50.0 50.0 50.0 50.0 50.0 50.0 50.0 50.0 50.0 50.0 50.0 50.0 50.0 50.0 50.0 50.0 50.0 50.0 50.0 50.0 50.0 50.0 50.0 50.0 50.0 50.0 50.0 50.0 50.0 50.0 50.0 50.0 50.0 50.0 50.0 50.0 49.9 50.0 50.0 50.0 50.0 50.0 50.0 50.0 50.0 50.0 50.0 50.0 50.0 50.0 50.0 50.0 49.9 50.0 50.0 50.0 50.0 50.0 50.0 50.0 50.0 50.0 50.0 50.0 50.0 50.0 50.0 50.0 50.0 50.0 50.0 50.0 50.0 50.0 50.0 50.0 50.0 50.0 50.0 50.0 50.0 50.0 50.0 50.0 50.0 50.0 50.0 50.0 50.0 50.0 50.0 50.0 50.0 50.0 50.0 50.0 50.0 50.0 50.0 50.0 50.0 50.0 50.0 50.0 50.0 50.0 50.0 50.0 50.0 50.0 49.9 50.0 50.0 50.0 50.0 50.0 50.0 50.0 50.0 50.0 50.0 50.0 50.0 50.0 50.0 50.0 50.0 50.0 50.0 50.0 50.0 50.0 50.0 50.0 50.0 50.0 50.0 50.0 50.0 50.0 50.0 50.0 50.0 50.0 50.0 50.0 50.0 50.0 50.0 50.0 50.0 50.0 50.0 50.0 50.0 50.0 50.1 50.1 50.0 50.1 50.1 50.1 50.1 50.1 50.1 50.1 50.1 50.1 50.0 50.0 50.0 50.0 50.0 50.1 50.1 50.0 50.0 50.0 50.0 50.0 50.0 50.0 50.0 50.0 50.0 50.0 50.0 50.0 50.0 50.0 50.0 50.0 50.0 50.0 50.0 50.0 50.0 50.0 50.0 50.0 50.0 50.0 50.0 50.0 50.0 50.0 50.0 50.0 50.0 50.0 50.0 50.0 50.0 50.0 50.0 50.0 50.0 50.0 50.0 50.0 50.0 50.0 50.0 50.0 50.0 50.0 50.0 50.0 50.0 50.0 50.0 50.0 50.0 50.0 50.0 50.0 50.0 50.0 50.0 50.0 50.0 50.0 50.0 50.0 50.0 50.0 50.0 50.0 50.0 50.0 50.0 50.0 50.0 50.0 50.0 50.0 50.0 50.0 50.0 50.0 50.0 50.0 50.0 50.0 50.0 50.0 50.0 50.0 50.0 50.0 50.0 50.0 
# name: reacPower
# type: matrix
# rows: 1
# columns: 359
 -27.225 -27.225 -27.225 -27.225 -27.225 -27.225 -27.225 -27.225 -27.329 -27.225 -27.329 -27.225 -27.225 -27.225 -27.225 -27.329 -27.225 -27.329 -27.329 -27.329 -27.225 -27.225 -27.329 -27.225 -27.329 -27.225 -27.329 -27.225 -27.122 -27.329 -27.225 -27.225 -27.329 -27.225 -27.329 -27.329 -27.329 -27.329 -27.329 -27.329 -27.329 -27.329 -27.329 -27.329 -27.329 -27.225 -47.412 -47.308 -46.48 -46.998 -46.377 -48.136 -47.619 -45.859 -45.859 -47.101 -46.17 -46.377 -46.377 -45.963 -45.963 -45.756 -45.756 -45.963 -46.066 -48.136 -45.756 -46.17 -46.066 -45.859 -45.859 -46.066 -46.066 -45.859 -46.17 -46.273 -47.826 -46.687 -46.687 -46.48 -47.412 -46.273 -46.377 -48.551 -47.619 -46.066 -46.17 -46.066 -46.791 -47.205 -47.722 -48.136 -45.963 -46.894 -46.791 -48.551 -48.447 -48.551 -46.17 -45.859 -47.101 -46.066 -47.619 -47.826 -45.859 -46.066 -46.377 -46.066 -45.963 -45.963 -45.859 -45.859 -46.17 -45.963 -45.859 -46.273 -45.859 -45.859 -45.859 -45.652 -45.859 -45.859 -46.066 -45.652 -45.859 -45.963 -45.756 -45.963 -46.17 -45.963 -46.066 -45.756 -45.859 -45.756 -45.652 -45.756 -45.963 -45.859 -45.652 -46.066 -45.756 -45.756 -45.859 -45.963 -45.756 -45.756 -46.066 -45.859 -45.859 -45.963 -45.756 -45.756 -45.963 -46.066 -46.377 -46.066 -45.963 -46.17 -45.963 -45.859 -45.963 -46.066 -46.17 -46.066 -46.066 -46.273 -46.273 -47.101 -45.859 -45.756 -45.963 -45.756 -45.963 -45.756 -46.17 -45.859 -46.066 -46.066 -46.066 -46.17 -46.066 -46.17 -46.273 -45.756 -46.17 -45.859 -46.066 -46.17 -45.963 -46.066 -45.756 -45.859 -45.756 -45.963 -46.48 -45.963 -46.17 -46.273 -45.963 -45.756 -45.963 -46.17 -46.17 -45.756 -45.859 -46.48 -46.273 -46.17 -46.17 -46.273 -45.963 -46.066 -46.066 -46.273 -46.066 -46.273 -45.963 -45.963 -46.17 -46.273 -46.791 -46.066 -45.859 -45.756 -46.066 -45.963 -46.48 -46.17 -46.273 -47.101 -45.963 -46.377 -46.17 -46.791 -46.273 -46.066 -46.066 -46.066 -45.963 -45.859 -45.859 -45.963 -45.859 -46.17 -46.066 -45.963 -46.066 -45.859 -45.756 -45.963 -46.066 -46.17 -45.963 -46.066 -46.066 -46.273 -45.963 -46.687 -45.756 -46.273 -46.17 -45.859 -45.859 -46.066 -46.066 -46.273 -46.377 -45.963 -46.066 -46.17 -45.963 -45.859 -46.066 -46.066 -45.756 -46.17 -45.859 -46.273 -46.066 -45.859 -45.963 -45.963 -46.066 -46.066 -45.859 -45.859 -45.859 -45.756 -45.756 -46.584 -45.859 -46.48 -45.963 -45.859 -45.652 -45.756 -45.756 -45.963 -45.756 -45.963 -45.963 -45.859 -45.963 -45.756 -46.273 -45.756 -45.859 -45.756 -45.756 -45.756 -46.17 -45.859 -45.859 -46.377 -45.963 -45.963 -46.066 -45.756 -46.17 -45.963 -45.859 -45.859 -45.652 -45.963 -45.548 -46.17 -45.963 -45.756 -45.756 -45.859 -46.066 -45.963 -45.652 -45.548 -46.17 -45.963 -45.756 -45.963 -45.859 -45.859 -45.859 -45.859 -45.963 -45.859 -45.756 -45.756 -46.273 -45.859 -45.859 -45.963 -45.756 -45.859 -45.963 -45.963 -46.17 -45.756 -45.963 -45.756 -45.652 
