# name: phAngle
# type: matrix
# rows: 1
# columns: 358
 271 271 272 271 272 271 272 271 271 271 272 272 271 271 272 271 271 272 271 271 272 272 271 272 271 271 273 272 272 271 272 271 272 271 271 272 272 272 272 343 345 345 345 345 345 346 346 346 346 346 346 346 346 346 346 346 346 346 346 346 346 346 346 346 346 346 346 346 346 346 346 346 346 346 346 346 346 346 347 347 347 347 347 347 347 347 347 347 347 347 347 347 347 347 347 347 347 347 347 347 347 347 347 347 347 347 347 347 347 347 347 347 347 347 347 347 347 347 347 347 347 347 347 347 347 347 347 347 347 347 347 347 347 347 347 347 347 347 347 347 347 347 347 347 347 347 347 347 347 347 347 346 347 347 347 347 347 347 347 347 347 347 347 347 347 347 347 346 347 347 347 347 347 347 347 347 347 347 347 347 347 347 347 347 347 347 347 347 347 347 347 347 347 347 347 347 347 347 347 347 347 347 347 347 347 347 347 347 347 347 347 347 347 347 347 347 346 347 347 347 347 347 347 347 347 347 347 347 347 347 347 347 347 347 347 347 347 347 347 347 347 347 347 270 270 315 346 347 347 347 347 347 347 347 347 347 347 347 347 347 347 347 347 347 347 347 347 347 347 347 347 347 347 347 347 347 347 347 347 347 347 347 347 347 347 347 347 347 347 347 347 347 347 347 347 347 347 347 347 347 347 347 347 347 347 347 347 270 270 270 272 272 271 271 271 271 271 271 271 272 272 272 272 271 271 271 272 272 272 271 271 272 271 271 272 271 271 272 272 271 271 272 271 271 271 271 272 271 272 271 271 271 272 271 272 272 272 271 
# name: freq
# type: matrix
# rows: 1
# columns: 358
 50.0 50.0 50.0 50.0 50.0 50.0 50.0 50.0 50.0 50.0 50.0 50.0 50.0 50.0 50.0 50.0 50.0 50.0 50.0 50.0 50.0 50.0 50.0 50.0 50.0 50.0 50.0 50.0 50.0 50.0 50.0 50.0 50.0 50.0 50.0 50.0 50.0 50.0 50.0 50.0 50.0 50.0 50.0 50.0 50.0 50.0 50.0 50.0 50.0 50.0 50.0 50.0 50.0 50.0 50.0 50.0 50.0 50.0 50.0 50.0 50.0 50.0 50.0 50.0 50.0 50.0 50.0 50.0 50.0 50.0 50.0 50.0 50.0 50.0 50.0 50.0 50.0 50.0 50.0 50.0 50.0 50.0 50.0 50.0 50.0 50.0 50.0 50.0 50.0 50.0 50.0 50.0 50.0 50.0 50.0 50.0 50.0 50.0 50.0 50.0 50.0 50.0 50.0 50.0 50.0 50.0 50.0 50.0 50.0 50.0 50.0 50.0 50.0 50.0 50.0 50.0 50.0 50.0 50.0 50.0 50.0 50.0 50.0 50.0 50.0 50.0 50.0 50.0 50.0 50.0 50.0 50.0 50.0 50.0 50.0 50.0 50.0 50.0 50.0 50.0 50.0 50.0 50.0 50.0 50.0 50.0 50.0 50.0 50.0 50.0 50.0 50.0 50.0 50.0 50.0 50.0 50.0 50.0 50.0 50.0 50.0 50.0 50.0 50.0 50.0 50.0 50.0 50.0 50.0 50.0 50.0 50.0 50.0 50.0 50.0 50.0 50.0 50.0 50.0 50.0 50.0 50.0 50.0 50.0 50.0 50.0 50.0 50.0 50.0 50.0 50.0 50.0 50.0 50.0 50.0 50.0 50.0 50.0 50.0 50.0 50.0 50.0 50.0 50.0 50.0 50.0 50.0 50.0 50.0 50.0 50.0 50.0 50.0 50.0 50.0 50.0 50.0 50.0 50.0 50.0 50.0 50.0 50.0 50.0 50.0 50.0 50.0 50.0 50.0 50.0 50.0 50.0 50.0 50.0 50.0 50.0 50.0 50.0 50.0 50.0 50.0 50.0 50.0 50.0 50.0 50.0 50.0 50.0 50.0 50.0 50.0 50.0 50.0 50.0 50.0 50.0 50.0 50.0 50.0 50.0 50.0 50.0 50.0 50.0 50.0 50.0 50.0 50.0 50.0 50.0 50.0 50.0 50.0 50.0 50.0 50.0 50.0 50.0 50.0 50.0 50.0 50.0 50.0 50.0 50.0 50.0 50.0 50.0 50.0 50.0 50.0 50.0 50.0 50.0 50.0 50.0 50.0 50.0 50.0 50.0 50.0 50.0 50.0 50.0 50.0 50.0 50.0 50.0 50.0 50.0 50.0 50.0 50.0 50.0 50.0 50.0 50.0 50.0 50.0 50.0 50.0 50.0 50.0 50.0 50.0 50.0 50.0 50.0 50.0 50.0 50.0 50.0 50.0 50.0 50.0 50.0 50.0 50.0 50.0 50.0 50.0 50.0 50.0 50.0 50.0 50.0 50.0 50.0 50.0 50.0 50.0 50.0 50.0 50.0 50.0 50.0 50.0 50.0 
# name: reacPower
# type: matrix
# rows: 1
# columns: 358
 -9.213 -9.109 -9.213 -9.213 -9.213 -9.213 -9.213 -9.213 -9.213 -9.213 -9.213 -9.213 -9.109 -9.213 -9.109 -9.109 -9.109 -9.109 -9.109 -9.109 -9.109 -9.109 -9.109 -9.109 -9.109 -9.109 -9.109 -9.213 -9.109 -9.109 -9.213 -9.109 -9.109 -9.109 -9.109 -9.109 -9.109 -9.213 -9.213 -44.41 -46.17 -46.48 -46.48 -46.48 -46.48 -46.584 -46.48 -46.584 -46.687 -46.687 -46.791 -46.584 -46.791 -46.894 -46.894 -46.791 -46.894 -46.791 -46.894 -46.894 -46.894 -46.998 -46.894 -46.894 -46.894 -46.998 -46.998 -46.998 -47.101 -46.998 -46.998 -46.894 -47.101 -46.998 -47.101 -46.998 -46.998 -47.101 -47.101 -46.998 -47.101 -47.205 -46.894 -46.791 -47.205 -46.687 -46.687 -46.273 -46.687 -46.584 -46.687 -46.791 -46.894 -46.377 -46.791 -46.791 -46.791 -46.894 -46.791 -46.791 -46.791 -46.687 -47.101 -46.791 -46.894 -46.998 -47.101 -47.101 -46.998 -47.101 -47.101 -47.205 -47.205 -47.308 -47.205 -47.101 -47.101 -47.101 -47.101 -47.101 -46.998 -47.205 -47.205 -47.101 -46.998 -46.998 -47.101 -46.791 -46.998 -47.308 -47.101 -47.205 -47.101 -47.308 -47.205 -47.412 -47.101 -47.101 -47.205 -47.205 -47.205 -47.101 -47.101 -47.205 -46.998 -46.791 -46.998 -46.894 -46.687 -47.205 -47.101 -47.515 -47.205 -46.894 -46.998 -47.205 -47.101 -47.101 -46.998 -46.998 -46.998 -47.205 -47.101 -46.998 -47.101 -46.894 -46.998 -47.515 -47.101 -47.101 -46.998 -46.998 -46.998 -46.791 -46.998 -46.894 -46.998 -46.894 -46.998 -46.998 -46.998 -46.584 -46.791 -46.998 -46.998 -47.101 -46.894 -47.101 -47.101 -46.894 -47.101 -46.998 -46.998 -46.998 -47.101 -47.101 -47.101 -47.101 -47.101 -47.205 -47.101 -46.894 -47.101 -47.101 -47.205 -46.998 -47.101 -46.894 -46.998 -46.998 -47.205 -47.101 -47.101 -47.101 -47.205 -47.205 -47.515 -47.205 -47.101 -46.998 -47.101 -47.101 -47.101 -47.205 -47.205 -47.205 -47.205 -47.205 -47.205 -47.205 -47.205 -46.894 -46.894 -46.791 -46.894 -46.791 -46.894 -46.791 -46.791 -46.894 -46.894 -47.412 -46.791 -9.213 -9.213 -28.364 -46.894 -47.205 -47.205 -47.205 -47.308 -47.205 -47.308 -47.412 -47.101 -47.205 -46.998 -47.205 -47.205 -47.205 -47.205 -47.205 -47.101 -47.101 -47.205 -47.101 -46.998 -46.894 -46.998 -46.584 -46.998 -46.377 -46.998 -46.894 -46.998 -47.101 -47.205 -46.998 -47.205 -47.412 -46.791 -46.894 -46.687 -46.687 -46.584 -46.584 -46.584 -46.584 -46.687 -46.584 -46.584 -46.48 -46.377 -46.584 -46.791 -46.687 -46.273 -46.687 -46.687 -46.687 -46.584 -46.584 -46.584 -46.998 -46.894 -46.791 -46.791 -9.213 -9.213 -9.213 -9.109 -9.109 -9.109 -9.109 -9.109 -9.109 -9.109 -9.109 -9.109 -9.109 -9.109 -9.109 -9.109 -9.109 -9.109 -9.109 -9.109 -9.213 -9.213 -9.213 -9.213 -9.213 -9.109 -9.109 -9.213 -9.109 -9.109 -9.109 -9.109 -9.109 -9.109 -9.109 -9.109 -9.213 -9.109 -9.213 -9.213 -9.213 -9.213 -9.213 -9.213 -9.213 -9.109 -9.213 -9.213 -9.213 -9.213 -9.213 
