# name: phAngle
# type: matrix
# rows: 1
# columns: 359
 351 351 351 351 351 351 351 351 351 351 351 351 351 351 351 351 351 351 351 351 351 351 351 349 351 353 351 353 351 353 353 353 353 353 353 353 351 353 351 353 353 351 351 351 351 351 351 351 351 351 351 351 351 351 349 351 351 351 351 351 351 351 351 351 351 351 351 351 351 353 353 351 353 351 351 353 353 353 353 351 351 351 351 353 353 351 351 353 351 351 351 351 351 351 351 351 351 351 351 351 351 351 351 351 351 351 351 351 351 351 351 351 351 351 351 351 351 351 351 351 351 351 351 351 351 351 351 351 351 351 351 351 351 351 351 351 351 351 351 351 351 351 351 351 349 351 351 351 351 351 351 351 351 351 351 351 351 351 351 351 351 351 351 351 351 351 351 351 351 351 351 351 351 351 351 351 349 351 351 351 351 351 351 351 351 351 351 351 351 351 284 284 284 284 284 284 284 284 284 284 284 284 284 284 284 284 284 284 284 284 284 284 284 284 284 284 284 284 284 284 284 284 284 284 284 284 284 289 284 284 284 285 284 285 283 285 284 284 284 284 284 284 284 284 284 284 284 285 284 284 284 284 284 284 284 284 284 285 284 284 284 284 285 284 286 285 284 285 284 284 285 284 285 285 285 285 285 285 285 285 285 285 285 285 284 283 353 354 354 354 353 353 353 353 353 353 353 353 353 353 353 353 353 353 353 353 351 351 351 351 351 353 353 351 351 351 351 351 353 353 353 351 351 353 351 353 351 353 353 353 353 353 351 353 351 353 351 353 351 353 351 351 351 351 351 353 351 353 351 353 351 353 351 353 351 353 353 353 353 
# name: freq
# type: matrix
# rows: 1
# columns: 359
 50.0 50.0 50.0 50.0 50.0 50.0 50.0 50.0 50.0 50.0 50.0 50.0 50.0 50.0 50.0 50.0 50.0 50.0 50.0 50.0 50.0 50.0 50.0 50.0 50.0 50.0 50.0 50.0 50.0 50.0 50.0 50.0 50.0 50.0 50.0 50.0 50.0 50.0 50.0 50.0 50.0 50.0 50.0 50.0 50.0 50.0 50.0 50.0 50.0 50.0 50.0 50.0 50.0 50.0 50.0 50.0 50.0 50.0 50.0 50.0 50.0 50.0 50.0 50.0 50.0 50.0 50.0 50.0 50.0 50.0 50.0 50.0 50.0 50.0 50.0 50.0 50.0 50.0 50.0 50.0 50.0 50.0 50.0 50.0 50.0 50.0 50.0 50.0 50.0 50.0 50.0 50.0 50.0 50.0 50.0 50.0 50.0 50.0 50.0 50.0 50.0 50.0 50.0 50.0 50.0 50.0 50.0 50.0 50.0 50.0 50.0 50.0 50.0 50.0 50.0 50.0 50.0 50.0 50.0 50.0 50.0 50.0 50.0 50.0 50.0 50.0 50.0 50.0 50.0 50.0 50.0 50.0 50.0 50.0 50.0 50.0 50.0 50.0 50.0 50.0 50.0 50.0 50.0 50.0 50.0 50.0 50.0 50.0 50.0 50.0 50.0 50.0 50.0 50.0 50.0 50.0 50.0 50.0 50.0 50.0 50.0 50.0 50.0 50.0 50.0 50.0 50.0 50.0 50.0 50.0 50.0 50.0 50.0 50.0 50.0 50.0 50.0 50.0 50.0 50.0 50.0 50.0 50.0 50.0 50.0 50.0 50.0 50.0 50.0 50.0 50.0 50.0 50.0 50.0 50.0 50.0 50.0 50.0 50.0 50.0 50.0 50.0 50.0 50.0 50.0 50.0 50.0 50.0 50.0 50.0 50.0 50.0 50.0 50.0 50.0 50.0 50.0 50.0 50.0 50.0 50.0 50.0 50.0 50.0 50.0 50.0 50.0 50.0 50.0 50.0 50.0 50.0 50.0 50.0 50.0 50.0 50.0 50.0 50.0 50.0 50.0 50.0 50.0 50.0 50.0 50.0 50.0 50.0 50.0 50.0 50.0 50.0 50.0 50.0 50.0 50.0 50.0 50.0 50.0 50.0 50.0 50.0 50.0 50.0 50.0 50.0 50.0 50.0 50.0 50.0 50.0 50.0 50.0 50.0 50.0 50.0 50.0 50.0 50.0 50.0 50.0 50.0 50.0 50.0 50.0 50.0 50.0 50.0 50.0 50.0 50.0 50.0 50.0 50.0 50.0 50.0 50.0 50.0 50.0 50.0 50.0 50.0 50.0 50.0 50.0 50.0 50.0 50.0 50.0 50.0 50.0 50.0 50.0 50.0 50.0 50.0 50.0 50.0 50.0 50.0 50.0 50.0 50.0 50.0 50.0 50.0 50.0 50.0 50.0 50.0 50.0 50.0 50.0 50.0 50.0 50.0 50.0 50.0 50.0 50.0 50.0 50.0 50.0 50.0 50.0 50.0 50.0 50.0 50.0 50.0 50.0 50.0 50.0 50.0 50.0 50.0 50.0 50.0 50.0 
# name: reacPower
# type: matrix
# rows: 1
# columns: 359
 -8.222 -8.118 -8.222 -8.638 -8.534 -8.534 -8.534 -8.43 -8.638 -8.534 -8.326 -8.118 -8.118 -8.326 -8.638 -8.326 -8.222 -8.326 -8.43 -8.43 -8.326 -8.118 -8.534 -10.72 -8.638 -7.597 -8.118 -7.805 -8.014 -7.805 -7.389 -7.701 -7.805 -7.701 -7.805 -7.805 -7.91 -7.597 -7.91 -7.493 -7.805 -7.91 -8.118 -8.014 -7.91 -8.014 -8.43 -8.222 -8.222 -8.326 -8.534 -8.43 -8.534 -8.43 -10.407 -8.43 -8.638 -8.742 -8.742 -8.638 -8.118 -8.638 -8.326 -8.43 -7.91 -8.118 -7.91 -8.118 -7.91 -7.701 -7.805 -8.014 -7.805 -8.118 -7.91 -7.701 -7.597 -7.493 -7.701 -8.118 -8.118 -8.014 -7.91 -7.91 -7.805 -8.326 -8.014 -7.805 -8.222 -8.118 -8.014 -7.91 -8.222 -8.534 -8.43 -8.534 -8.222 -8.118 -8.43 -8.534 -8.326 -8.014 -8.326 -8.118 -8.014 -8.222 -8.43 -8.222 -8.118 -8.326 -8.43 -8.326 -8.43 -8.326 -8.222 -8.326 -8.014 -8.222 -8.014 -8.534 -8.43 -8.014 -8.222 -8.326 -8.222 -8.638 -8.43 -8.638 -8.43 -8.534 -8.638 -8.43 -8.014 -8.534 -8.534 -8.222 -8.43 -8.43 -8.534 -8.534 -8.534 -8.326 -8.014 -8.326 -11.032 -7.91 -8.118 -8.222 -8.118 -8.326 -8.534 -8.222 -8.534 -8.534 -8.534 -8.43 -8.534 -8.534 -8.43 -8.742 -8.534 -8.742 -8.534 -8.534 -8.534 -8.846 -8.742 -8.846 -8.846 -8.222 -8.326 -8.326 -8.534 -8.326 -8.534 -8.43 -10.72 -8.118 -8.43 -8.43 -8.222 -8.43 -8.43 -8.118 -8.534 -8.222 -9.575 -8.014 -8.222 -7.91 -6.869 -6.869 -6.869 -6.869 -6.869 -6.869 -6.869 -6.869 -6.869 -6.869 -6.869 -6.869 -6.869 -6.869 -6.869 -6.973 -6.973 -6.973 -6.869 -6.661 -6.973 -6.973 -6.973 -6.973 -6.973 -6.973 -6.973 -6.973 -6.869 -6.869 -6.973 -6.973 -6.973 -6.869 -6.765 -6.765 -6.869 -6.661 -6.869 -6.869 -6.765 -6.452 -6.765 -6.452 -6.557 -6.765 -6.765 -6.869 -6.765 -6.869 -6.869 -6.765 -6.765 -6.765 -6.869 -6.765 -6.765 -6.765 -6.765 -6.765 -6.765 -6.765 -6.765 -6.765 -6.765 -6.869 -6.765 -6.765 -6.765 -6.765 -6.765 -6.765 -6.452 -6.661 -6.452 -6.661 -6.661 -6.661 -6.557 -6.661 -6.661 -6.661 -6.661 -6.557 -6.557 -6.557 -6.661 -6.557 -6.557 -6.661 -6.557 -6.661 -6.661 -6.661 -6.661 -6.661 -6.765 -7.493 -7.493 -7.701 -7.389 -7.285 -7.389 -7.701 -7.181 -7.493 -7.493 -7.597 -7.701 -7.493 -7.597 -7.91 -7.597 -7.701 -7.805 -7.805 -8.014 -7.91 -7.91 -7.91 -8.014 -7.805 -7.805 -8.014 -8.014 -8.014 -7.91 -8.014 -7.805 -7.805 -7.91 -8.014 -8.014 -7.91 -7.91 -7.701 -8.014 -7.701 -7.805 -7.701 -7.805 -7.91 -8.014 -7.701 -8.014 -7.805 -8.95 -7.805 -8.014 -7.701 -8.118 -7.91 -7.91 -8.014 -7.91 -7.91 -8.014 -7.597 -8.118 -7.805 -7.91 -7.91 -7.91 -7.597 -7.91 -7.493 -7.805 -7.805 -7.805 
