# name: phAngle
# type: matrix
# rows: 1
# columns: 359
 271 270 271 315 311 333 326 326 325 326 325 333 334 334 334 328 333 334 333 335 335 332 335 334 335 335 333 335 335 334 335 335 333 333 333 334 334 335 333 335 335 334 335 335 335 335 334 333 334 333 335 335 333 332 335 335 335 335 335 335 335 335 335 331 335 335 335 335 334 333 332 333 335 335 335 335 335 335 335 336 335 336 335 335 335 335 334 335 335 335 336 335 335 335 333 335 335 335 334 335 335 335 335 335 335 335 335 335 335 335 335 334 335 335 335 334 335 335 335 334 333 334 334 334 334 334 335 334 334 335 334 333 334 334 334 333 333 333 334 334 335 333 335 335 335 335 334 335 334 334 334 335 333 334 334 335 335 335 335 334 335 334 335 334 334 335 335 335 334 334 335 335 334 334 334 333 334 335 335 335 334 333 334 333 334 334 334 334 335 333 334 334 333 333 334 334 334 334 334 334 334 334 334 334 334 334 334 334 334 334 335 334 334 334 333 334 334 334 334 334 334 333 335 335 334 334 334 334 334 334 334 334 334 334 333 334 333 335 333 333 333 333 335 334 334 334 334 333 334 334 334 334 334 334 334 334 334 334 334 332 333 334 334 334 332 333 332 333 333 333 334 334 334 334 334 334 334 334 334 334 334 334 334 332 334 332 333 333 334 334 334 334 334 334 332 334 334 333 333 333 333 333 333 333 333 333 333 334 334 331 332 334 334 334 334 333 334 335 334 334 333 333 334 332 332 332 334 334 334 334 334 333 334 334 335 335 335 335 335 335 335 335 335 335 335 335 335 335 335 335 335 335 334 334 334 334 335 334 334 
# name: freq
# type: matrix
# rows: 1
# columns: 359
 50.0 50.0 50.0 50.0 50.0 50.0 50.0 50.0 50.0 50.0 50.0 50.0 50.0 50.0 50.0 50.0 50.0 50.0 50.0 50.0 50.0 50.0 50.0 50.0 50.0 50.0 50.0 50.0 50.0 50.0 50.0 50.0 50.0 50.0 50.0 50.0 50.0 50.0 50.0 50.0 50.0 50.0 50.0 50.0 50.0 50.0 50.0 50.0 50.0 50.0 50.0 50.0 50.0 50.0 50.0 50.0 50.0 50.0 50.0 50.0 50.0 50.0 50.0 50.0 50.0 50.0 50.0 50.0 50.0 50.0 50.0 50.0 50.0 50.0 50.0 50.0 50.0 50.0 50.0 50.0 50.0 50.0 50.0 50.0 50.0 50.0 50.0 50.0 50.0 50.0 50.0 50.0 50.0 50.0 50.0 50.0 50.0 50.0 50.0 50.0 50.0 50.0 50.0 50.0 50.0 50.0 50.0 50.0 50.0 50.0 50.0 50.0 50.0 50.0 50.0 50.0 50.0 50.0 50.0 50.0 50.0 50.0 50.0 50.0 50.0 50.0 50.0 50.0 50.0 50.0 50.0 50.0 50.0 50.0 50.0 50.0 50.0 50.0 50.0 50.0 50.0 50.0 50.0 50.0 50.0 50.0 50.0 50.0 50.0 50.0 50.0 50.0 50.0 50.0 50.0 50.0 50.0 50.0 50.0 50.0 50.0 50.0 50.0 50.0 50.0 50.0 50.0 50.0 50.0 50.0 50.0 50.0 50.0 50.0 50.0 50.0 50.0 50.0 50.0 50.0 50.0 50.0 50.0 50.0 50.0 50.0 50.0 50.0 50.0 50.0 50.0 50.0 50.0 50.0 50.0 50.0 50.0 50.0 50.0 50.0 50.0 50.0 50.0 50.0 50.0 50.0 50.0 50.0 50.0 50.0 50.0 50.0 50.0 50.0 50.0 50.0 50.0 50.0 50.0 50.0 50.0 50.0 49.9 49.9 50.0 50.0 50.0 50.0 50.0 50.0 50.0 50.0 50.0 50.0 50.0 50.0 50.0 49.9 50.0 50.0 50.0 50.0 50.0 50.0 50.0 50.0 50.0 50.0 50.0 50.0 50.0 50.0 50.0 50.0 50.0 50.0 50.0 50.0 50.0 50.0 50.0 50.0 50.0 50.0 50.0 50.0 50.0 50.0 50.0 50.0 50.0 50.0 50.0 50.0 50.0 50.0 50.0 50.0 50.0 50.0 50.0 50.0 50.0 50.0 50.0 50.0 50.0 50.0 50.0 50.0 50.0 50.0 50.0 50.0 50.0 50.0 50.0 50.0 50.0 50.0 50.0 50.0 50.0 50.0 50.0 50.0 50.0 50.0 50.0 50.0 50.0 50.0 50.0 50.0 50.0 50.0 50.0 50.0 50.0 50.0 50.0 50.0 50.0 50.0 50.0 50.0 50.0 50.0 50.0 50.0 50.0 50.0 50.0 50.0 50.0 50.0 50.0 50.0 50.0 50.0 50.0 50.0 50.0 50.0 50.0 50.0 50.0 50.0 50.0 50.0 50.0 50.0 50.0 50.0 50.0 50.1 50.0 50.0 50.0 
# name: reacPower
# type: matrix
# rows: 1
# columns: 359
 -12.489 -12.489 -12.489 -14.467 -14.675 -64.113 -40.382 -40.174 -39.758 -40.278 -39.758 -62.968 -62.656 -62.656 -62.656 -47.564 -57.139 -62.551 -56.827 -63.072 -62.239 -54.537 -63.176 -63.8 -62.447 -62.968 -60.262 -62.76 -63.072 -61.407 -62.447 -62.343 -62.031 -59.429 -61.823 -61.198 -61.615 -62.135 -59.845 -62.864 -62.551 -61.094 -63.072 -62.447 -63.072 -62.031 -61.511 -61.719 -62.551 -56.411 -61.615 -61.719 -59.013 -51.727 -62.031 -62.343 -62.656 -61.302 -61.823 -62.135 -62.551 -60.99 -61.198 -47.148 -61.615 -61.927 -62.031 -61.615 -60.782 -58.596 -58.596 -58.284 -62.656 -62.447 -62.551 -61.823 -60.886 -61.094 -60.99 -60.782 -60.886 -61.094 -61.094 -60.574 -61.407 -61.511 -60.574 -61.511 -61.407 -61.094 -60.99 -61.407 -61.094 -61.927 -60.886 -61.615 -61.719 -61.094 -62.135 -62.343 -62.239 -61.927 -61.823 -61.719 -61.719 -62.135 -61.927 -61.198 -61.719 -61.511 -62.864 -63.488 -62.968 -63.072 -62.968 -62.239 -62.76 -62.864 -62.447 -64.009 -64.113 -63.904 -63.696 -63.592 -63.696 -63.904 -63.384 -63.384 -63.592 -63.28 -63.8 -63.8 -63.696 -62.968 -63.176 -61.927 -63.696 -63.8 -63.488 -63.488 -62.656 -61.719 -63.072 -63.072 -63.176 -62.864 -62.551 -63.176 -63.384 -63.488 -63.384 -63.28 -62.135 -62.656 -62.656 -62.968 -62.656 -62.968 -62.656 -63.072 -62.864 -63.488 -63.072 -62.968 -62.447 -62.656 -62.968 -62.968 -62.968 -62.864 -62.551 -62.864 -62.343 -63.176 -62.76 -60.262 -62.656 -63.176 -63.28 -63.28 -62.864 -61.719 -62.239 -62.031 -62.968 -63.176 -62.864 -62.239 -62.656 -61.615 -62.343 -63.072 -63.488 -60.678 -63.176 -62.551 -62.447 -63.072 -62.343 -62.551 -62.656 -63.072 -62.76 -62.343 -62.76 -62.551 -62.968 -62.656 -63.072 -62.864 -62.968 -63.176 -62.76 -63.072 -60.99 -62.447 -62.447 -60.574 -61.511 -61.719 -61.823 -57.556 -61.094 -61.198 -61.823 -62.135 -61.927 -61.719 -61.927 -61.719 -61.927 -61.927 -62.031 -61.927 -51.519 -62.239 -53.392 -61.407 -58.596 -58.492 -59.117 -57.868 -62.031 -61.719 -62.656 -62.656 -62.968 -60.678 -62.76 -62.656 -63.072 -62.864 -62.551 -62.343 -62.968 -62.031 -62.864 -62.551 -61.823 -59.637 -61.511 -62.656 -62.968 -62.968 -58.18 -60.158 -59.741 -61.823 -59.325 -61.823 -63.072 -62.239 -62.239 -62.135 -62.343 -62.239 -61.823 -62.551 -61.927 -61.615 -61.511 -62.135 -62.656 -59.637 -62.031 -58.909 -59.117 -62.135 -62.031 -62.447 -62.551 -62.343 -62.551 -62.551 -60.262 -62.656 -62.343 -61.615 -60.366 -60.99 -60.99 -60.47 -60.47 -61.719 -61.407 -61.198 -60.574 -60.574 -62.968 -55.786 -58.076 -62.656 -63.176 -63.28 -62.135 -61.511 -62.551 -61.407 -62.239 -62.031 -60.678 -60.262 -62.551 -58.492 -58.284 -59.325 -63.28 -62.031 -62.656 -62.239 -62.239 -61.615 -61.615 -61.927 -61.094 -60.99 -59.741 -60.262 -59.845 -60.366 -60.366 -59.637 -58.7 -59.533 -59.637 -58.909 -59.845 -59.845 -59.533 -60.158 -60.47 -60.47 -61.823 -62.135 -61.823 -62.864 -61.198 -61.927 -62.031 
