# name: phAngle
# type: matrix
# rows: 1
# columns: 357
 353 351 353 353 353 353 353 351 351 351 351 351 351 351 351 351 351 351 351 351 351 351 351 353 351 351 353 353 351 351 353 353 353 353 353 353 353 353 353 353 353 353 353 353 353 353 353 353 353 353 353 353 353 353 353 353 353 351 353 351 351 349 285 284 285 286 285 284 284 285 285 285 285 286 285 285 285 285 285 285 284 286 285 285 285 285 285 285 285 284 285 284 284 285 284 285 287 284 285 285 286 285 351 354 354 353 353 353 351 353 353 353 353 353 354 353 353 353 353 353 353 353 353 353 353 353 353 353 353 353 353 353 353 353 353 353 353 353 353 353 353 353 353 353 353 353 353 353 353 353 353 353 353 353 353 353 353 353 353 353 353 353 353 353 351 353 353 353 353 353 353 353 353 353 353 353 353 353 353 353 353 353 353 353 353 353 353 353 353 353 353 353 353 353 353 353 353 353 353 353 353 353 353 353 353 353 353 353 353 353 353 353 353 353 353 353 353 353 353 353 353 353 353 353 353 353 353 353 353 353 353 353 353 353 353 353 353 353 353 353 353 353 353 353 353 353 353 353 353 353 353 353 353 353 353 353 353 353 353 353 353 353 353 353 353 353 353 353 353 353 353 353 353 353 353 353 353 353 353 353 353 353 353 353 353 353 353 353 353 353 353 353 353 353 353 353 353 353 353 353 353 353 353 353 353 353 353 353 353 353 353 353 353 353 353 353 353 353 353 349 353 353 353 353 353 353 353 353 351 353 353 353 353 353 353 353 353 353 353 353 353 353 353 353 353 353 353 353 353 353 353 353 353 353 353 353 353 
# name: freq
# type: matrix
# rows: 1
# columns: 357
 50.0 49.9 49.9 49.9 50.0 49.9 49.9 50.0 49.9 49.9 50.0 50.0 50.0 50.0 50.0 50.0 50.0 50.0 50.0 50.0 50.0 50.0 50.0 50.0 50.0 50.0 50.0 50.0 50.0 50.0 50.0 50.0 50.0 50.0 50.0 50.0 50.0 50.0 50.0 50.0 50.0 50.0 50.0 50.0 50.0 50.0 50.0 50.0 50.0 50.0 50.0 50.0 50.0 50.0 50.0 50.0 50.0 50.0 50.0 50.0 50.0 50.0 50.0 50.0 50.0 50.0 50.0 50.0 50.0 50.0 50.0 50.0 50.0 50.0 50.0 50.0 50.0 50.0 50.0 50.0 50.0 50.0 50.0 50.0 50.0 50.0 50.0 50.0 50.0 50.0 50.0 50.0 50.0 50.0 50.0 50.0 50.0 50.0 50.0 50.0 50.0 50.0 50.0 50.0 50.0 50.0 50.0 50.0 50.0 50.0 50.0 50.0 50.0 50.0 50.0 50.0 50.0 50.0 50.0 50.0 50.0 50.0 50.0 50.0 50.0 50.0 50.0 50.0 50.0 50.0 50.0 50.0 50.0 50.0 50.0 50.0 50.0 50.0 50.0 50.0 50.0 50.0 50.0 50.0 50.0 50.0 50.0 50.0 50.0 50.0 50.0 50.0 50.0 50.0 50.0 50.0 50.0 50.0 50.0 50.0 50.0 50.0 50.0 50.0 50.0 50.0 50.0 50.0 50.0 50.0 50.0 50.0 50.0 50.0 50.0 50.0 50.0 50.0 50.0 50.0 50.0 50.0 50.0 50.0 50.0 50.0 50.0 50.0 50.0 50.0 50.0 50.0 50.0 50.0 50.0 50.0 50.0 50.0 50.0 50.0 50.0 50.0 50.0 50.0 50.0 50.0 50.0 50.0 50.0 50.0 50.0 50.0 50.0 50.0 50.0 50.0 50.0 50.0 50.0 50.0 50.0 50.0 50.0 50.0 50.0 50.0 50.0 50.0 50.0 50.0 50.0 50.0 50.0 50.0 50.0 50.0 50.0 50.0 50.0 50.0 50.0 50.0 50.0 50.0 50.0 50.0 50.0 50.0 50.0 50.0 50.0 50.0 50.0 50.0 50.0 50.0 50.0 50.0 50.0 50.0 50.0 50.0 50.0 50.0 50.0 50.0 50.0 50.0 50.0 50.0 50.0 50.0 50.0 50.0 50.0 50.0 50.0 50.0 50.0 50.0 50.0 50.0 50.0 50.0 50.0 50.0 50.0 50.0 50.0 50.0 50.0 50.0 50.0 50.0 50.0 50.0 50.0 50.0 50.0 50.0 50.0 50.0 50.0 50.0 50.0 50.0 50.0 50.0 50.0 50.0 50.0 50.0 50.0 50.0 50.0 50.0 50.0 50.0 50.0 50.0 50.0 50.0 50.0 50.0 50.0 50.0 50.0 50.0 50.0 50.0 50.0 50.0 50.0 50.0 50.0 50.0 50.0 50.0 50.0 50.0 50.0 50.0 50.0 50.0 50.0 50.0 50.0 50.0 50.0 50.0 50.0 50.0 50.0 50.0 50.0 49.9 50.0 
# name: reacPower
# type: matrix
# rows: 1
# columns: 357
 -7.597 -7.91 -7.805 -7.597 -7.805 -7.805 -7.91 -8.014 -8.014 -8.222 -8.118 -8.014 -8.118 -8.014 -8.014 -8.014 -8.118 -8.222 -8.118 -8.014 -8.014 -8.014 -8.014 -7.805 -7.91 -8.118 -7.805 -7.805 -7.91 -7.91 -7.805 -7.389 -7.493 -7.805 -7.389 -7.389 -7.389 -7.285 -7.389 -7.285 -7.493 -7.389 -7.285 -7.285 -7.389 -7.181 -7.285 -7.597 -7.493 -7.597 -7.597 -7.701 -7.493 -7.597 -7.493 -7.493 -7.597 -7.91 -7.597 -8.118 -8.014 -6.765 -6.557 -6.452 -6.452 -6.452 -6.244 -6.557 -6.557 -6.557 -6.557 -6.348 -6.452 -6.452 -6.348 -6.452 -6.348 -6.348 -6.557 -6.348 -6.452 -6.557 -6.348 -6.557 -6.452 -6.557 -6.452 -6.452 -6.557 -6.661 -6.557 -6.661 -6.661 -6.557 -6.661 -6.452 -6.244 -6.661 -6.557 -6.661 -6.348 -6.452 -8.118 -6.452 -6.557 -6.765 -7.181 -6.661 -9.471 -7.077 -7.077 -7.597 -6.973 -6.661 -5.412 -6.869 -6.661 -7.181 -7.597 -6.661 -6.973 -6.557 -6.661 -6.765 -6.765 -6.765 -6.869 -6.973 -6.869 -6.973 -7.181 -6.661 -6.765 -7.181 -7.077 -7.077 -6.765 -7.181 -7.389 -7.285 -7.389 -7.077 -7.389 -7.285 -7.285 -7.285 -7.077 -7.493 -7.493 -7.493 -7.493 -7.181 -7.389 -7.493 -7.389 -7.389 -7.181 -7.389 -7.285 -7.077 -7.597 -7.077 -7.285 -7.493 -7.91 -7.181 -6.869 -6.765 -6.869 -7.077 -7.077 -6.973 -7.285 -7.077 -7.077 -7.077 -7.285 -7.077 -7.285 -7.285 -7.181 -7.077 -7.077 -6.973 -7.181 -7.077 -7.077 -7.077 -7.181 -7.181 -7.077 -7.181 -7.181 -7.181 -7.181 -7.181 -7.077 -7.597 -7.597 -7.285 -7.285 -7.285 -7.077 -6.973 -7.077 -6.973 -6.557 -6.869 -6.869 -6.765 -6.765 -6.869 -6.973 -6.869 -6.973 -6.869 -6.973 -6.765 -6.973 -6.765 -6.765 -6.661 -6.661 -6.661 -6.765 -6.765 -6.452 -6.869 -6.661 -6.765 -6.869 -6.869 -6.869 -6.869 -7.285 -7.389 -7.181 -7.285 -7.181 -7.077 -7.597 -7.493 -7.805 -7.493 -7.389 -7.389 -7.493 -7.077 -7.181 -7.077 -7.181 -7.077 -6.869 -6.869 -7.077 -7.077 -7.285 -7.181 -7.181 -7.181 -7.389 -7.285 -7.285 -7.285 -7.077 -7.493 -7.493 -7.285 -7.181 -7.181 -7.285 -7.493 -7.285 -7.285 -7.493 -7.701 -6.869 -6.973 -7.285 -7.389 -7.389 -7.285 -7.389 -7.701 -7.597 -7.597 -7.493 -7.389 -7.493 -7.389 -7.389 -7.181 -7.181 -7.181 -7.181 -6.765 -6.661 -6.869 -6.973 -6.973 -6.973 -6.869 -7.077 -7.181 -7.077 -6.973 -7.181 -7.285 -7.285 -7.181 -7.389 -7.493 -7.285 -7.181 -7.077 -7.285 -7.389 -7.493 -7.181 -10.095 -7.285 -7.493 -7.389 -6.869 -6.973 -7.285 -7.597 -7.597 -9.367 -7.389 -7.389 -7.285 -7.285 -7.285 -7.077 -6.973 -7.285 -7.285 -6.973 -7.181 -7.389 -7.285 -6.973 -6.869 -7.181 -7.389 -6.973 -6.973 -7.077 -7.285 -7.285 -7.077 -6.869 -7.389 -7.077 -7.181 -7.285 
