# name: phAngle
# type: matrix
# rows: 1
# columns: 359
 273 272 272 272 272 273 272 272 272 272 272 272 272 272 273 272 273 272 272 272 272 272 272 272 272 272 272 272 272 273 273 272 272 272 272 273 272 273 272 273 272 272 272 272 272 271 270 272 273 333 346 347 351 347 347 347 347 347 347 347 347 347 347 347 347 347 347 350 350 347 347 350 347 347 346 347 347 347 347 347 347 338 272 272 272 272 273 272 272 272 272 272 272 272 272 272 272 273 272 272 272 272 272 272 272 272 274 274 272 272 272 341 272 272 272 333 347 346 351 346 351 351 351 351 351 347 347 347 347 347 347 347 347 347 351 347 347 347 347 347 347 347 351 347 347 347 347 350 350 347 347 350 347 347 350 347 347 347 347 347 347 347 347 351 347 347 351 347 351 351 351 351 351 351 351 351 347 347 347 347 351 351 272 272 272 272 272 272 272 272 273 272 272 273 272 272 273 272 273 273 272 272 273 272 272 272 272 273 272 272 272 273 272 272 272 272 272 272 272 272 272 273 272 272 272 272 273 272 272 272 272 272 272 272 272 272 272 272 326 346 347 347 347 347 347 347 351 351 351 347 351 347 347 347 347 347 347 347 347 347 347 347 347 347 347 347 347 347 347 347 347 347 347 347 347 347 347 347 347 347 347 347 347 347 347 347 347 347 347 347 347 347 347 343 347 347 347 347 347 347 347 347 347 347 347 347 272 272 273 273 273 272 272 272 272 272 273 272 272 272 272 272 273 272 272 272 272 273 272 272 273 273 272 272 272 272 272 272 272 272 272 272 273 272 272 272 272 272 272 273 272 272 272 272 272 272 273 272 272 
# name: freq
# type: matrix
# rows: 1
# columns: 359
 50.0 50.0 50.0 50.0 50.0 50.0 50.0 50.0 50.0 50.0 50.0 50.0 50.0 50.0 50.0 50.0 50.0 50.0 50.0 50.0 50.0 50.0 50.0 50.0 50.0 50.0 50.0 50.0 50.0 50.0 50.0 50.0 50.0 50.0 50.0 50.0 50.0 50.0 50.0 50.0 50.0 50.0 50.0 50.0 50.0 50.0 50.0 50.0 50.0 50.0 50.0 50.0 50.0 50.0 50.0 50.0 50.0 50.0 50.0 50.0 50.0 50.0 50.0 50.0 50.0 50.0 50.0 50.0 50.0 50.0 50.0 50.0 50.0 50.0 50.0 50.0 50.0 50.0 50.0 50.0 50.0 50.0 50.0 50.0 50.0 50.0 50.0 50.0 50.0 50.0 50.0 50.0 50.0 50.0 50.0 50.0 50.0 50.0 50.0 50.0 50.0 50.0 50.0 50.0 50.0 50.0 50.0 50.0 50.0 50.0 50.0 50.0 50.0 50.0 50.0 50.0 50.0 50.0 50.0 50.0 50.0 50.0 50.0 50.0 50.0 50.0 50.0 50.0 50.0 50.0 50.0 50.0 50.0 50.0 50.0 50.0 50.0 50.0 50.0 50.0 50.0 50.0 50.0 50.0 50.0 50.0 50.0 50.0 50.0 50.0 50.0 50.0 50.0 50.0 50.0 50.0 50.0 50.0 50.0 50.0 50.0 50.0 50.0 50.0 50.0 50.0 50.0 50.0 50.0 50.0 50.0 50.0 50.0 50.0 50.0 50.0 50.0 50.0 50.0 50.0 50.0 50.0 50.0 50.0 50.0 50.0 50.0 50.0 50.0 50.0 50.0 50.0 50.0 50.0 50.0 50.0 50.0 50.0 50.0 50.0 50.0 50.0 50.0 50.0 50.0 50.0 50.0 50.0 50.0 50.0 50.0 50.0 50.0 50.0 50.0 50.0 50.0 50.0 50.0 50.0 50.0 50.0 50.0 50.0 50.0 50.0 50.0 50.0 50.0 50.0 50.0 50.0 50.0 50.0 50.0 50.0 50.0 50.0 50.0 50.0 50.0 50.0 50.0 50.0 50.0 50.0 50.0 50.0 50.0 50.0 50.0 50.0 50.0 50.0 50.0 50.0 50.0 50.0 50.0 50.0 50.0 50.0 50.0 50.0 50.0 50.0 50.0 50.0 50.0 50.0 50.0 50.0 50.0 50.0 50.0 50.0 50.0 50.0 50.0 50.0 50.0 50.0 50.0 50.0 50.0 50.0 50.0 50.0 50.0 50.0 50.0 50.0 50.0 50.0 50.0 50.0 50.0 50.0 50.0 50.0 50.0 50.0 50.0 50.0 50.0 50.0 50.0 50.0 50.0 50.0 50.0 50.0 50.0 50.0 50.0 50.0 50.0 50.0 50.0 50.0 50.0 50.0 50.0 50.0 50.0 50.0 50.0 50.0 50.0 50.0 50.0 50.0 50.0 50.0 50.0 50.0 50.0 50.0 50.0 50.0 50.0 50.0 50.0 50.0 50.0 50.0 50.0 50.0 50.0 50.0 50.0 50.0 50.0 50.0 50.0 50.0 50.0 50.0 50.0 
# name: reacPower
# type: matrix
# rows: 1
# columns: 359
 -4.554 -4.554 -4.554 -4.554 -4.554 -4.554 -4.554 -4.554 -4.554 -4.554 -4.658 -4.658 -4.554 -4.554 -4.554 -4.554 -4.658 -4.658 -4.658 -4.658 -4.658 -4.554 -4.658 -4.658 -4.658 -4.658 -4.658 -4.658 -4.658 -4.658 -4.554 -4.658 -4.658 -4.658 -4.658 -4.658 -4.658 -4.658 -4.658 -4.658 -4.658 -4.658 -4.658 -4.658 -4.658 -4.658 -4.658 -4.658 -4.554 -4.14 -4.968 -6.314 -6.107 -6.314 -6.418 -6.211 -6.728 -6.625 -6.418 -6.418 -7.66 -6.418 -7.453 -7.246 -6.625 -6.418 -6.832 -5.797 -5.9 -7.556 -6.625 -6.107 -6.521 -6.314 -7.039 -6.211 -6.211 -6.211 -6.832 -6.521 -6.418 -4.451 -4.554 -4.554 -4.658 -4.658 -4.658 -4.658 -4.658 -4.658 -4.658 -4.658 -4.658 -4.658 -4.658 -4.658 -4.658 -4.658 -4.658 -4.658 -4.658 -4.658 -4.658 -4.658 -4.658 -4.658 -4.658 -4.658 -4.658 -4.658 -4.658 -4.554 -4.658 -4.658 -4.658 -4.347 -7.142 -4.761 -6.004 -4.865 -6.004 -5.9 -6.107 -6.107 -6.107 -6.418 -6.418 -6.625 -6.314 -7.867 -7.66 -6.211 -7.039 -6.832 -6.004 -6.832 -6.418 -6.935 -6.418 -6.728 -7.142 -6.625 -6.004 -6.418 -6.211 -6.211 -6.625 -5.59 -5.693 -6.625 -6.418 -5.797 -5.486 -6.521 -5.59 -6.728 -6.521 -6.211 -6.521 -6.314 -7.039 -6.625 -6.521 -6.107 -6.418 -7.246 -6.004 -6.521 -6.004 -6.107 -6.004 -5.9 -6.004 -6.107 -6.107 -6.107 -6.211 -6.211 -6.625 -6.314 -6.107 -6.004 -4.658 -4.658 -4.658 -4.658 -4.658 -4.658 -4.658 -4.658 -4.658 -4.658 -4.658 -4.658 -4.658 -4.658 -4.658 -4.658 -4.658 -4.658 -4.658 -4.658 -4.658 -4.658 -4.658 -4.658 -4.658 -4.658 -4.658 -4.658 -4.658 -4.658 -4.658 -4.658 -4.658 -4.658 -4.658 -4.658 -4.658 -4.658 -4.658 -4.658 -4.658 -4.658 -4.761 -4.761 -4.658 -4.761 -4.761 -4.658 -4.658 -4.658 -4.658 -4.658 -4.658 -4.658 -4.658 -4.658 -4.244 -4.968 -6.625 -6.314 -6.314 -6.211 -6.107 -6.211 -6.107 -6.107 -6.107 -6.314 -6.107 -6.211 -6.211 -6.211 -6.211 -6.314 -6.625 -7.453 -7.971 -6.728 -6.935 -6.625 -6.418 -7.142 -7.349 -6.418 -6.211 -6.935 -6.418 -6.211 -6.211 -6.625 -6.418 -6.418 -6.314 -6.418 -6.418 -6.418 -6.418 -6.314 -6.418 -6.728 -6.521 -6.418 -6.418 -6.418 -6.418 -6.418 -6.418 -6.521 -6.418 -6.728 -7.349 -6.314 -6.418 -6.935 -6.418 -7.556 -7.246 -7.867 -7.142 -6.832 -6.832 -6.521 -6.521 -6.521 -4.554 -4.554 -4.554 -4.554 -4.451 -4.554 -4.554 -4.554 -4.451 -4.554 -4.554 -4.554 -4.554 -4.554 -4.554 -4.554 -4.554 -4.554 -4.554 -4.554 -4.451 -4.451 -4.554 -4.451 -4.451 -4.554 -4.554 -4.554 -4.554 -4.554 -4.554 -4.554 -4.554 -4.554 -4.554 -4.554 -4.554 -4.554 -4.554 -4.554 -4.554 -4.554 -4.554 -4.554 -4.554 -4.554 -4.554 -4.451 -4.451 -4.554 -4.554 -4.554 -4.554 
