# name: phAngle
# type: matrix
# rows: 1
# columns: 353
 271 272 271 272 272 271 271 271 271 271 272 272 272 271 271 271 272 272 271 272 271 271 271 272 271 271 271 272 272 271 272 272 272 272 272 271 271 272 272 271 272 272 271 272 272 271 271 271 272 271 271 271 271 272 272 272 272 271 272 271 272 271 271 271 272 272 271 272 271 272 271 272 272 272 271 272 272 272 272 272 271 271 271 272 272 272 271 271 313 346 346 346 346 347 347 347 347 347 347 347 347 347 347 347 347 347 347 347 347 347 347 347 347 347 347 347 347 347 347 347 347 347 347 347 347 347 347 347 347 347 347 347 347 347 347 347 347 347 347 347 347 347 347 347 347 347 347 347 347 347 347 347 347 347 347 347 347 347 347 347 347 347 347 347 347 347 347 347 347 347 347 347 347 347 347 347 347 347 347 347 347 347 347 347 347 347 347 347 347 347 347 347 347 347 347 347 347 347 347 347 347 347 347 347 347 347 347 347 347 347 347 347 347 347 347 347 347 347 347 347 347 347 347 347 347 347 347 347 347 347 347 347 347 347 347 347 347 347 347 347 347 347 347 347 347 347 347 347 347 347 347 347 346 315 315 315 315 315 315 315 315 315 315 315 315 315 315 315 315 315 315 315 315 315 315 315 315 315 315 315 315 346 347 347 347 347 347 347 347 347 347 347 347 347 347 347 347 347 347 347 347 347 347 347 347 347 347 347 347 347 347 347 347 347 347 347 347 347 347 347 347 347 347 347 347 347 347 347 347 347 347 347 347 347 347 347 270 270 270 272 271 271 271 272 271 271 272 272 272 271 272 272 271 
# name: freq
# type: matrix
# rows: 1
# columns: 353
 50.0 50.0 50.0 50.0 50.0 50.0 50.0 50.0 50.0 50.0 50.0 50.0 50.0 50.0 50.0 50.0 50.0 50.0 50.0 50.0 50.0 50.0 50.0 50.0 50.0 50.1 50.0 50.0 50.0 50.0 50.0 50.0 50.0 50.0 50.0 50.0 50.0 50.0 50.0 50.1 50.1 50.1 50.1 50.1 50.0 50.0 50.0 50.0 50.0 50.1 50.0 50.0 50.0 50.0 50.0 50.0 50.0 50.0 50.0 50.0 50.0 50.0 50.0 50.0 50.0 50.0 50.0 50.0 50.0 50.0 50.0 50.0 50.0 50.0 50.0 50.0 50.0 50.0 50.0 50.0 50.0 50.0 50.0 50.0 50.0 50.0 50.0 50.0 50.0 50.0 50.0 50.0 50.0 50.0 50.0 50.0 50.0 50.0 50.0 50.0 50.0 50.0 50.0 50.0 50.0 50.0 50.0 50.0 50.0 50.0 50.0 50.0 50.0 50.0 50.0 50.0 50.0 50.0 50.0 50.0 50.0 50.0 50.0 50.0 50.0 50.0 50.0 50.0 50.0 50.0 50.0 50.0 50.0 50.0 50.0 50.0 50.0 50.0 50.0 50.0 50.0 50.0 50.0 50.0 50.0 50.0 50.0 50.0 50.0 50.0 50.0 50.0 50.0 50.0 50.0 50.0 50.0 50.0 50.0 50.0 50.0 50.0 50.0 50.0 50.0 50.0 50.0 50.0 50.0 50.0 50.0 50.0 50.0 50.0 50.0 50.0 50.0 50.0 50.0 50.0 50.0 50.0 50.0 50.0 50.0 50.0 50.0 50.0 50.0 50.0 50.0 50.0 50.0 50.0 50.0 50.0 50.0 50.0 50.0 50.0 50.0 50.0 50.0 50.0 50.0 50.0 50.0 50.0 50.0 50.0 50.0 50.0 50.0 50.0 50.0 50.0 50.0 50.0 50.0 50.0 50.0 50.0 50.0 50.0 50.0 50.0 50.0 50.0 50.0 50.0 50.0 50.0 50.0 50.0 50.0 50.0 50.0 50.0 50.0 50.0 50.0 50.0 50.0 50.0 50.0 50.0 50.0 50.0 50.0 50.0 50.0 50.0 50.0 50.0 50.0 50.0 50.0 50.0 50.0 50.0 50.0 50.0 50.0 50.0 50.0 50.0 50.0 50.0 50.1 50.0 50.0 50.0 50.0 50.0 50.0 50.0 50.0 50.0 50.0 50.0 50.1 50.0 50.0 50.0 50.0 50.0 50.0 50.0 50.0 50.0 50.0 50.0 50.0 50.0 50.0 50.0 50.0 50.0 50.0 50.0 50.0 50.0 50.0 50.0 50.0 50.0 50.0 50.0 50.0 50.0 50.0 50.0 50.0 50.0 50.0 50.0 50.0 50.0 50.0 50.0 50.0 50.0 50.0 50.0 50.0 50.0 50.0 50.0 50.0 50.0 50.0 50.0 50.0 50.0 50.0 50.0 50.0 50.0 50.0 49.9 50.0 50.0 50.0 50.0 50.0 50.0 50.0 50.0 50.0 50.0 50.0 50.0 50.0 
# name: reacPower
# type: matrix
# rows: 1
# columns: 353
 -9.213 -9.213 -9.213 -9.213 -9.213 -9.213 -9.213 -9.213 -9.213 -9.213 -9.213 -9.213 -9.213 -9.213 -9.213 -9.213 -9.213 -9.213 -9.213 -9.213 -9.213 -9.213 -9.213 -9.213 -9.213 -9.213 -9.213 -9.213 -9.213 -9.213 -9.213 -9.213 -9.213 -9.213 -9.213 -9.213 -9.213 -9.213 -9.213 -9.213 -9.213 -9.213 -9.213 -9.213 -9.213 -9.213 -9.213 -9.213 -9.213 -9.213 -9.213 -9.213 -9.213 -9.213 -9.213 -9.213 -9.213 -9.213 -9.213 -9.109 -9.109 -9.109 -9.006 -9.109 -9.006 -9.006 -9.006 -9.006 -9.006 -9.006 -9.006 -9.006 -9.006 -9.006 -9.006 -9.006 -9.006 -9.006 -9.006 -9.109 -9.109 -9.006 -9.109 -9.109 -9.109 -9.109 -9.006 -9.006 -29.296 -45.652 -45.963 -46.066 -45.963 -46.066 -46.273 -46.377 -46.273 -46.17 -45.859 -46.377 -46.377 -46.17 -46.377 -46.273 -46.377 -46.273 -46.17 -46.273 -46.066 -46.066 -46.273 -46.48 -46.48 -46.377 -46.377 -46.377 -46.791 -46.377 -46.377 -46.791 -46.48 -46.584 -46.48 -46.584 -46.377 -46.48 -46.48 -46.377 -46.377 -46.273 -46.48 -46.48 -46.377 -46.48 -46.584 -46.377 -46.48 -46.584 -46.48 -46.48 -46.377 -46.377 -46.377 -46.48 -46.48 -46.273 -46.48 -46.377 -46.48 -46.48 -46.377 -46.48 -46.584 -46.48 -46.48 -46.687 -46.584 -46.377 -46.377 -46.48 -46.48 -46.584 -46.584 -46.584 -46.377 -46.584 -46.48 -46.687 -46.273 -46.066 -46.273 -46.066 -46.066 -46.17 -46.066 -46.17 -46.066 -46.273 -46.48 -46.377 -46.377 -45.963 -45.859 -45.963 -46.066 -45.963 -46.17 -46.17 -46.066 -46.066 -45.859 -46.066 -46.17 -46.17 -46.17 -46.17 -46.273 -46.273 -46.273 -46.584 -45.963 -46.273 -46.17 -46.17 -46.17 -46.17 -46.17 -45.963 -46.273 -46.273 -46.273 -46.17 -46.273 -46.066 -46.17 -46.066 -46.17 -46.377 -46.273 -46.17 -46.17 -46.066 -46.17 -46.17 -46.17 -46.377 -46.273 -46.273 -46.377 -46.377 -46.377 -46.377 -46.273 -46.377 -46.273 -46.273 -46.273 -46.17 -46.066 -46.17 -46.066 -46.17 -46.066 -46.17 -46.17 -46.273 -46.273 -46.066 -46.066 -45.963 -45.859 -45.859 -45.548 -31.884 -31.884 -31.884 -31.884 -31.987 -31.987 -31.884 -31.884 -31.884 -31.987 -31.884 -31.884 -31.987 -31.884 -31.884 -31.884 -31.78 -31.884 -31.884 -31.884 -31.884 -31.884 -31.884 -31.884 -31.78 -31.78 -31.884 -31.884 -46.066 -46.17 -46.17 -46.273 -46.273 -46.17 -46.273 -46.273 -46.377 -46.273 -46.17 -46.273 -46.17 -46.377 -46.17 -46.066 -45.859 -46.066 -46.273 -46.273 -46.17 -46.48 -46.273 -46.17 -46.273 -46.273 -46.066 -46.273 -46.273 -46.273 -46.273 -46.17 -46.17 -46.273 -46.273 -46.273 -46.17 -46.17 -46.17 -46.066 -46.17 -46.17 -46.17 -45.963 -46.066 -45.963 -46.17 -46.066 -46.066 -45.859 -45.859 -45.756 -45.859 -45.963 -45.859 -9.006 -9.006 -9.006 -9.006 -9.006 -9.006 -9.006 -9.006 -9.006 -9.006 -9.006 -9.006 -9.006 -9.006 -9.006 -9.006 -9.006 
