# name: phAngle
# type: matrix
# rows: 1
# columns: 356
 271 271 271 271 271 271 271 271 271 271 271 339 343 343 343 343 343 333 341 343 343 343 343 343 343 343 343 343 343 343 343 343 343 343 343 343 343 343 343 343 343 343 343 343 343 343 343 343 343 343 343 343 343 343 343 343 343 343 343 337 333 333 341 343 343 343 343 343 343 343 343 343 343 343 343 343 343 343 343 343 343 343 343 343 343 343 343 343 343 343 343 343 343 343 343 343 343 343 343 343 343 343 343 343 343 343 343 343 343 343 343 343 343 343 343 343 343 343 343 343 343 343 343 343 343 343 343 343 343 343 343 343 343 343 343 343 343 343 343 343 343 343 343 343 343 343 343 343 343 343 343 343 343 343 343 343 343 343 343 343 343 343 343 343 343 343 343 343 343 343 343 343 343 339 343 343 343 343 343 343 343 343 343 343 343 343 343 343 343 343 343 343 343 343 343 343 343 343 343 343 343 343 343 343 343 343 343 341 343 341 341 343 341 339 343 343 341 343 343 343 343 343 343 343 343 343 343 343 343 343 343 343 343 343 343 343 343 343 343 343 343 343 343 343 343 343 343 343 343 343 343 343 343 343 343 343 343 343 343 343 343 343 343 343 343 341 343 343 343 343 343 343 343 343 343 343 343 343 343 343 343 343 343 343 343 343 343 343 343 343 343 343 343 343 343 343 343 343 343 343 343 343 343 343 343 343 343 343 343 343 343 343 343 343 343 343 343 343 343 343 343 343 343 343 343 343 343 337 343 343 343 343 343 343 343 343 343 343 343 343 343 271 271 271 271 271 271 271 271 271 271 271 271 271 271 271 
# name: freq
# type: matrix
# rows: 1
# columns: 356
 50.0 50.0 50.0 50.0 50.0 50.0 50.0 50.0 50.0 50.0 50.0 50.0 50.0 50.0 50.0 50.0 50.0 49.9 50.0 50.0 49.9 49.9 49.9 50.0 49.9 49.9 49.9 50.0 50.0 50.0 50.0 50.0 50.0 50.0 50.0 50.0 50.0 50.0 49.9 50.0 50.0 50.0 50.0 50.0 50.0 50.0 50.0 50.0 50.0 50.0 50.0 50.0 50.0 50.0 50.0 50.0 50.0 50.0 50.0 50.0 50.0 50.0 50.0 50.0 50.0 50.0 50.0 50.0 50.0 50.0 50.0 50.0 50.0 50.0 50.0 50.0 50.0 50.0 50.0 50.0 50.0 50.0 50.0 50.0 50.0 50.0 50.0 50.0 50.0 50.0 50.0 50.0 50.0 50.0 50.0 50.0 50.0 50.0 50.0 50.0 50.0 50.0 50.0 50.0 50.0 50.0 50.0 50.0 50.0 50.0 50.0 50.0 50.0 50.0 50.0 50.0 50.0 50.0 50.0 50.0 50.0 50.0 50.0 50.0 50.0 50.0 50.0 50.0 50.0 50.0 50.0 50.0 50.0 50.0 50.0 50.0 50.0 50.0 50.0 50.0 50.0 50.0 50.0 50.0 50.0 50.0 50.0 50.0 50.0 50.0 50.0 50.0 50.0 50.0 50.0 50.0 50.0 50.0 50.0 50.0 50.0 50.0 50.0 50.0 50.0 50.0 50.0 50.0 50.0 50.0 50.0 50.0 50.0 50.0 50.0 50.0 50.0 50.0 50.0 50.0 50.0 50.0 50.0 50.0 50.0 50.0 50.0 50.0 50.0 50.0 50.0 50.0 50.0 50.0 50.0 50.0 50.0 50.0 50.0 50.0 50.0 50.0 50.0 50.0 50.0 50.0 50.0 50.0 50.0 50.0 50.0 50.0 50.0 50.0 50.0 50.0 50.0 50.0 50.0 50.0 50.0 50.0 50.0 50.0 50.0 50.0 50.0 50.0 50.0 50.0 50.0 50.0 50.0 50.0 50.0 50.0 50.0 50.0 50.0 50.0 50.0 50.0 50.0 50.0 50.0 50.0 50.0 50.0 50.0 50.0 50.0 50.0 50.0 50.0 50.0 50.0 50.0 50.0 50.0 50.0 50.0 50.0 50.0 50.0 50.0 50.0 50.0 50.0 50.0 50.0 50.0 50.0 50.0 50.0 50.0 50.0 50.0 50.0 50.0 50.0 50.0 50.0 50.0 50.0 50.0 50.0 50.0 50.0 50.0 50.0 50.0 50.0 50.0 50.0 50.0 50.0 50.0 50.0 50.0 50.0 50.0 50.0 50.0 50.0 50.0 50.0 50.0 50.0 50.0 50.0 50.0 50.0 50.0 50.0 50.0 50.0 50.0 50.0 50.0 50.0 50.0 50.0 50.0 50.0 50.0 50.0 50.0 50.0 50.0 50.0 50.0 50.0 50.0 50.0 50.0 50.0 50.0 50.0 50.0 50.0 50.0 50.0 50.0 50.0 50.0 50.0 50.0 50.0 50.0 50.1 50.0 50.0 50.0 50.0 50.0 50.0 
# name: reacPower
# type: matrix
# rows: 1
# columns: 356
 -8.118 -8.118 -8.118 -8.118 -8.118 -8.118 -8.014 -8.118 -8.118 -7.91 -8.014 -7.389 -7.597 -7.493 -7.493 -7.597 -7.597 -7.493 -7.493 -7.597 -7.597 -7.493 -7.493 -7.597 -7.493 -7.493 -7.493 -7.597 -7.597 -7.597 -7.701 -7.493 -7.597 -7.597 -7.493 -7.493 -7.389 -7.389 -7.285 -7.285 -7.389 -7.389 -7.389 -7.389 -7.389 -7.389 -7.493 -7.389 -7.493 -7.493 -7.493 -7.493 -7.493 -7.389 -7.389 -7.493 -7.493 -7.493 -7.493 -7.285 -7.181 -7.285 -7.389 -7.597 -7.597 -7.597 -7.701 -7.597 -7.597 -7.493 -7.493 -7.493 -7.493 -7.597 -7.493 -7.701 -7.701 -7.701 -7.701 -7.701 -7.805 -7.701 -7.805 -7.701 -7.701 -7.805 -7.701 -7.805 -7.701 -7.701 -7.701 -7.597 -7.597 -7.597 -7.597 -7.597 -7.597 -7.597 -7.597 -7.701 -7.597 -7.597 -7.701 -7.701 -7.701 -7.701 -7.701 -7.701 -7.805 -7.701 -7.805 -7.701 -7.701 -7.701 -7.701 -7.597 -7.597 -7.701 -7.701 -7.701 -7.805 -7.701 -7.701 -7.805 -7.701 -7.701 -7.701 -7.701 -7.701 -7.701 -7.701 -7.597 -7.493 -7.389 -7.493 -7.285 -7.285 -7.597 -7.597 -7.597 -7.493 -7.597 -7.493 -7.389 -7.493 -7.389 -7.389 -7.389 -7.285 -7.389 -7.389 -7.493 -7.493 -7.493 -7.493 -7.493 -7.493 -7.389 -7.493 -7.389 -7.493 -7.493 -7.389 -7.389 -7.493 -7.389 -7.493 -7.389 -7.493 -7.389 -7.389 -7.389 -7.389 -7.181 -7.389 -7.389 -7.389 -7.493 -7.493 -7.493 -7.389 -7.493 -7.389 -7.389 -7.389 -7.389 -7.389 -7.389 -7.285 -7.389 -7.285 -7.285 -7.389 -7.389 -7.389 -7.285 -7.285 -7.285 -7.285 -7.285 -7.285 -7.389 -7.285 -7.285 -7.285 -7.285 -7.285 -7.181 -7.285 -7.181 -7.285 -7.389 -7.285 -7.285 -7.389 -7.389 -7.285 -7.389 -7.493 -7.389 -7.389 -7.285 -7.389 -7.493 -7.389 -7.493 -7.389 -7.493 -7.493 -7.389 -7.493 -7.389 -7.493 -7.493 -7.493 -7.493 -7.493 -7.493 -7.389 -7.493 -7.493 -7.493 -7.597 -7.597 -7.389 -7.389 -7.389 -7.389 -7.389 -7.285 -7.389 -7.181 -7.181 -7.181 -7.181 -7.181 -7.285 -7.285 -7.181 -7.285 -7.181 -7.181 -7.181 -7.181 -7.285 -7.077 -7.285 -7.285 -7.285 -7.389 -7.285 -7.285 -7.285 -7.389 -7.389 -7.389 -7.285 -7.389 -7.285 -7.285 -7.389 -7.285 -7.389 -7.493 -7.389 -7.493 -7.389 -7.389 -7.389 -7.389 -7.389 -7.285 -7.389 -7.389 -7.493 -7.389 -7.389 -7.389 -7.285 -7.389 -7.285 -7.389 -7.285 -7.389 -7.285 -7.389 -7.389 -7.389 -7.389 -7.389 -7.493 -7.493 -7.389 -7.493 -7.389 -7.493 -7.389 -7.389 -7.389 -7.389 -7.389 -7.389 -7.285 -7.389 -7.285 -7.285 -7.285 -7.181 -7.285 -7.285 -7.389 -7.389 -7.285 -7.285 -7.285 -7.285 -7.285 -7.181 -7.181 -7.181 -7.285 -8.014 -8.014 -8.014 -8.118 -8.014 -8.014 -8.014 -8.014 -8.014 -8.118 -8.118 -8.118 -8.118 -8.118 -8.118 
