# name: phAngle
# type: matrix
# rows: 1
# columns: 357
 271 271 271 271 271 271 271 271 271 272 271 271 271 271 272 271 271 271 271 271 271 271 271 271 271 271 271 271 271 271 271 271 271 271 271 271 271 271 271 271 271 271 271 271 271 271 271 271 271 271 271 271 271 271 271 271 271 271 271 271 271 271 271 271 271 271 271 271 271 271 271 271 271 271 271 271 271 271 271 271 271 271 271 271 271 271 271 271 271 271 271 271 271 271 271 271 271 271 271 271 271 271 271 271 271 271 271 271 271 271 271 271 271 271 271 271 271 271 271 271 271 271 271 271 271 271 271 271 271 271 271 271 271 271 271 271 271 271 271 271 271 271 271 271 271 271 271 271 271 271 271 271 319 325 347 347 347 347 347 347 347 347 347 347 347 347 347 347 347 347 347 347 346 347 344 347 345 347 347 347 344 346 346 347 347 346 347 347 347 347 347 347 347 347 347 347 347 347 347 347 347 347 347 347 347 347 347 347 347 347 347 347 347 347 347 347 347 347 347 347 347 347 347 347 347 347 347 347 347 347 347 347 347 347 347 347 347 347 347 347 347 347 347 347 347 347 347 347 347 347 347 346 347 347 347 347 347 347 347 347 347 347 347 347 347 347 347 347 347 347 347 347 347 347 347 347 347 347 347 347 347 347 347 347 347 347 347 347 347 347 347 347 347 347 347 347 347 347 347 347 347 347 347 347 347 347 347 347 347 347 347 347 347 347 347 347 347 347 347 347 347 347 347 347 347 347 347 347 347 347 347 347 347 347 347 347 347 347 347 347 347 347 347 347 347 347 347 347 347 347 347 347 347 347 347 347 347 
# name: freq
# type: matrix
# rows: 1
# columns: 357
 50.0 50.0 50.0 50.0 50.0 50.0 50.0 50.0 50.0 50.0 50.0 50.0 50.0 50.0 50.0 50.0 50.0 50.0 50.0 50.0 50.0 50.0 50.0 50.0 50.0 50.0 50.0 50.0 50.0 50.0 50.0 50.0 50.0 50.0 50.0 50.0 50.0 50.0 50.0 50.0 50.0 50.0 50.0 50.0 50.0 50.0 50.0 50.0 50.0 50.0 50.0 50.0 50.0 50.0 50.0 50.0 50.0 50.0 50.0 50.0 50.0 50.0 50.0 50.0 50.0 50.0 50.0 50.0 50.0 50.0 50.0 50.0 50.0 50.0 50.0 50.0 50.0 50.0 50.0 50.0 50.0 50.0 50.0 50.0 50.0 50.0 50.0 50.0 50.0 50.0 50.0 50.0 50.0 50.0 50.0 50.0 50.0 50.0 50.0 50.0 50.0 50.0 50.0 50.0 50.0 50.0 50.0 50.0 50.0 50.0 50.0 50.0 50.0 50.0 50.0 50.0 50.0 50.0 50.0 50.0 50.0 50.0 50.0 50.0 50.0 50.0 50.0 50.0 50.0 50.0 50.0 50.0 50.0 50.0 50.0 50.0 50.0 50.0 50.0 50.0 50.0 50.0 50.0 50.0 50.0 50.0 50.0 50.0 50.0 50.0 50.0 50.0 50.0 50.0 50.0 50.0 50.0 50.0 50.0 50.0 50.0 50.0 50.0 50.0 50.0 50.0 50.0 50.0 50.0 50.0 50.0 50.0 50.0 50.0 50.0 50.0 50.0 50.0 50.0 50.0 50.0 50.0 50.0 50.0 50.0 50.0 50.0 50.0 50.0 50.0 50.0 50.0 50.0 50.0 50.0 50.0 50.0 50.0 50.0 50.0 50.0 50.0 50.0 50.0 50.0 50.0 50.0 50.0 50.0 50.0 50.0 50.0 50.0 50.0 50.0 50.0 50.0 50.0 50.0 50.0 50.0 50.0 50.0 50.0 50.0 50.0 50.0 50.0 50.0 50.0 50.0 50.0 50.0 50.0 50.0 50.0 50.0 50.0 50.0 50.0 50.0 50.0 50.0 50.0 50.0 50.0 50.0 50.0 50.0 50.0 50.0 50.0 50.0 50.0 50.0 50.0 50.0 50.0 50.0 50.0 50.0 50.0 50.0 50.0 50.0 50.0 50.0 50.0 50.0 50.0 50.0 50.0 50.0 50.0 50.0 50.0 50.0 50.0 50.0 50.0 50.0 50.0 50.0 50.0 50.0 50.0 50.0 50.0 50.0 50.0 50.0 50.0 50.0 50.0 50.0 50.0 50.0 50.0 50.0 50.0 50.0 50.0 50.0 50.0 50.0 50.0 50.0 50.0 50.0 50.0 50.0 50.0 50.0 50.0 50.0 50.0 50.0 50.0 50.0 50.0 50.0 50.0 50.0 50.0 50.0 50.0 50.0 50.0 50.0 50.0 50.0 50.0 50.0 50.0 50.0 50.0 50.0 50.0 50.0 50.0 50.0 50.0 50.0 50.0 50.0 50.0 50.0 50.0 50.0 50.0 50.0 50.0 50.0 50.0 50.0 50.0 50.0 
# name: reacPower
# type: matrix
# rows: 1
# columns: 357
 -11.969 -12.073 -12.073 -12.073 -12.073 -12.073 -12.073 -12.073 -12.073 -12.073 -12.073 -11.969 -12.073 -12.073 -11.969 -12.073 -12.073 -12.073 -12.073 -12.073 -11.969 -12.073 -11.969 -12.073 -12.073 -12.073 -11.969 -11.969 -11.969 -11.969 -11.969 -11.969 -11.969 -11.969 -12.073 -12.073 -11.969 -11.969 -12.073 -11.969 -11.969 -11.969 -11.969 -11.969 -11.969 -11.969 -12.073 -12.073 -11.969 -12.073 -12.073 -12.073 -12.073 -12.073 -11.969 -12.073 -11.969 -11.969 -12.073 -12.073 -11.969 -11.969 -11.969 -11.969 -12.073 -12.073 -12.073 -11.969 -11.969 -11.969 -12.073 -11.969 -11.969 -12.073 -12.073 -11.969 -11.969 -11.969 -11.865 -11.969 -11.865 -11.865 -11.865 -11.865 -11.865 -11.969 -11.969 -11.969 -11.969 -11.969 -11.969 -11.969 -11.969 -11.969 -11.969 -11.969 -11.969 -11.969 -11.969 -11.969 -11.969 -11.969 -11.969 -11.969 -11.969 -11.969 -11.969 -11.969 -11.969 -11.969 -11.969 -11.969 -11.969 -11.969 -11.969 -11.969 -11.969 -11.969 -11.969 -11.969 -11.969 -11.969 -11.969 -11.969 -11.969 -11.969 -11.969 -11.969 -11.969 -11.969 -11.969 -11.969 -11.969 -11.969 -11.969 -11.969 -11.969 -11.969 -11.969 -11.969 -11.969 -11.969 -11.969 -11.969 -11.969 -11.969 -11.969 -11.969 -11.969 -11.969 -11.969 -11.969 -15.611 -15.299 -21.544 -21.544 -21.544 -21.336 -21.44 -21.544 -21.544 -21.544 -21.544 -21.544 -21.544 -21.544 -21.544 -21.544 -21.648 -21.44 -21.44 -21.544 -21.128 -21.44 -20.295 -21.544 -20.607 -21.44 -21.336 -21.44 -20.503 -21.024 -21.232 -21.232 -21.44 -21.128 -21.44 -21.544 -21.44 -21.544 -21.44 -21.544 -21.44 -21.44 -21.336 -21.336 -21.336 -21.336 -21.44 -21.44 -21.336 -21.44 -21.232 -21.232 -21.336 -21.336 -21.336 -21.336 -21.44 -21.232 -21.336 -21.336 -21.232 -21.232 -21.336 -21.232 -21.336 -21.232 -21.232 -21.232 -21.232 -21.336 -21.336 -21.44 -21.44 -21.44 -21.44 -21.544 -21.44 -21.44 -21.44 -21.44 -21.544 -21.336 -21.336 -21.44 -21.232 -21.336 -21.336 -21.44 -21.232 -21.44 -21.44 -21.544 -21.544 -21.544 -21.44 -21.544 -21.232 -21.336 -21.44 -21.232 -21.44 -21.544 -21.44 -21.44 -21.44 -21.544 -21.44 -21.44 -21.44 -21.44 -21.336 -21.44 -21.544 -21.44 -21.44 -21.232 -21.44 -21.544 -21.544 -21.544 -21.44 -21.544 -21.544 -21.44 -21.44 -21.44 -21.44 -21.336 -21.336 -21.44 -21.44 -21.544 -21.44 -21.336 -21.44 -21.44 -21.44 -21.544 -21.44 -21.544 -21.44 -21.44 -21.44 -21.44 -21.44 -21.44 -21.44 -21.44 -21.544 -21.44 -21.44 -21.44 -21.44 -21.544 -21.44 -21.44 -21.336 -21.024 -21.336 -21.44 -21.44 -21.44 -21.544 -21.44 -21.44 -21.44 -21.544 -21.544 -21.44 -21.44 -21.44 -21.44 -21.128 -21.336 -21.232 -21.336 -21.336 -21.232 -21.44 -21.44 -21.336 -21.336 -21.232 -21.232 -21.232 -21.336 -21.336 -21.232 -21.544 -21.44 -21.232 -21.336 -21.336 -21.336 -21.232 -21.336 -21.336 -21.44 -21.44 -21.336 -21.44 -21.336 -21.44 -21.44 -21.44 
