# name: phAngle
# type: matrix
# rows: 1
# columns: 360
 272 272 272 297 346 343 343 343 343 343 343 343 343 343 343 343 343 343 347 343 343 347 343 343 343 343 343 343 343 343 343 343 343 343 343 343 343 343 343 343 343 343 343 343 343 343 343 343 343 343 343 343 343 343 343 343 343 343 343 343 343 343 343 343 343 343 343 343 343 343 343 343 343 343 343 343 343 343 343 343 343 343 343 343 343 347 343 343 315 272 272 272 272 272 272 272 272 273 272 272 272 272 272 272 272 272 272 272 272 272 272 272 272 272 272 272 272 272 272 272 272 272 272 272 272 273 272 272 272 272 272 273 272 272 272 272 272 272 272 272 272 272 272 272 272 272 272 272 272 272 272 272 272 272 272 272 272 273 272 272 272 272 272 272 272 272 272 272 272 272 272 272 272 272 272 272 273 272 272 272 273 272 272 272 272 272 272 272 272 272 272 272 272 272 272 272 272 272 272 272 272 272 272 272 272 272 272 272 272 272 272 272 272 272 272 272 272 272 272 272 272 272 272 272 273 272 272 272 272 272 272 272 297 346 343 347 343 343 343 343 347 347 343 343 347 343 343 343 343 343 343 343 343 343 343 347 343 343 343 347 343 347 347 343 347 347 347 343 343 347 343 343 347 347 347 347 347 347 347 347 343 343 343 343 347 347 347 343 343 343 343 343 343 343 347 347 347 347 347 347 343 343 343 343 343 343 343 343 343 343 343 343 343 343 343 343 343 343 343 343 343 343 343 343 343 343 343 343 343 343 343 343 343 343 343 347 343 347 347 343 343 343 343 343 343 343 343 343 343 343 343 347 347 347 343 343 343 347 347 343 
# name: freq
# type: matrix
# rows: 1
# columns: 360
 50.0 50.0 50.0 50.0 50.0 50.0 50.0 50.0 50.0 50.0 50.0 50.0 50.0 50.0 50.0 50.0 50.0 50.0 50.0 50.0 50.0 50.0 50.0 50.0 50.0 50.0 50.0 50.0 50.0 50.0 50.0 50.0 50.0 50.0 50.0 50.0 50.0 50.0 50.0 50.0 50.0 50.0 50.0 50.0 50.0 50.0 50.0 50.0 50.0 50.0 50.0 50.0 50.0 50.0 50.0 50.0 50.0 50.0 50.0 50.0 50.0 50.0 50.0 50.0 50.0 50.0 50.0 50.0 50.0 50.0 50.0 50.0 50.0 50.0 50.0 50.0 50.0 50.0 50.0 50.0 50.0 50.0 50.0 50.0 50.0 50.0 50.0 50.0 50.0 50.0 50.0 50.0 50.0 50.0 50.0 50.0 50.0 50.0 50.0 50.0 50.0 50.0 50.0 50.0 50.0 50.0 50.0 50.0 50.0 50.0 50.0 50.0 50.0 50.0 50.0 50.0 50.0 50.0 50.0 50.0 50.0 50.0 50.1 50.0 50.0 50.1 50.0 50.0 50.0 50.0 50.0 50.1 50.1 50.1 50.1 50.0 50.0 50.1 50.0 50.1 50.1 50.0 50.1 50.1 50.1 50.0 50.1 50.0 50.1 50.1 50.0 50.0 50.1 50.1 50.1 50.1 50.0 50.0 50.0 50.0 50.0 50.0 50.1 50.0 50.1 50.0 50.0 50.0 50.0 50.0 50.0 50.0 50.0 50.1 50.0 50.0 50.0 50.0 50.0 50.1 50.0 50.0 50.1 50.1 50.1 50.0 50.0 50.0 50.1 50.1 50.0 50.0 50.0 50.0 50.0 50.0 50.1 50.0 50.1 50.1 50.1 50.0 50.0 50.0 50.0 50.0 50.0 50.0 50.0 50.0 50.0 50.0 50.0 50.0 50.0 50.0 50.0 50.0 50.0 50.0 50.0 50.0 50.0 50.0 50.0 50.0 50.0 50.0 50.0 50.0 50.0 50.0 50.0 50.0 50.0 50.0 50.0 50.0 50.0 50.0 50.0 50.0 50.0 50.0 50.0 50.0 50.0 50.0 50.0 50.0 50.0 50.0 50.0 50.0 50.0 50.0 50.0 50.0 50.0 50.0 50.0 50.0 50.0 50.0 50.0 50.0 50.0 50.0 50.1 50.0 50.1 50.1 50.0 50.0 50.0 50.0 50.0 50.0 50.0 50.0 50.0 50.0 50.0 50.0 50.0 50.0 50.0 50.0 50.0 50.0 50.0 50.0 50.0 50.0 50.0 50.0 50.0 50.0 50.0 50.0 50.0 50.0 50.0 50.0 50.0 50.0 50.0 50.0 50.0 50.0 50.0 50.0 50.0 50.0 50.0 50.0 50.0 50.0 50.0 50.0 50.0 50.0 50.0 50.0 50.0 50.0 50.0 50.0 50.0 50.0 50.0 50.0 50.0 50.0 50.0 50.0 50.0 50.0 50.0 50.0 50.0 50.0 50.0 50.0 50.0 50.0 50.0 50.0 50.0 50.0 50.0 50.0 50.0 50.0 50.0 50.0 50.0 50.0 50.0 50.0 
# name: reacPower
# type: matrix
# rows: 1
# columns: 360
 -4.865 -4.968 -4.865 -4.658 -8.178 -8.281 -8.695 -8.592 -8.281 -8.281 -8.281 -8.385 -8.385 -8.385 -8.281 -8.281 -8.281 -8.281 -8.178 -8.281 -8.281 -8.178 -8.592 -8.281 -8.281 -8.178 -8.281 -8.281 -8.281 -8.281 -8.281 -8.281 -8.281 -8.281 -8.385 -8.281 -8.281 -8.281 -8.385 -8.385 -8.385 -8.488 -8.488 -8.281 -8.281 -8.385 -8.385 -8.281 -8.281 -8.281 -8.281 -8.385 -8.385 -8.385 -8.385 -8.385 -8.695 -8.592 -8.385 -8.695 -8.592 -8.385 -8.592 -8.281 -8.281 -8.281 -8.799 -8.695 -8.281 -8.592 -8.488 -8.385 -8.281 -8.281 -8.281 -8.281 -8.281 -8.178 -8.281 -8.488 -8.281 -8.281 -8.281 -8.488 -8.281 -8.178 -8.178 -8.281 -4.658 -4.865 -4.865 -4.865 -4.865 -4.865 -4.865 -4.865 -4.865 -4.865 -4.865 -4.865 -4.865 -4.865 -4.865 -4.865 -4.865 -4.865 -4.865 -4.865 -4.865 -4.865 -4.865 -4.865 -4.865 -4.865 -4.865 -4.865 -4.865 -4.865 -4.865 -4.865 -4.865 -4.865 -4.865 -4.865 -4.865 -4.865 -4.865 -4.865 -4.865 -4.865 -4.865 -4.865 -4.865 -4.865 -4.865 -4.865 -4.865 -4.865 -4.865 -4.968 -4.865 -4.865 -4.865 -4.968 -4.968 -4.865 -4.865 -4.865 -4.865 -4.865 -4.865 -4.968 -4.968 -4.968 -4.865 -4.865 -4.865 -4.865 -4.865 -4.865 -4.865 -4.865 -4.865 -4.865 -4.865 -4.865 -4.865 -4.865 -4.865 -4.865 -4.865 -4.865 -4.865 -4.865 -4.865 -4.865 -4.865 -4.865 -4.865 -4.865 -4.865 -4.865 -4.865 -4.865 -4.865 -4.865 -4.865 -4.865 -4.865 -4.865 -4.865 -4.865 -4.865 -4.865 -4.865 -4.865 -4.865 -4.865 -4.865 -4.865 -4.968 -4.865 -4.865 -4.865 -4.865 -4.865 -4.865 -4.865 -4.865 -4.865 -4.865 -4.865 -4.865 -4.865 -4.865 -4.865 -4.865 -4.865 -4.865 -4.865 -4.968 -4.865 -4.865 -4.865 -4.865 -4.865 -4.865 -4.865 -4.865 -4.865 -4.865 -4.761 -4.554 -8.074 -8.281 -8.178 -8.281 -8.178 -8.281 -8.281 -8.178 -8.178 -8.488 -8.281 -8.178 -8.281 -8.385 -8.281 -8.488 -8.488 -8.178 -8.281 -8.178 -8.281 -8.488 -8.178 -8.281 -8.592 -8.281 -8.178 -8.178 -8.178 -8.178 -8.281 -8.074 -8.178 -8.074 -8.488 -8.385 -8.074 -8.488 -8.281 -8.178 -8.074 -8.074 -8.178 -8.074 -8.074 -8.074 -8.074 -8.178 -8.178 -8.592 -8.385 -8.178 -8.178 -8.074 -8.488 -8.178 -8.281 -8.281 -8.281 -8.281 -8.281 -8.178 -8.178 -8.178 -8.074 -8.178 -8.074 -8.281 -8.281 -8.281 -8.281 -8.281 -8.385 -8.592 -8.488 -8.385 -8.281 -8.385 -8.488 -8.592 -8.385 -8.281 -8.902 -8.592 -8.281 -8.281 -8.799 -8.592 -8.281 -8.385 -8.695 -8.281 -8.281 -8.695 -8.592 -8.281 -8.592 -8.281 -8.281 -8.281 -8.281 -8.281 -8.178 -8.281 -8.178 -8.178 -8.281 -8.385 -8.385 -8.281 -8.281 -8.281 -8.592 -8.488 -8.488 -8.281 -8.178 -8.385 -8.074 -8.074 -8.178 -8.281 -8.281 -8.488 -8.178 -8.178 -8.281 
