# name: phAngle
# type: matrix
# rows: 1
# columns: 359
 346 346 346 342 341 346 346 346 346 346 346 346 346 346 346 346 346 346 346 346 347 347 347 347 347 347 347 347 346 346 346 346 347 347 346 346 346 346 346 346 346 346 346 346 346 346 346 346 346 346 346 346 346 346 346 346 346 346 346 346 346 346 346 342 343 346 346 339 346 346 346 346 346 345 346 336 344 346 340 346 346 336 346 346 346 346 346 346 346 340 346 343 335 346 346 346 346 346 346 346 347 347 347 347 347 347 347 347 347 0 0 0 0 0 0 0 0 0 0 0 0 0 0 0 0 0 0 0 0 0 0 0 0 0 0 0 0 0 0 0 0 0 0 0 0 0 0 0 0 0 0 0 0 0 0 0 0 0 0 0 0 0 341 347 346 346 346 346 346 346 346 336 346 346 346 346 346 346 346 346 346 346 346 346 346 346 343 343 346 346 346 346 346 345 346 346 346 346 339 343 346 346 346 346 346 346 345 346 346 346 346 346 346 346 342 345 346 346 346 346 346 340 341 346 346 345 346 346 346 346 346 336 339 342 345 346 346 336 0 343 344 346 346 346 346 346 346 344 0 0 0 0 0 0 0 0 0 0 0 0 0 0 0 0 0 0 0 0 0 0 0 0 0 0 0 0 0 0 0 0 0 0 0 0 0 0 0 0 0 0 0 0 0 0 0 0 0 0 0 0 0 0 0 0 0 0 0 0 332 346 346 346 346 346 346 346 346 346 0 0 0 0 0 0 0 0 0 0 0 0 0 0 0 0 0 0 0 0 0 0 0 0 0 0 0 0 0 0 0 0 0 0 0 0 0 0 0 0 0 
# name: freq
# type: matrix
# rows: 1
# columns: 359
 50.0 50.0 50.0 50.0 50.0 50.0 50.0 50.0 50.0 50.0 50.0 50.0 50.0 50.0 50.0 50.0 50.0 50.0 50.0 50.0 50.0 50.0 50.0 50.0 50.0 50.0 50.0 50.0 50.0 50.0 50.0 50.0 50.0 50.0 50.0 50.0 50.0 50.0 50.0 50.0 50.0 50.0 50.0 50.0 50.0 50.0 50.0 50.0 50.0 50.0 50.0 50.0 50.0 50.0 50.0 50.0 50.0 50.0 50.0 50.0 50.0 50.0 50.0 50.0 50.0 50.0 50.0 50.0 50.0 50.0 50.0 50.0 50.0 50.0 50.0 50.0 50.0 50.0 50.0 50.0 50.0 50.0 50.0 50.0 50.0 50.0 50.0 50.0 50.0 50.0 50.0 50.0 50.0 50.0 50.0 50.0 50.0 50.0 50.0 50.0 50.0 50.0 50.0 50.0 50.0 50.0 50.0 50.0 50.0 50.0 50.0 50.0 50.0 50.0 50.0 50.0 50.0 50.0 50.0 50.0 50.0 50.0 50.0 50.0 50.0 50.0 50.0 50.0 50.0 50.0 50.0 50.0 50.0 50.0 50.0 50.0 50.0 50.0 50.0 50.0 50.0 50.0 50.0 50.0 50.0 50.0 50.0 50.0 50.0 50.0 50.0 50.0 50.0 50.0 50.0 50.0 50.0 50.0 50.0 50.0 50.0 50.0 50.0 50.0 50.0 50.0 50.0 50.0 50.0 50.0 50.0 50.0 50.0 50.0 50.0 50.0 50.0 50.0 50.0 50.0 50.0 50.0 50.0 50.0 50.0 50.0 50.0 50.0 50.0 50.0 50.0 50.0 50.0 50.0 50.0 50.0 50.0 50.0 50.0 50.0 50.0 50.0 50.0 50.0 50.0 50.0 50.0 50.0 50.0 50.0 50.0 50.0 50.0 50.0 50.0 50.0 50.0 50.0 50.0 50.0 50.0 50.0 50.0 50.0 50.0 50.0 50.0 50.0 50.0 50.0 50.0 50.0 50.0 50.0 50.0 50.0 50.0 50.0 50.0 50.0 50.0 50.0 50.0 50.0 50.0 50.0 50.0 50.0 50.0 50.0 50.0 50.0 50.0 50.0 50.0 50.0 50.0 50.0 50.0 50.0 50.0 50.0 50.0 50.0 50.0 50.0 50.0 50.0 50.0 50.0 50.0 50.0 50.0 50.0 50.0 50.0 50.0 50.0 50.0 50.0 50.0 50.0 50.0 50.0 50.0 50.0 50.0 50.0 50.0 50.0 50.0 50.0 50.0 50.0 50.0 50.0 50.0 50.0 50.0 50.0 50.0 50.0 50.0 50.0 50.0 50.0 50.0 50.0 50.0 50.0 50.0 50.0 50.0 50.0 50.0 50.0 50.0 50.0 50.0 50.0 50.0 50.0 50.0 50.0 50.0 50.0 50.0 50.0 50.0 50.0 50.0 50.0 50.0 50.0 50.0 50.0 50.0 50.0 50.0 50.0 50.0 50.0 50.0 50.0 50.0 50.0 50.0 50.0 50.0 50.0 50.0 50.0 50.0 50.0 50.0 50.0 50.0 50.0 50.0 
# name: reacPower
# type: matrix
# rows: 1
# columns: 359
 -25.466 -25.466 -25.776 -22.774 -22.67 -25.88 -25.983 -26.19 -26.087 -26.087 -25.88 -25.983 -25.983 -26.294 -25.776 -25.569 -25.673 -24.844 -25.258 -25.155 -23.913 -23.602 -23.706 -23.706 -23.602 -24.12 -24.12 -24.12 -25.051 -25.155 -25.051 -24.844 -24.637 -24.534 -24.844 -25.155 -26.19 -25.983 -25.983 -25.88 -25.983 -25.88 -25.88 -26.087 -26.087 -26.087 -25.776 -25.673 -25.673 -25.051 -25.983 -26.19 -26.19 -25.776 -26.19 -25.88 -26.294 -25.88 -25.983 -26.19 -25.88 -25.88 -25.983 -23.085 -22.36 -25.983 -26.087 -21.428 -26.604 -26.19 -26.501 -25.983 -26.604 -24.637 -26.087 -20.704 -23.706 -25.569 -22.256 -26.397 -26.087 -20.911 -25.983 -26.397 -26.397 -25.983 -26.294 -26.501 -26.397 -22.153 -25.466 -23.085 -20.911 -26.397 -26.501 -26.501 -26.294 -25.362 -25.362 -25.155 -24.12 -24.223 -24.43 -24.327 -24.327 -24.327 -24.12 -24.223 -24.12 0.0 0.0 0.0 0.0 0.0 0.0 0.0 0.0 0.0 0.0 0.0 0.0 0.0 0.0 0.0 0.0 0.0 0.0 0.0 0.0 0.0 0.0 0.0 0.0 0.0 0.0 0.0 0.0 0.0 0.0 0.0 0.0 0.0 0.0 0.0 0.0 0.0 0.0 0.0 0.0 0.0 0.0 0.0 0.0 0.0 0.0 0.0 0.0 0.0 0.0 0.0 0.0 0.0 -20.704 -24.016 -25.362 -24.741 -24.844 -24.948 -25.258 -25.051 -24.948 -19.358 -26.087 -26.19 -26.19 -26.087 -26.087 -25.983 -25.983 -25.983 -25.983 -26.087 -26.087 -26.087 -26.19 -26.19 -24.016 -24.12 -26.087 -26.19 -26.087 -26.19 -26.294 -25.569 -26.294 -25.88 -25.776 -25.673 -20.082 -22.878 -25.673 -25.88 -25.88 -25.88 -25.88 -25.88 -24.948 -25.88 -25.88 -26.087 -26.087 -26.087 -26.087 -26.087 -23.706 -24.534 -25.983 -25.983 -26.087 -25.776 -25.776 -21.635 -22.463 -25.776 -25.88 -25.466 -25.776 -25.88 -25.569 -25.983 -26.087 -18.426 -19.461 -23.499 -25.362 -25.569 -25.88 -20.082 0.0 -22.049 -22.153 -24.948 -24.948 -25.258 -25.155 -24.948 -25.051 -21.946 0.0 0.0 0.0 0.0 0.0 0.0 0.0 0.0 0.0 0.0 0.0 0.0 0.0 0.0 0.0 0.0 0.0 0.0 0.0 0.0 0.0 0.0 0.0 0.0 0.0 0.0 0.0 0.0 0.0 0.0 0.0 0.0 0.0 0.0 0.0 0.0 0.0 0.0 0.0 0.0 0.0 0.0 0.0 0.0 0.0 0.0 0.0 0.0 0.0 0.0 0.0 0.0 0.0 0.0 0.0 0.0 0.0 0.0 0.0 0.0 -16.873 -25.983 -26.294 -26.397 -26.087 -25.88 -26.087 -26.19 -26.19 -25.983 0.0 0.0 0.0 0.0 0.0 0.0 0.0 0.0 0.0 0.0 0.0 0.0 0.0 0.0 0.0 0.0 0.0 0.0 0.0 0.0 0.0 0.0 0.0 0.0 0.0 0.0 0.0 0.0 0.0 0.0 0.0 0.0 0.0 0.0 0.0 0.0 0.0 0.0 0.0 0.0 0.0 
# name: power
# type: matrix
# rows: 1
# columns: 359
 98.758 98.551 97.93 70.497 67.805 100.0 101.346 101.449 101.553 101.346 101.449 101.242 100.828 101.035 100.725 100.725 100.725 100.621 100.621 100.414 100.414 100.518 100.518 100.311 100.518 100.518 100.518 100.725 100.828 100.932 100.621 100.932 100.725 99.586 100.621 100.828 101.035 100.932 100.828 100.725 100.828 100.932 100.932 100.932 100.725 100.828 100.932 100.621 100.725 100.725 100.932 100.725 100.932 101.035 100.932 100.932 100.828 100.932 100.828 100.932 100.621 99.379 99.586 74.017 66.149 101.035 101.346 53.727 100.725 100.621 100.414 100.207 100.207 84.265 101.242 46.48 79.296 97.516 59.524 100.725 101.139 47.722 100.725 100.828 101.035 100.725 100.518 100.932 101.346 58.696 97.516 74.431 45.134 100.311 100.414 99.897 100.104 100.311 100.0 100.104 99.897 99.897 99.793 99.586 99.793 100.0 99.586 99.69 99.483 0.0 0.0 0.0 0.0 0.0 0.0 0.0 0.0 0.0 0.0 0.0 0.0 0.0 0.0 0.0 0.0 0.0 0.0 0.0 0.0 0.0 0.0 0.0 0.0 0.0 0.0 0.0 0.0 0.0 0.0 0.0 0.0 0.0 0.0 0.0 0.0 0.0 0.0 0.0 0.0 0.0 0.0 0.0 0.0 0.0 0.0 0.0 0.0 0.0 0.0 0.0 0.0 0.0 63.354 100.725 101.346 101.139 100.828 100.621 100.621 101.139 102.071 42.132 101.449 101.76 101.76 101.864 101.864 101.864 101.967 101.76 101.553 101.553 101.657 99.897 102.899 101.967 78.054 78.054 101.346 102.381 102.485 102.692 102.485 93.582 102.381 102.174 101.242 100.621 50.517 74.327 99.897 101.864 101.864 101.657 101.76 102.174 91.512 101.864 100.932 101.657 101.553 101.76 101.657 101.242 73.913 87.474 100.414 100.414 100.414 100.104 100.104 56.004 63.354 101.035 101.346 95.859 101.139 100.828 97.723 101.139 101.346 38.406 48.551 74.224 95.859 98.965 100.207 42.132 0.0 68.426 74.327 100.0 101.242 101.035 100.828 101.035 101.035 73.603 0.0 0.0 0.0 0.0 0.0 0.0 0.0 0.0 0.0 0.0 0.0 0.0 0.0 0.0 0.0 0.0 0.0 0.0 0.0 0.0 0.0 0.0 0.0 0.0 0.0 0.0 0.0 0.0 0.0 0.0 0.0 0.0 0.0 0.0 0.0 0.0 0.0 0.0 0.0 0.0 0.0 0.0 0.0 0.0 0.0 0.0 0.0 0.0 0.0 0.0 0.0 0.0 0.0 0.0 0.0 0.0 0.0 0.0 0.0 0.0 31.056 102.588 102.174 102.071 102.071 101.76 101.657 101.449 101.553 101.139 0.0 0.0 0.0 0.0 0.0 0.0 0.0 0.0 0.0 0.0 0.0 0.0 0.0 0.0 0.0 0.0 0.0 0.0 0.0 0.0 0.0 0.0 0.0 0.0 0.0 0.0 0.0 0.0 0.0 0.0 0.0 0.0 0.0 0.0 0.0 0.0 0.0 0.0 0.0 0.0 0.0 
