# name: phAngle
# type: matrix
# rows: 1
# columns: 359
 272 272 272 272 272 272 272 272 272 272 272 272 273 272 272 272 272 272 272 272 272 272 273 297 346 343 343 343 343 343 343 343 343 343 343 343 343 343 343 343 343 343 343 343 343 343 343 343 343 343 343 343 343 343 343 343 343 343 343 343 343 343 343 343 343 343 343 343 343 343 343 343 343 343 343 343 343 343 343 343 343 339 272 272 272 272 272 272 272 272 272 272 272 272 272 272 272 272 273 272 272 272 272 272 272 272 272 272 272 272 272 272 272 273 272 272 272 272 272 272 272 272 272 272 272 272 272 272 272 273 272 272 272 272 272 272 272 272 272 272 272 272 272 272 272 297 343 343 343 343 343 343 343 343 343 343 343 343 347 343 343 343 343 343 343 347 347 347 343 343 343 343 343 343 347 343 343 343 347 343 347 347 347 343 347 343 343 343 346 346 347 347 347 346 347 347 347 347 347 347 347 347 343 343 347 343 347 347 347 343 347 347 347 272 272 273 272 272 272 272 272 272 272 272 272 272 272 272 272 272 272 272 272 272 272 272 272 273 272 272 272 272 272 272 272 272 272 272 272 272 272 272 272 272 272 272 272 272 272 272 272 272 272 272 272 272 272 272 272 272 272 297 341 347 347 343 347 343 343 343 343 347 343 343 347 347 347 347 347 343 343 343 343 343 343 343 343 343 343 343 343 343 343 343 343 343 343 343 343 343 343 343 343 343 343 343 343 343 343 343 343 343 343 343 343 343 343 343 272 272 272 272 272 272 272 272 272 272 272 272 272 272 272 272 272 272 272 272 272 272 272 272 273 272 272 272 272 272 272 
# name: freq
# type: matrix
# rows: 1
# columns: 359
 50.1 50.0 50.0 50.0 50.0 50.0 50.0 50.0 50.0 50.0 50.0 50.0 50.0 50.1 50.0 50.0 50.0 50.0 50.0 50.0 50.0 50.0 50.0 50.0 50.0 50.0 50.0 50.0 50.0 50.0 50.0 50.0 50.0 50.0 50.0 50.0 50.0 50.0 50.0 50.0 50.0 50.0 50.0 50.0 50.0 50.0 50.0 50.0 50.0 50.0 50.0 50.0 50.0 50.0 50.0 50.0 50.0 50.0 50.0 50.0 50.0 50.0 50.0 50.0 50.0 50.0 50.0 50.0 50.0 50.0 50.0 50.0 50.0 50.0 50.0 50.0 50.0 50.0 50.0 50.0 50.0 50.0 50.0 50.0 50.0 50.0 50.0 50.0 50.0 50.0 50.0 50.0 50.0 50.0 50.0 50.0 50.0 50.0 50.0 50.0 50.0 50.0 50.0 50.0 50.0 50.0 50.0 50.0 50.0 50.0 50.0 50.0 50.0 50.0 50.0 50.0 50.0 50.0 50.0 50.0 50.0 50.0 50.0 50.0 50.0 50.0 50.0 50.0 50.0 50.0 50.0 50.0 50.0 50.0 50.0 50.0 50.0 50.0 50.0 50.0 50.0 50.0 50.0 50.0 50.0 50.0 50.0 50.0 50.0 50.0 50.0 50.0 50.0 50.0 50.0 50.0 50.0 50.0 50.0 50.0 50.0 50.0 50.0 50.0 50.0 50.0 50.0 50.0 50.0 50.0 50.0 50.0 50.0 50.0 50.0 50.0 50.0 50.0 50.0 50.0 50.0 50.0 50.0 50.0 50.0 50.0 50.0 50.0 50.0 50.0 50.0 50.0 50.0 50.0 50.0 50.0 50.0 50.0 50.0 50.1 50.0 50.0 50.0 50.0 50.0 50.0 50.0 50.0 50.1 50.1 50.0 50.0 50.0 50.0 50.0 50.0 50.0 50.0 50.0 50.0 50.0 50.0 50.0 50.0 50.0 50.0 50.0 50.0 50.0 50.0 50.0 50.0 50.0 50.0 50.0 50.0 50.0 50.0 50.0 50.0 50.0 50.0 50.0 50.0 50.0 50.0 50.0 50.0 50.0 50.0 50.0 50.0 50.0 50.0 50.0 50.0 50.0 50.0 50.0 50.0 50.0 50.0 50.0 50.0 50.0 50.0 50.0 50.0 50.0 50.0 50.0 50.0 50.0 50.0 50.0 50.0 50.0 50.0 50.0 50.0 50.0 50.0 50.0 50.0 50.0 50.0 50.0 50.0 50.0 50.0 50.1 50.1 50.0 50.0 50.0 50.0 50.0 50.0 50.0 50.0 50.0 50.0 50.1 50.0 50.1 50.0 50.0 50.1 50.0 50.0 50.1 50.0 50.0 50.1 50.1 50.1 50.1 50.0 50.1 50.0 50.1 50.0 50.0 50.0 50.0 50.0 50.0 50.0 50.0 50.0 50.0 50.0 50.0 50.0 50.0 50.0 50.0 50.0 50.0 50.0 50.0 50.0 50.0 50.0 50.0 50.0 50.0 50.0 50.0 50.0 50.0 50.0 50.0 50.0 50.0 50.0 50.0 50.0 50.0 
# name: reacPower
# type: matrix
# rows: 1
# columns: 359
 -4.865 -4.865 -4.865 -4.865 -4.865 -4.865 -4.865 -4.865 -4.865 -4.865 -4.865 -4.865 -4.865 -4.865 -4.865 -4.865 -4.865 -4.865 -4.865 -4.865 -4.865 -4.865 -4.865 -4.658 -8.178 -8.488 -8.592 -8.592 -8.592 -8.281 -8.385 -8.385 -8.385 -8.488 -8.385 -8.385 -8.385 -8.488 -8.385 -8.488 -8.488 -8.592 -8.488 -9.109 -8.902 -8.488 -8.385 -8.385 -8.385 -8.281 -8.281 -8.385 -8.488 -8.488 -8.488 -8.385 -8.592 -8.488 -8.385 -8.385 -9.42 -9.213 -8.799 -8.281 -8.488 -8.592 -8.592 -8.385 -8.281 -8.488 -8.488 -8.385 -8.488 -8.385 -8.488 -8.902 -8.488 -8.385 -8.385 -8.281 -8.281 -6.418 -4.865 -4.865 -4.865 -4.865 -4.865 -4.865 -4.865 -4.865 -4.865 -4.865 -4.865 -4.865 -4.865 -4.865 -4.865 -4.865 -4.865 -4.865 -4.865 -4.865 -4.865 -4.865 -4.865 -4.865 -4.865 -4.865 -4.865 -4.865 -4.865 -4.865 -4.865 -4.865 -4.865 -4.865 -4.865 -4.865 -4.865 -4.865 -4.865 -4.865 -4.865 -4.865 -4.865 -4.865 -4.865 -4.865 -4.865 -4.865 -4.865 -4.865 -4.865 -4.865 -4.865 -4.865 -4.865 -4.865 -4.865 -4.865 -4.865 -4.865 -4.865 -4.865 -4.761 -4.451 -8.281 -8.281 -8.281 -8.385 -8.385 -8.385 -8.385 -8.281 -8.178 -8.178 -8.281 -8.385 -8.178 -8.281 -8.281 -8.281 -8.281 -8.281 -8.178 -8.178 -8.178 -8.178 -8.385 -8.178 -8.488 -8.281 -8.592 -8.488 -8.178 -8.281 -8.385 -8.178 -7.971 -8.281 -8.074 -8.074 -8.178 -8.281 -8.178 -8.178 -8.385 -8.281 -8.074 -8.074 -8.178 -8.074 -8.074 -8.074 -8.074 -8.178 -8.074 -8.178 -8.074 -8.074 -8.074 -7.971 -8.592 -8.281 -7.971 -8.281 -8.074 -8.178 -8.178 -8.178 -8.178 -8.074 -8.178 -4.865 -4.865 -4.865 -4.865 -4.865 -4.865 -4.865 -4.865 -4.865 -4.865 -4.968 -4.968 -4.865 -4.865 -4.865 -4.968 -4.968 -4.968 -4.865 -4.968 -4.968 -4.968 -4.968 -4.968 -4.865 -4.968 -4.968 -4.968 -4.968 -4.968 -4.968 -4.968 -4.968 -4.968 -4.968 -4.968 -4.968 -4.968 -4.968 -4.968 -4.968 -4.968 -4.968 -4.968 -4.968 -4.968 -4.968 -4.968 -4.968 -4.968 -4.968 -4.968 -4.968 -4.968 -4.968 -4.968 -4.968 -4.865 -4.554 -8.281 -8.178 -8.178 -8.178 -8.178 -8.695 -8.385 -8.178 -8.281 -8.178 -8.281 -8.281 -8.178 -8.178 -8.178 -8.178 -8.178 -8.592 -8.385 -8.281 -8.385 -8.385 -8.385 -8.385 -8.385 -8.385 -8.385 -8.488 -8.488 -8.385 -8.488 -8.385 -8.385 -8.695 -8.488 -8.488 -8.695 -8.695 -8.385 -8.385 -8.592 -8.488 -8.385 -8.488 -9.006 -8.695 -8.592 -8.695 -8.695 -8.488 -8.488 -8.488 -8.592 -8.592 -8.592 -8.592 -4.968 -4.968 -4.865 -4.968 -4.865 -4.865 -4.968 -4.865 -4.968 -4.968 -4.968 -4.968 -4.865 -4.968 -4.968 -4.968 -4.865 -4.865 -4.968 -4.968 -4.968 -4.968 -4.865 -4.865 -4.865 -4.865 -4.865 -4.865 -4.865 -4.865 -4.865 
