# name: phAngle
# type: matrix
# rows: 1
# columns: 358
 271 272 272 272 272 272 272 272 272 272 272 272 272 272 272 271 272 272 271 272 272 272 272 272 272 272 272 272 272 272 272 272 272 272 272 272 271 272 272 272 272 272 272 272 271 272 272 272 271 271 271 272 271 272 308 325 326 327 325 323 326 319 322 322 294 308 325 272 272 272 272 271 271 272 272 272 271 272 271 272 271 272 272 272 272 272 272 272 272 272 272 272 272 272 272 271 271 272 271 272 272 271 272 272 272 272 272 272 272 272 272 271 272 272 272 272 272 272 272 272 271 271 272 272 272 272 272 272 271 272 272 272 272 272 272 271 271 272 272 272 272 272 272 272 272 272 272 272 272 272 272 272 272 271 272 272 272 271 272 272 272 272 272 272 272 271 272 272 272 272 272 271 272 271 272 272 272 272 272 272 271 272 272 272 272 272 272 272 272 272 272 272 272 272 272 319 325 325 325 307 306 306 307 306 307 307 306 306 306 307 306 307 307 307 272 272 272 272 272 271 272 271 272 272 271 272 272 272 272 272 272 272 272 272 272 272 272 272 272 271 272 272 272 272 272 272 271 272 272 272 272 272 272 272 272 272 272 272 272 272 272 272 272 272 271 271 272 272 272 272 272 272 272 272 272 272 272 272 271 272 271 271 272 272 272 272 272 272 272 272 272 271 272 271 272 272 271 272 272 271 272 272 272 271 272 272 272 272 272 272 271 271 271 272 272 272 272 272 271 272 272 272 272 272 272 272 272 272 272 272 272 272 272 272 272 272 271 272 272 272 272 272 271 272 272 272 272 272 272 272 272 272 272 272 271 271 272 272 
# name: freq
# type: matrix
# rows: 1
# columns: 358
 50.0 50.0 50.0 50.0 50.0 50.0 50.0 50.0 50.0 50.0 50.0 50.0 50.0 50.0 50.0 50.0 50.0 50.0 50.0 50.0 50.0 50.0 50.0 50.0 50.0 50.0 50.0 50.0 50.0 50.0 50.0 50.0 50.0 50.0 50.0 50.0 50.0 50.0 50.0 50.0 50.0 50.0 50.0 50.0 50.0 50.0 50.0 50.0 50.0 50.0 50.0 50.0 50.0 50.0 50.0 50.0 50.0 50.0 50.0 50.0 50.0 50.0 50.0 50.0 50.0 50.0 50.0 50.0 50.0 50.0 50.0 50.0 50.0 50.0 50.0 50.0 50.0 50.0 50.0 50.0 50.0 50.0 50.0 50.0 50.0 50.0 50.0 50.0 50.0 50.0 50.0 50.0 50.0 50.0 50.0 50.0 50.0 50.0 50.0 50.0 50.0 50.0 50.0 50.0 50.0 50.0 50.0 50.0 50.0 50.0 50.0 50.0 50.0 50.0 50.0 50.0 50.0 50.0 50.0 50.0 50.0 50.0 50.0 50.0 50.0 50.0 50.0 50.0 50.0 50.0 50.0 50.0 50.0 50.0 50.0 50.0 50.0 50.0 50.0 50.0 50.0 50.0 50.0 50.0 50.0 50.0 50.0 50.0 50.0 50.0 50.0 50.0 50.0 50.0 50.0 50.0 50.0 50.0 50.0 50.0 50.0 50.0 50.0 50.0 50.0 50.0 50.0 50.0 50.0 50.0 50.0 50.0 50.0 50.0 50.0 50.0 50.0 50.0 50.0 50.0 50.0 50.0 50.0 50.0 50.0 50.0 50.0 50.0 50.0 50.0 50.0 50.0 50.0 50.0 50.0 50.0 50.0 50.0 50.0 50.0 50.0 50.0 50.0 50.0 50.0 50.0 50.0 50.0 50.0 50.0 50.0 50.0 50.0 50.0 50.0 50.0 50.0 50.0 50.0 50.0 50.0 50.0 50.0 50.0 50.0 50.0 50.0 50.0 50.0 50.0 50.0 50.0 50.0 50.0 50.0 50.0 50.0 50.0 50.0 50.0 50.0 50.0 50.0 50.0 50.0 50.0 50.0 50.0 50.0 50.0 50.0 50.0 50.0 50.0 50.0 50.0 50.0 50.0 50.0 50.0 50.0 50.0 50.0 50.0 50.0 50.0 50.0 50.0 50.0 50.0 50.0 50.0 50.0 50.0 50.0 50.0 50.0 50.0 50.0 50.0 50.0 50.0 50.0 50.0 50.0 50.0 50.0 50.0 50.0 50.0 50.0 50.0 50.0 50.0 50.0 50.0 50.0 50.0 50.0 50.0 50.0 50.0 50.0 50.0 50.0 50.0 50.0 50.0 50.0 50.0 50.0 50.0 50.0 50.0 50.0 50.0 50.0 50.0 50.0 50.0 50.0 50.0 50.0 50.0 50.0 50.0 50.0 50.0 50.0 50.0 50.0 50.0 50.0 50.0 50.0 50.0 50.0 50.0 50.0 50.0 50.0 50.0 50.0 50.0 50.0 50.0 50.0 50.0 50.0 50.0 50.0 50.0 50.0 50.0 50.0 50.0 50.0 50.0 
# name: reacPower
# type: matrix
# rows: 1
# columns: 358
 -43.193 -43.089 -43.089 -43.089 -43.089 -43.089 -43.089 -43.089 -43.089 -43.089 -43.193 -43.089 -43.089 -43.089 -43.193 -43.193 -42.984 -43.089 -43.193 -43.297 -43.297 -43.297 -43.193 -43.193 -43.297 -43.193 -43.193 -43.193 -43.193 -43.193 -43.193 -43.297 -43.193 -43.297 -43.297 -43.193 -43.401 -43.401 -43.297 -43.297 -43.089 -42.984 -43.193 -43.297 -43.193 -43.297 -43.297 -43.401 -43.297 -43.297 -43.297 -43.193 -43.193 -43.297 -66.819 -75.978 -76.81 -83.68 -76.394 -72.647 -76.394 -71.398 -72.647 -72.439 -54.745 -66.298 -77.643 -43.401 -43.401 -43.401 -43.401 -43.401 -43.193 -43.297 -43.297 -43.193 -43.297 -43.193 -43.193 -43.193 -43.297 -43.297 -43.297 -43.297 -43.297 -43.401 -43.505 -43.401 -43.401 -43.401 -43.401 -43.505 -43.401 -43.401 -43.401 -43.401 -43.609 -43.505 -43.505 -43.505 -43.505 -43.505 -43.505 -43.505 -43.401 -43.505 -43.505 -43.609 -43.401 -43.505 -43.505 -43.505 -43.505 -43.401 -43.505 -43.505 -43.401 -43.505 -43.505 -43.401 -43.505 -43.505 -43.297 -43.401 -43.297 -43.297 -43.297 -42.984 -42.88 -42.88 -42.88 -42.88 -42.88 -42.88 -42.984 -42.984 -42.984 -42.984 -42.88 -42.984 -42.984 -42.88 -42.984 -42.984 -42.88 -42.672 -42.672 -42.776 -42.776 -42.88 -42.88 -42.88 -42.776 -42.88 -42.88 -42.88 -42.88 -42.776 -42.88 -42.776 -42.776 -42.776 -42.776 -42.88 -42.776 -42.776 -42.672 -42.776 -42.776 -42.88 -42.776 -42.776 -42.88 -42.984 -42.88 -42.984 -42.984 -42.984 -42.984 -42.984 -42.984 -42.88 -42.984 -42.88 -42.88 -42.88 -42.88 -42.88 -42.88 -42.88 -42.88 -42.88 -42.88 -42.88 -42.984 -87.739 -76.082 -76.082 -76.082 -66.819 -66.611 -66.506 -66.715 -66.715 -66.506 -66.611 -66.402 -66.611 -66.715 -66.923 -66.715 -67.027 -66.923 -66.923 -43.089 -43.089 -43.089 -42.984 -42.88 -42.88 -42.88 -42.984 -42.88 -42.88 -42.984 -42.88 -42.88 -42.88 -42.88 -42.984 -42.984 -42.88 -42.984 -42.984 -42.984 -42.984 -42.984 -42.984 -43.089 -43.089 -43.193 -42.984 -42.984 -42.984 -42.984 -43.089 -43.089 -42.984 -42.984 -43.089 -42.984 -42.984 -43.089 -42.984 -43.089 -43.089 -43.089 -43.089 -43.193 -43.193 -43.193 -43.297 -43.193 -43.193 -42.984 -42.88 -42.88 -42.88 -42.88 -42.88 -42.88 -42.88 -42.88 -42.776 -42.984 -42.984 -43.089 -42.984 -42.984 -42.984 -42.88 -42.984 -42.984 -42.88 -42.88 -42.776 -42.984 -42.776 -42.984 -42.88 -42.88 -42.88 -42.88 -42.88 -42.984 -42.984 -42.88 -42.984 -42.88 -42.88 -42.88 -42.88 -42.88 -42.88 -42.984 -42.984 -42.984 -42.984 -43.089 -43.089 -43.089 -43.089 -43.089 -43.193 -43.089 -43.193 -43.193 -43.089 -42.984 -42.984 -42.984 -42.88 -42.984 -43.089 -42.984 -42.88 -42.984 -42.984 -42.984 -42.984 -42.984 -42.984 -43.089 -42.984 -43.089 -42.984 -43.089 -43.089 -43.193 -43.089 -43.089 -42.984 -43.089 -43.089 -43.089 -42.984 -42.88 -42.984 -42.984 -42.984 -42.88 -42.88 -42.984 -42.984 -43.089 -43.089 -42.984 -42.984 
