# name: phAngle
# type: matrix
# rows: 1
# columns: 359
 335 335 330 335 335 335 335 335 335 335 335 333 335 335 334 335 335 335 335 335 335 335 335 335 335 335 335 335 334 334 334 334 335 335 335 335 335 335 335 335 335 335 335 335 335 335 335 335 335 335 335 335 334 333 335 333 333 335 335 335 334 334 334 335 333 333 335 331 333 333 335 330 328 329 329 329 328 329 329 329 329 329 329 329 329 329 329 329 329 329 328 329 333 335 334 333 333 335 335 335 335 334 331 334 333 335 334 333 329 335 334 334 334 335 335 334 334 335 335 335 335 335 335 335 335 335 335 335 334 335 335 335 335 335 335 330 333 330 335 335 336 335 335 335 335 335 335 335 335 335 336 335 336 335 334 335 336 335 334 335 335 335 333 335 335 334 334 334 328 336 336 336 336 335 334 335 330 335 330 336 336 336 336 335 335 336 335 336 335 336 335 336 335 336 336 335 335 335 335 335 336 336 330 335 336 336 335 336 330 337 337 337 336 337 336 337 336 336 337 336 336 333 337 337 336 337 337 337 337 337 336 337 337 337 337 336 337 337 336 337 336 336 337 336 336 336 336 336 336 336 336 336 335 336 315 315 315 315 315 315 315 315 315 315 315 315 315 315 315 315 315 315 315 315 315 315 315 315 315 315 315 315 315 315 315 315 315 315 315 315 315 315 315 315 315 315 315 315 315 315 315 315 315 315 315 315 315 315 315 315 315 315 315 315 315 315 315 315 315 315 315 315 315 315 315 315 315 315 315 315 315 315 315 315 315 315 315 304 270 270 270 270 270 271 271 271 271 271 271 271 271 271 271 271 271 271 271 271 271 
# name: freq
# type: matrix
# rows: 1
# columns: 359
 50.0 50.0 50.0 50.0 50.0 50.0 50.0 50.0 50.0 50.0 50.0 50.0 50.0 50.0 50.0 50.0 50.0 50.0 50.0 50.0 50.0 50.0 50.0 50.0 50.0 50.0 50.0 50.0 50.0 50.0 50.0 50.0 50.0 50.0 50.0 50.0 50.0 50.0 50.0 50.0 50.0 50.0 50.0 50.0 50.0 50.0 50.0 50.0 50.0 50.0 50.0 50.0 50.0 50.0 50.0 50.0 50.0 50.0 50.0 50.0 50.0 50.0 50.0 50.0 50.0 50.0 50.0 50.0 50.0 50.0 50.0 50.0 50.0 50.0 50.0 50.0 50.0 50.0 50.0 50.0 50.0 50.0 50.0 50.0 50.0 50.0 50.0 50.0 50.0 50.0 50.0 50.0 50.0 50.0 50.0 50.0 50.0 50.0 50.0 50.0 50.0 50.0 50.0 50.0 50.0 50.0 50.0 50.0 50.0 50.0 50.0 50.0 50.0 50.0 50.0 50.0 50.0 50.0 50.0 50.0 50.0 50.0 50.0 50.0 50.0 50.0 50.0 50.0 50.0 50.0 50.0 50.0 50.0 50.0 50.0 50.0 50.0 50.0 50.0 50.0 50.0 50.0 50.0 50.0 50.0 50.0 50.0 50.0 50.0 50.0 50.0 50.0 50.0 50.0 50.0 50.0 50.0 50.0 50.0 50.0 50.0 50.0 50.0 50.0 50.0 50.0 50.0 50.0 50.0 50.0 50.0 50.0 50.0 50.0 50.0 50.0 50.0 50.0 50.0 50.0 50.0 50.0 50.0 50.0 50.0 50.0 50.0 50.0 50.0 50.0 50.0 50.0 50.0 50.0 50.0 50.0 50.0 50.0 50.0 50.0 50.0 50.0 50.0 50.0 50.0 50.0 50.0 50.0 50.0 50.0 50.0 50.0 50.0 50.0 50.0 50.0 50.0 50.0 50.0 50.0 50.0 50.0 50.0 50.0 50.0 50.0 50.0 50.0 50.0 50.0 50.0 50.0 50.0 50.0 50.0 50.0 50.0 50.0 50.0 50.0 50.0 50.0 50.0 50.0 50.0 50.0 50.0 50.0 50.0 50.0 50.0 50.0 50.0 50.0 50.0 50.0 50.0 50.0 50.0 50.0 50.0 50.0 50.0 50.0 50.0 50.0 50.0 50.0 50.0 50.0 50.0 50.0 50.0 50.0 50.0 50.0 50.0 50.0 50.0 50.0 50.0 50.0 50.0 50.0 50.0 50.0 50.0 50.0 50.0 50.0 49.9 50.0 50.0 50.0 49.9 49.9 49.9 49.9 50.0 49.9 49.9 49.9 49.9 49.9 50.0 50.0 49.9 49.9 50.0 50.0 50.0 50.0 50.0 50.0 50.0 50.0 50.0 50.0 50.0 50.0 50.0 50.0 50.0 50.0 50.0 50.0 50.0 50.0 50.0 50.0 50.0 50.0 50.0 50.0 50.0 50.0 50.0 50.0 50.0 50.0 50.0 50.0 50.0 50.0 50.0 50.0 50.0 50.0 50.0 50.0 50.0 50.0 50.0 50.0 50.0 50.0 50.0 50.0 50.0 
# name: reacPower
# type: matrix
# rows: 1
# columns: 359
 -60.47 -60.574 -40.278 -59.949 -60.158 -59.741 -60.574 -60.054 -60.886 -60.782 -60.574 -50.895 -60.886 -60.99 -59.013 -60.782 -60.47 -60.47 -60.262 -60.158 -60.158 -60.366 -59.845 -60.158 -60.47 -60.262 -58.805 -60.262 -58.284 -59.533 -57.764 -58.805 -60.262 -59.013 -60.262 -60.158 -59.741 -59.533 -59.949 -59.845 -59.741 -60.158 -60.366 -59.845 -60.262 -60.47 -60.054 -60.366 -60.054 -60.366 -60.678 -60.262 -58.388 -54.954 -59.949 -56.411 -56.203 -60.054 -60.574 -60.574 -56.931 -58.284 -59.013 -60.366 -55.994 -55.682 -59.845 -46.107 -49.437 -58.284 -60.262 -47.46 -36.531 -36.74 -36.636 -36.531 -36.115 -36.74 -36.844 -36.323 -37.156 -36.323 -36.636 -36.74 -36.844 -36.531 -36.531 -36.427 -36.531 -36.531 -37.052 -36.427 -57.035 -59.013 -57.868 -54.433 -55.474 -58.909 -60.47 -59.533 -60.054 -58.596 -39.342 -57.764 -58.18 -60.054 -57.243 -55.89 -52.352 -59.325 -58.284 -56.827 -55.578 -59.533 -60.47 -58.18 -59.741 -59.325 -60.47 -60.262 -60.99 -60.366 -60.574 -60.886 -60.886 -60.262 -60.158 -59.117 -57.66 -59.325 -59.845 -59.949 -59.949 -59.845 -60.054 -46.315 -56.619 -41.944 -59.845 -60.158 -59.221 -60.054 -59.741 -59.429 -59.949 -59.949 -59.741 -59.949 -59.637 -60.054 -59.325 -59.013 -59.325 -57.972 -57.764 -58.492 -59.013 -57.452 -55.578 -57.972 -58.7 -59.013 -55.474 -58.805 -57.243 -56.723 -58.076 -58.284 -35.699 -58.805 -58.284 -59.117 -59.013 -59.533 -56.619 -59.637 -35.387 -59.221 -35.595 -59.325 -59.325 -59.117 -59.013 -59.533 -60.054 -59.221 -59.845 -59.221 -59.845 -59.221 -59.429 -59.221 -59.949 -58.805 -59.013 -59.429 -59.845 -59.325 -59.325 -59.533 -58.076 -57.556 -35.074 -57.556 -57.66 -56.619 -57.452 -57.035 -35.491 -54.745 -55.37 -54.85 -55.474 -55.37 -55.578 -55.266 -56.098 -55.786 -55.058 -55.474 -54.954 -42.776 -55.266 -55.37 -55.474 -53.809 -55.266 -55.162 -55.058 -55.058 -55.682 -55.37 -55.058 -55.162 -54.745 -55.474 -54.85 -54.745 -55.682 -55.37 -55.578 -54.954 -55.266 -55.578 -55.994 -57.139 -56.827 -55.89 -57.139 -55.786 -57.452 -55.786 -57.66 -56.411 -14.779 -14.467 -14.467 -14.467 -14.467 -14.467 -14.675 -14.571 -14.571 -14.571 -14.571 -14.571 -14.675 -14.675 -14.675 -14.467 -14.675 -14.467 -14.571 -14.779 -14.675 -14.675 -14.779 -14.675 -14.675 -14.675 -14.675 -14.675 -14.675 -14.571 -14.675 -14.675 -14.571 -14.467 -14.675 -14.467 -14.571 -14.467 -14.571 -14.467 -14.571 -14.571 -14.571 -14.467 -14.571 -14.571 -14.571 -14.467 -14.571 -14.675 -14.779 -14.675 -14.779 -14.571 -14.675 -14.675 -14.571 -14.571 -14.675 -14.571 -14.675 -14.675 -14.571 -14.675 -14.571 -14.467 -14.467 -14.571 -14.571 -14.467 -14.571 -14.467 -14.467 -14.571 -14.571 -14.467 -14.571 -14.571 -14.779 -14.779 -14.883 -14.779 -14.883 -13.738 -12.073 -11.969 -11.969 -11.761 -11.969 -12.073 -12.073 -11.969 -12.073 -12.073 -11.865 -11.865 -11.865 -11.865 -11.865 -11.761 -11.865 -11.761 -11.865 -11.865 -11.865 
