# name: phAngle
# type: matrix
# rows: 1
# columns: 360
 272 272 272 272 271 272 272 273 272 272 272 272 273 272 273 273 272 272 273 272 272 272 273 272 272 273 272 272 272 272 272 272 272 272 272 272 272 273 272 273 272 272 274 349 351 351 347 347 347 347 347 347 347 347 347 347 347 347 347 347 347 351 347 347 347 347 347 347 347 347 347 347 347 347 347 347 347 347 347 347 347 347 347 347 347 347 272 272 272 272 272 272 272 272 272 272 272 272 272 272 272 272 272 272 272 272 273 272 272 273 273 272 273 273 272 272 272 272 272 272 272 272 272 272 272 272 272 272 272 272 272 272 272 272 272 272 272 272 273 272 272 272 272 272 272 273 344 351 351 351 351 351 351 351 351 351 351 347 351 351 351 351 351 351 351 351 347 347 351 347 347 347 347 347 347 347 347 347 347 351 351 351 347 351 351 351 351 351 351 351 351 347 347 347 351 351 351 351 351 351 351 347 351 351 351 347 351 351 351 350 347 347 351 351 351 351 351 351 351 351 351 351 351 351 350 351 351 347 351 351 351 351 351 351 351 351 351 272 272 273 272 272 272 272 272 273 273 272 273 272 272 272 272 273 272 272 272 272 272 272 272 272 272 272 272 272 272 273 272 272 272 273 272 272 272 273 272 273 272 272 272 272 272 272 272 272 272 333 346 347 347 346 347 347 347 350 347 350 350 350 350 350 347 347 347 346 347 347 347 347 347 347 347 347 347 350 347 347 347 347 347 347 347 347 347 347 347 347 347 347 347 347 347 347 347 347 347 347 347 347 347 272 272 272 272 272 272 272 272 272 272 272 272 272 272 272 272 272 272 273 
# name: freq
# type: matrix
# rows: 1
# columns: 360
 50.0 50.0 50.0 50.0 50.0 50.0 50.0 50.0 50.0 50.0 50.0 50.0 50.0 50.0 50.0 50.0 50.0 50.0 50.0 50.0 50.0 50.0 50.0 50.0 50.0 50.0 50.0 50.0 50.0 50.0 50.0 50.0 50.0 50.0 50.0 50.0 50.0 50.0 50.0 50.0 50.0 50.0 50.0 50.0 50.0 50.0 50.0 50.0 50.0 50.0 50.0 50.0 50.0 50.0 50.0 50.0 50.0 50.0 50.0 50.0 50.0 50.0 50.0 50.0 50.0 50.0 50.0 50.0 50.0 50.0 50.0 50.0 50.0 50.0 50.0 50.0 50.0 50.0 50.0 50.0 50.0 50.0 50.0 50.0 50.0 50.0 50.0 50.0 50.0 50.0 50.0 50.0 50.0 50.0 50.0 50.0 50.0 50.0 50.0 50.0 50.0 50.0 50.0 50.0 50.0 50.0 50.0 50.0 50.0 50.0 50.0 50.0 50.0 50.0 50.0 50.0 50.0 50.0 50.0 50.0 50.0 50.0 50.0 50.0 50.0 50.0 50.0 50.0 50.0 50.0 50.0 50.0 50.0 50.0 50.0 50.0 50.0 50.0 50.0 50.0 50.0 50.0 50.0 50.0 50.0 50.0 50.0 50.0 50.0 50.0 50.0 50.0 50.0 50.0 49.9 50.0 50.0 50.0 50.0 50.0 49.9 49.9 50.0 49.9 50.0 50.0 50.0 50.0 50.0 50.0 50.0 50.0 50.0 50.0 50.0 50.0 50.0 50.0 50.0 50.0 50.0 50.0 50.0 50.0 50.0 50.0 50.0 50.0 50.0 50.0 50.0 50.0 50.0 50.0 50.0 50.0 50.0 50.0 50.0 50.0 50.0 50.0 50.0 50.0 50.0 50.0 50.0 50.0 50.0 50.0 50.0 50.0 50.0 50.0 50.0 50.0 50.0 50.0 50.0 50.0 50.0 50.0 50.0 50.0 50.0 50.0 50.0 50.0 50.0 50.0 50.0 50.0 50.0 50.0 50.0 50.0 50.0 50.0 50.0 50.0 50.0 50.0 50.0 50.0 50.0 50.0 50.0 50.0 50.0 50.0 50.0 50.0 50.0 50.0 50.0 50.0 50.0 50.0 50.0 50.0 50.0 50.0 50.0 50.0 50.0 50.0 50.0 50.0 50.0 50.0 50.0 50.0 50.0 50.0 50.0 50.0 50.0 50.0 50.0 50.0 50.0 50.0 50.0 50.0 50.0 50.0 50.0 50.0 50.0 50.0 50.0 50.0 50.0 50.0 50.0 50.0 50.0 50.0 50.0 50.0 50.0 50.0 50.0 50.0 50.0 50.0 50.0 50.0 50.0 50.0 50.0 50.0 50.0 50.0 50.0 50.0 50.0 50.0 50.0 50.0 50.0 50.0 50.0 50.0 50.0 50.0 50.0 50.0 50.0 50.0 50.0 50.0 50.0 50.0 50.0 50.0 50.0 50.0 50.0 50.0 50.0 50.0 50.0 50.0 50.0 50.0 50.0 50.0 50.0 50.0 50.0 50.0 50.0 50.0 50.0 50.0 50.0 50.0 50.0 50.0 
# name: reacPower
# type: matrix
# rows: 1
# columns: 360
 -4.554 -4.658 -4.658 -4.554 -4.554 -4.554 -4.658 -4.658 -4.658 -4.658 -4.658 -4.658 -4.658 -4.658 -4.658 -4.658 -4.658 -4.658 -4.658 -4.658 -4.658 -4.658 -4.658 -4.658 -4.658 -4.658 -4.658 -4.658 -4.658 -4.658 -4.658 -4.658 -4.658 -4.658 -4.658 -4.658 -4.658 -4.658 -4.554 -4.658 -4.554 -4.658 -4.554 -5.279 -6.107 -5.9 -6.314 -6.418 -6.211 -6.418 -6.211 -6.211 -6.625 -6.728 -6.418 -6.625 -6.521 -6.211 -6.211 -6.418 -6.211 -5.797 -6.521 -7.039 -6.314 -6.418 -6.728 -6.418 -6.418 -7.039 -6.832 -6.314 -7.246 -6.935 -6.314 -6.418 -6.935 -6.314 -7.142 -7.556 -6.832 -6.832 -6.728 -6.314 -6.832 -6.418 -4.554 -4.554 -4.554 -4.554 -4.554 -4.554 -4.554 -4.658 -4.554 -4.554 -4.554 -4.554 -4.658 -4.658 -4.554 -4.554 -4.554 -4.554 -4.554 -4.554 -4.554 -4.554 -4.554 -4.554 -4.554 -4.554 -4.554 -4.554 -4.554 -4.554 -4.554 -4.554 -4.554 -4.554 -4.554 -4.554 -4.554 -4.554 -4.554 -4.554 -4.554 -4.554 -4.554 -4.554 -4.554 -4.554 -4.554 -4.554 -4.554 -4.554 -4.554 -4.554 -4.554 -4.554 -4.554 -4.554 -4.554 -4.554 -4.554 -4.554 -4.554 -5.59 -5.383 -5.693 -6.004 -5.9 -5.9 -6.107 -5.797 -5.693 -6.004 -6.107 -6.004 -6.004 -5.9 -6.004 -6.107 -5.9 -5.9 -6.004 -6.418 -6.314 -6.107 -7.66 -7.453 -6.935 -7.039 -7.349 -6.728 -6.521 -6.211 -6.211 -6.211 -6.107 -6.107 -6.107 -6.211 -6.004 -6.004 -6.107 -6.107 -6.107 -6.004 -6.004 -6.107 -6.211 -6.314 -6.314 -6.004 -6.107 -5.9 -6.004 -5.9 -6.004 -6.107 -6.521 -6.004 -5.9 -6.107 -6.211 -5.693 -6.004 -6.107 -5.797 -6.211 -6.314 -5.9 -5.797 -5.797 -5.486 -5.59 -5.797 -6.004 -5.693 -5.693 -5.59 -5.693 -5.797 -5.383 -5.486 -5.9 -6.211 -5.9 -6.004 -5.797 -5.693 -5.693 -5.693 -5.9 -5.693 -6.107 -4.554 -4.554 -4.554 -4.554 -4.554 -4.554 -4.554 -4.554 -4.554 -4.554 -4.554 -4.554 -4.554 -4.554 -4.554 -4.554 -4.554 -4.554 -4.554 -4.554 -4.554 -4.554 -4.554 -4.554 -4.554 -4.554 -4.554 -4.554 -4.554 -4.554 -4.554 -4.554 -4.554 -4.554 -4.554 -4.554 -4.554 -4.554 -4.554 -4.554 -4.554 -4.554 -4.554 -4.554 -4.658 -4.554 -4.554 -4.554 -4.554 -4.554 -4.244 -4.761 -6.314 -7.039 -6.211 -6.211 -6.418 -6.211 -6.004 -6.314 -5.797 -5.59 -5.486 -5.486 -5.797 -6.418 -6.211 -6.314 -6.521 -7.039 -6.211 -7.246 -7.142 -6.521 -6.314 -7.039 -6.418 -6.314 -5.9 -6.211 -6.211 -6.314 -6.314 -6.314 -6.314 -6.211 -6.211 -6.314 -6.314 -6.314 -6.211 -6.211 -6.314 -6.211 -6.832 -6.521 -6.314 -6.314 -6.211 -6.211 -6.211 -6.314 -7.246 -6.521 -4.658 -4.658 -4.554 -4.658 -4.554 -4.658 -4.554 -4.554 -4.554 -4.554 -4.554 -4.554 -4.554 -4.554 -4.554 -4.554 -4.554 -4.554 -4.554 
