# name: phAngle
# type: matrix
# rows: 1
# columns: 356
 343 343 343 343 343 343 343 343 343 343 343 343 343 343 343 343 343 343 343 343 343 343 343 343 343 343 343 343 343 343 343 343 343 343 343 343 343 343 343 343 343 343 343 343 343 343 343 343 343 343 343 343 343 343 343 343 343 343 343 343 343 343 343 343 343 343 343 343 343 343 343 343 343 343 343 343 343 343 343 343 343 343 343 343 343 343 343 343 343 343 343 343 343 343 343 343 343 343 343 343 343 343 343 343 343 338 338 343 343 343 343 343 343 343 343 338 343 343 343 343 343 343 343 343 343 338 338 338 338 343 343 338 338 338 338 343 343 343 343 343 343 343 343 343 343 343 343 343 343 343 343 343 343 343 343 271 271 271 271 271 271 271 271 271 271 271 271 271 271 271 271 271 271 271 271 271 271 271 271 271 271 271 271 271 271 271 271 271 271 271 271 271 271 271 271 271 271 271 271 271 271 271 271 271 271 271 271 271 271 271 271 271 271 271 271 271 271 271 271 271 271 271 271 271 271 271 271 271 271 271 271 271 271 271 271 271 271 271 271 271 271 271 271 271 271 271 271 271 271 271 271 271 271 271 271 271 271 271 271 271 271 271 271 272 271 271 271 271 271 271 271 271 271 271 271 271 271 271 271 271 271 271 271 271 271 271 271 271 271 271 271 271 271 271 271 271 271 271 271 271 271 271 271 271 271 271 271 271 271 271 271 271 271 271 271 271 271 271 271 271 271 271 271 271 271 271 270 271 271 271 271 271 271 271 271 271 271 271 271 271 271 271 271 271 271 271 271 271 271 271 270 271 271 271 271 271 
# name: freq
# type: matrix
# rows: 1
# columns: 356
 50.0 50.0 50.0 50.0 50.0 50.0 50.0 50.0 50.0 50.0 50.0 50.0 50.0 50.0 50.0 50.0 50.0 50.0 50.0 50.0 50.0 50.0 50.0 50.0 50.0 50.0 50.0 50.0 50.0 50.0 50.0 50.0 50.0 50.0 50.0 50.0 50.0 50.0 50.0 50.0 50.0 50.0 50.0 50.0 50.0 50.0 50.0 50.0 50.0 50.0 50.0 50.0 50.0 50.0 50.0 50.0 50.0 50.0 50.0 50.0 50.0 50.0 50.0 50.0 50.0 50.0 50.0 50.0 50.0 50.0 50.0 50.0 50.0 50.0 50.0 50.0 50.0 50.0 50.0 50.0 50.0 50.0 50.0 50.0 50.0 50.0 50.0 50.0 50.0 50.0 50.0 50.0 50.0 50.0 50.0 50.0 50.0 50.0 50.0 50.0 50.0 50.0 50.0 50.0 50.0 50.0 50.0 50.0 50.0 50.0 50.0 50.0 50.0 50.0 50.0 50.0 50.0 50.0 50.0 50.0 50.0 50.0 50.0 50.0 50.0 50.0 50.0 50.0 50.0 50.0 50.0 50.0 50.0 50.0 50.0 50.0 50.0 50.0 50.0 50.0 50.0 50.0 50.0 50.0 50.0 50.0 50.0 50.0 50.0 50.0 50.0 50.0 50.0 50.0 50.0 50.0 50.0 50.0 50.0 50.0 50.0 50.0 50.0 50.0 50.0 50.0 50.0 50.0 50.0 50.0 50.0 50.0 50.0 50.0 50.0 50.0 50.0 50.0 50.0 50.0 50.0 50.0 50.0 50.0 50.0 50.0 50.0 50.0 50.0 50.0 50.0 50.0 50.0 50.0 50.0 50.0 50.0 50.0 50.0 50.0 50.0 50.0 50.0 50.0 50.0 50.0 50.0 50.0 50.0 50.0 50.0 50.0 50.0 50.0 50.0 50.0 50.0 50.0 50.0 50.0 50.0 50.0 50.0 50.0 50.0 50.0 50.0 50.0 50.0 50.0 50.0 50.0 50.0 50.0 50.0 50.0 50.0 50.0 50.0 50.0 50.0 50.0 50.0 50.0 50.0 50.0 50.0 50.0 50.0 50.0 50.0 50.0 50.0 50.0 50.0 50.0 50.0 50.0 50.0 50.0 50.0 50.0 50.0 50.0 50.0 50.0 50.0 50.0 50.0 50.0 50.0 50.0 50.0 50.0 50.0 50.0 50.0 50.0 50.0 50.0 50.0 50.0 50.0 50.0 50.0 50.0 50.0 50.0 50.0 50.0 50.0 50.0 50.0 50.0 50.0 50.0 50.0 50.0 50.0 50.0 50.0 50.0 50.0 50.0 50.0 50.0 50.0 50.0 50.0 50.0 50.0 50.0 50.0 50.0 50.0 50.0 50.0 50.0 50.0 50.0 50.0 50.0 50.0 50.0 50.0 50.0 50.0 50.0 50.0 50.0 50.0 50.0 50.0 50.0 50.0 50.0 50.0 50.0 50.0 50.0 50.0 50.0 50.0 50.0 50.0 50.0 50.0 50.0 50.0 50.0 50.0 50.0 50.0 50.0 50.0 50.0 
# name: reacPower
# type: matrix
# rows: 1
# columns: 356
 -7.285 -7.389 -7.285 -7.285 -7.389 -7.389 -7.389 -7.285 -7.389 -7.493 -7.493 -7.493 -7.389 -7.493 -7.389 -7.285 -7.285 -7.389 -7.285 -7.285 -7.389 -7.389 -7.389 -7.389 -7.389 -7.493 -7.389 -7.389 -7.493 -7.389 -7.493 -7.389 -7.493 -7.493 -7.493 -7.597 -7.493 -7.493 -7.493 -7.493 -7.493 -7.493 -7.493 -7.597 -7.493 -7.597 -7.597 -7.493 -7.493 -7.493 -7.493 -7.389 -7.493 -7.493 -7.493 -7.493 -7.493 -7.493 -7.493 -7.493 -7.493 -7.493 -7.493 -7.597 -7.597 -7.597 -7.597 -7.597 -7.597 -7.597 -7.597 -7.597 -7.597 -7.597 -7.597 -7.597 -7.597 -7.597 -7.597 -7.701 -7.597 -7.701 -7.597 -7.597 -7.597 -7.701 -7.701 -7.701 -7.597 -7.701 -7.701 -7.701 -7.701 -7.701 -7.701 -7.701 -7.701 -7.701 -7.701 -7.805 -7.805 -7.805 -7.805 -7.805 -7.91 -7.91 -7.91 -7.805 -7.805 -7.91 -7.805 -7.701 -7.805 -7.805 -7.805 -7.91 -7.91 -7.805 -7.805 -7.805 -7.805 -7.91 -7.805 -7.805 -7.805 -7.91 -7.91 -7.91 -8.014 -7.91 -7.91 -8.014 -7.91 -7.91 -7.91 -7.805 -7.805 -7.701 -7.805 -7.805 -7.805 -7.805 -7.701 -7.805 -7.805 -7.805 -7.805 -7.701 -7.701 -7.701 -7.701 -7.701 -7.701 -7.701 -7.701 -7.805 -8.014 -8.014 -8.014 -7.805 -8.014 -7.91 -7.91 -7.805 -7.91 -7.91 -7.91 -7.91 -7.805 -7.701 -7.701 -7.805 -7.805 -7.701 -7.805 -7.805 -7.701 -7.701 -7.805 -7.805 -7.805 -7.805 -7.805 -7.805 -7.701 -7.701 -7.805 -7.805 -7.805 -7.701 -7.805 -7.805 -7.805 -7.701 -7.805 -7.805 -7.701 -7.701 -7.805 -7.805 -7.701 -7.805 -7.91 -7.91 -7.701 -7.805 -7.91 -7.91 -7.805 -7.91 -8.014 -7.91 -7.805 -7.805 -7.91 -7.91 -7.597 -7.597 -7.701 -7.701 -7.701 -7.701 -7.701 -7.597 -7.701 -7.701 -7.805 -7.805 -7.805 -7.597 -7.701 -7.805 -7.805 -7.91 -7.805 -7.91 -7.91 -7.91 -7.91 -7.805 -7.91 -7.91 -7.91 -7.91 -7.91 -7.91 -7.91 -7.805 -7.805 -7.91 -7.701 -7.701 -7.701 -7.701 -7.701 -7.701 -7.701 -7.701 -7.597 -7.701 -7.701 -7.701 -7.701 -7.805 -7.805 -7.91 -7.91 -7.91 -7.91 -7.805 -7.805 -7.91 -7.91 -8.014 -7.91 -7.91 -7.91 -7.91 -7.91 -7.805 -7.91 -7.91 -7.805 -7.701 -7.805 -7.701 -7.701 -7.805 -7.701 -7.805 -7.805 -7.701 -7.701 -7.701 -7.701 -7.805 -7.701 -7.701 -7.91 -7.91 -7.91 -7.91 -7.91 -7.91 -7.91 -8.014 -8.014 -8.014 -8.014 -7.91 -8.014 -8.014 -8.014 -8.014 -8.014 -8.014 -7.805 -7.805 -7.805 -7.805 -7.91 -7.91 -7.805 -7.805 -7.91 -7.91 -7.805 -7.701 -7.805 -7.91 -7.805 -7.805 -7.91 -7.91 -7.91 -7.91 -7.91 -8.014 -8.014 -8.014 -8.014 -8.014 -7.91 -8.014 -8.014 -8.014 -8.014 -8.014 -8.118 -8.014 -8.014 -7.91 -7.91 -7.91 -7.91 -7.805 
