# name: phAngle
# type: matrix
# rows: 1
# columns: 358
 272 272 272 272 272 272 272 272 272 272 272 272 272 272 272 272 272 272 272 272 272 272 272 272 272 272 272 272 272 272 272 272 272 272 272 272 272 272 272 308 321 321 321 307 307 307 307 307 307 306 307 307 307 306 307 306 307 306 272 272 272 272 272 272 272 272 272 272 272 272 272 272 272 272 272 272 272 272 272 272 272 272 272 272 272 272 272 272 272 272 272 271 272 272 272 272 272 272 272 272 272 272 272 272 272 272 272 272 272 272 272 272 272 272 272 272 272 272 272 271 272 272 272 272 326 325 325 325 307 307 325 325 325 325 327 322 272 272 272 272 272 272 271 271 272 272 272 271 272 272 272 271 272 272 272 272 272 271 272 272 272 271 272 272 272 271 272 272 272 272 272 271 272 272 272 271 272 272 272 272 272 272 272 272 272 272 272 271 272 272 271 272 271 272 272 272 272 272 307 325 325 325 306 306 306 300 301 325 325 325 325 306 306 306 306 306 306 306 305 306 306 306 306 306 306 306 306 306 306 306 306 306 306 306 306 306 306 306 306 306 306 306 306 306 305 306 305 306 306 306 305 306 306 306 306 306 306 306 306 306 306 306 306 306 306 306 306 306 271 272 271 272 271 272 271 271 272 271 272 272 272 272 271 272 271 271 272 272 272 271 272 271 272 272 272 271 272 271 271 271 272 272 271 271 271 271 271 271 272 271 271 272 272 272 272 271 272 318 272 272 271 271 272 272 272 272 272 272 272 271 272 272 271 272 272 272 271 271 272 271 272 272 271 272 272 272 271 272 272 272 271 272 272 272 272 272 272 272 
# name: freq
# type: matrix
# rows: 1
# columns: 358
 50.0 50.0 50.0 50.0 50.0 50.0 50.0 50.0 50.0 50.0 50.0 50.0 50.0 50.0 50.0 50.0 50.0 50.0 50.0 50.0 50.0 50.0 50.0 50.0 50.0 50.0 50.0 50.0 50.0 50.0 50.0 50.0 50.0 50.0 50.0 50.0 50.0 50.0 50.0 50.0 50.0 50.0 50.0 50.0 50.0 50.0 50.0 50.0 50.0 50.0 50.0 50.0 50.0 50.0 50.0 50.0 50.0 50.0 50.0 50.0 50.0 50.0 50.0 50.0 50.0 50.0 50.0 50.0 50.0 50.0 50.0 50.0 50.0 50.0 50.0 50.0 50.0 50.0 50.0 50.0 50.0 50.0 50.0 50.0 50.0 50.0 50.0 50.0 50.0 50.0 50.0 50.0 50.0 50.0 50.0 50.0 50.0 50.0 50.0 50.0 50.0 50.0 50.0 50.0 50.0 50.0 50.0 50.0 50.0 50.0 50.0 50.0 50.0 50.0 50.0 50.0 50.0 50.0 50.0 50.0 50.0 50.0 50.0 50.0 50.0 50.0 50.0 50.0 50.0 50.0 50.0 50.0 50.0 50.0 50.0 50.0 50.0 50.0 50.0 50.0 50.0 50.0 50.0 50.0 50.0 50.0 50.0 50.0 50.0 50.0 50.0 50.0 50.0 50.0 50.0 50.0 50.0 50.0 50.0 50.0 50.0 50.0 50.0 50.0 50.0 50.0 50.0 50.0 50.0 50.0 50.0 50.0 50.0 50.0 50.0 50.0 50.0 50.0 50.0 50.0 50.0 50.0 50.0 50.0 50.0 50.0 50.0 50.0 50.0 50.0 50.0 50.0 50.0 50.0 50.0 50.0 50.0 50.0 50.0 50.0 50.0 50.0 50.0 50.0 50.0 50.0 50.0 50.0 50.0 50.0 50.0 50.0 50.0 50.0 50.0 50.0 50.0 50.0 50.0 50.0 50.0 50.0 50.0 50.0 50.0 50.0 50.0 50.0 50.0 50.0 50.0 50.0 50.0 50.0 50.0 50.0 50.0 50.0 50.0 50.0 50.0 50.0 50.0 50.0 50.0 50.0 50.0 50.0 50.0 50.0 50.0 50.0 50.0 50.0 50.0 50.0 50.0 50.0 50.0 50.0 50.0 50.0 50.0 50.0 50.0 50.0 50.0 50.0 50.0 50.0 50.0 50.0 50.0 50.0 50.0 50.0 50.0 50.0 50.0 50.0 50.0 50.0 50.0 50.0 50.0 50.0 50.0 50.0 50.0 50.0 50.0 50.0 50.0 50.0 50.0 50.0 50.0 50.0 50.0 50.0 50.0 50.0 50.0 50.0 50.0 50.0 50.0 50.0 50.0 50.0 50.0 50.0 50.0 50.0 50.0 50.0 50.0 50.0 50.0 50.0 50.0 50.0 50.0 50.0 50.0 50.0 50.0 50.0 50.0 50.0 50.0 50.0 50.0 50.0 50.0 50.0 50.0 50.0 50.0 50.0 50.0 50.0 50.0 50.0 50.0 50.0 50.0 50.0 50.0 50.0 50.0 50.0 50.0 50.0 50.0 50.0 50.0 50.0 
# name: reacPower
# type: matrix
# rows: 1
# columns: 358
 -43.505 -43.505 -43.505 -43.609 -43.609 -43.609 -43.609 -43.401 -43.297 -43.401 -43.401 -43.401 -43.401 -43.401 -43.401 -43.401 -43.401 -43.297 -43.297 -43.089 -43.193 -43.193 -43.193 -43.193 -43.193 -43.193 -43.193 -43.401 -43.401 -43.401 -43.297 -43.401 -43.297 -43.297 -43.401 -43.401 -43.297 -43.401 -43.297 -67.235 -71.606 -72.023 -71.606 -67.755 -67.547 -67.651 -67.547 -67.547 -67.547 -67.651 -67.651 -67.651 -67.651 -67.443 -67.755 -67.651 -67.755 -67.547 -43.193 -43.297 -43.193 -43.193 -43.193 -43.193 -43.193 -43.297 -43.401 -43.297 -43.297 -43.297 -43.193 -43.193 -43.297 -43.297 -43.193 -43.297 -43.297 -43.193 -43.089 -43.193 -43.193 -43.193 -43.193 -43.297 -43.297 -43.193 -43.401 -43.401 -43.401 -43.505 -43.401 -43.505 -43.401 -43.505 -43.609 -43.401 -43.401 -43.297 -43.297 -43.401 -43.401 -43.401 -43.401 -43.297 -43.505 -43.401 -43.401 -43.297 -43.193 -43.297 -43.297 -43.297 -43.401 -43.401 -43.297 -43.297 -43.401 -43.401 -43.401 -43.505 -43.609 -43.505 -43.505 -43.505 -76.81 -76.394 -76.29 -76.498 -67.235 -67.027 -76.498 -76.394 -76.498 -76.394 -82.639 -72.543 -43.505 -43.297 -43.297 -43.401 -43.297 -43.401 -43.505 -43.505 -43.505 -43.505 -43.505 -43.505 -43.401 -43.401 -43.401 -43.401 -43.297 -43.193 -43.193 -43.297 -43.297 -43.297 -43.193 -43.193 -43.297 -43.297 -43.297 -43.297 -43.297 -43.297 -43.297 -43.297 -43.297 -43.297 -43.297 -43.297 -43.401 -43.401 -43.297 -43.297 -43.297 -43.401 -43.297 -43.401 -43.193 -43.401 -43.297 -43.401 -43.505 -43.401 -43.401 -43.401 -43.401 -43.401 -43.401 -43.505 -43.505 -43.505 -43.401 -43.401 -43.505 -43.505 -67.86 -76.394 -76.498 -76.602 -67.443 -67.547 -67.339 -61.511 -60.574 -76.394 -76.498 -76.498 -76.498 -67.339 -67.339 -67.443 -67.443 -67.443 -67.651 -67.443 -67.443 -67.651 -67.651 -67.755 -67.547 -67.443 -67.547 -67.651 -67.339 -67.443 -67.443 -67.651 -67.547 -67.651 -67.651 -67.651 -67.651 -67.755 -67.755 -67.86 -67.755 -67.86 -67.86 -67.755 -67.755 -68.068 -67.86 -67.86 -68.068 -68.172 -67.86 -68.068 -67.86 -68.068 -68.068 -68.068 -68.276 -68.484 -68.276 -68.588 -68.796 -68.9 -69.004 -68.9 -68.796 -68.796 -69.108 -69.004 -69.004 -69.213 -44.337 -44.337 -44.233 -44.337 -44.233 -44.337 -44.337 -44.233 -44.337 -44.337 -44.337 -44.337 -44.337 -44.233 -44.233 -44.233 -44.233 -44.129 -44.129 -44.129 -44.025 -44.025 -43.921 -44.025 -43.921 -43.921 -43.921 -44.025 -44.025 -44.025 -44.129 -44.129 -44.129 -44.129 -44.129 -44.233 -44.233 -44.233 -44.233 -44.129 -44.233 -44.233 -44.233 -44.233 -44.337 -44.233 -44.233 -44.337 -44.337 -51.623 -44.337 -44.233 -44.337 -44.337 -44.337 -44.442 -44.337 -44.233 -44.233 -44.233 -44.025 -44.129 -44.233 -44.233 -44.233 -44.337 -44.442 -44.337 -44.337 -44.337 -44.337 -44.233 -42.88 -43.193 -43.193 -43.297 -43.193 -43.193 -43.193 -43.193 -43.193 -43.193 -43.193 -43.193 -43.089 -43.193 -43.193 -43.193 -43.089 -43.193 
