# name: phAngle
# type: matrix
# rows: 1
# columns: 358
 0 0 0 0 0 0 0 337 346 346 346 346 346 344 346 346 345 346 346 346 346 346 346 346 346 346 346 346 346 346 346 346 346 346 346 346 346 346 346 346 347 347 347 347 346 346 347 347 347 347 346 347 347 347 347 347 347 347 347 347 347 347 346 346 346 346 346 346 346 346 347 346 347 346 347 347 347 347 347 347 347 347 347 346 347 346 347 346 347 347 346 346 346 346 346 346 346 346 346 346 346 346 347 347 346 347 347 347 347 347 347 347 347 347 347 347 347 347 347 347 347 341 347 347 347 347 346 347 346 346 346 346 346 346 346 346 346 346 336 338 346 346 346 346 346 346 346 346 346 346 346 346 346 346 346 346 346 346 346 346 346 346 346 346 346 346 346 346 346 346 346 346 346 346 346 346 346 346 346 346 346 347 347 346 346 346 346 346 346 346 347 347 347 347 347 347 346 346 347 347 346 346 346 346 346 346 346 346 346 346 346 346 346 346 346 346 346 346 346 346 346 346 346 346 346 346 346 346 346 346 346 346 346 346 346 346 346 346 346 346 346 346 346 346 346 346 346 346 346 346 346 346 346 346 346 346 346 347 347 347 347 347 347 347 347 347 347 347 347 347 347 347 347 347 346 346 346 346 346 345 345 345 346 346 346 346 345 346 345 345 345 345 345 345 345 345 345 345 345 345 345 345 345 345 345 345 345 345 345 345 345 345 345 345 345 345 345 345 345 345 345 345 345 345 345 345 345 345 345 345 345 345 345 345 345 345 345 345 345 345 345 345 345 345 345 345 345 345 345 345 345 345 345 345 345 345 345 345 
# name: freq
# type: matrix
# rows: 1
# columns: 358
 50.0 50.0 50.0 50.0 50.0 50.0 50.0 50.0 50.0 50.0 50.0 50.0 50.0 50.0 50.0 50.0 50.0 50.0 50.0 50.0 50.0 50.0 50.0 50.0 50.0 50.0 50.0 50.0 50.0 50.0 50.0 50.0 50.0 50.0 50.0 50.0 50.0 50.0 50.0 50.0 50.0 50.0 50.0 50.0 50.0 50.0 50.0 50.0 50.0 50.0 50.0 50.0 50.0 50.0 50.0 50.0 50.0 50.0 50.0 50.0 50.0 50.0 50.0 50.0 50.0 50.0 50.0 50.0 50.0 50.0 50.0 50.0 50.0 50.0 50.0 50.0 50.0 50.0 50.0 50.0 50.0 50.0 50.0 50.0 50.0 50.0 50.0 50.0 50.0 50.0 50.0 50.0 50.0 50.0 50.0 50.0 50.0 50.0 50.0 50.0 50.0 50.0 50.0 50.0 50.0 50.0 50.0 50.0 50.0 50.0 50.0 50.0 50.0 50.0 50.0 50.0 50.0 50.0 50.0 50.0 50.0 50.0 50.0 50.0 50.0 50.0 50.0 50.0 50.0 50.0 50.0 50.0 50.0 50.0 50.0 50.0 50.0 50.0 50.0 50.0 50.0 50.0 50.0 50.0 50.0 50.0 50.0 50.0 50.0 50.0 50.0 50.0 50.0 50.0 50.0 50.0 50.0 50.0 50.0 50.0 50.0 50.0 50.0 50.0 50.0 50.0 50.0 50.0 50.0 50.0 50.0 50.0 50.0 50.0 50.0 50.0 50.0 50.0 50.0 50.0 50.0 50.0 50.0 50.0 50.0 50.0 50.0 50.0 50.0 50.0 50.0 50.0 50.0 50.0 50.0 50.0 50.0 50.0 50.0 50.0 50.0 50.0 50.0 50.0 50.0 50.0 50.0 50.0 50.0 50.0 50.0 50.0 50.0 50.0 50.0 50.0 50.0 50.0 50.0 50.0 50.0 50.0 50.0 50.0 50.0 50.0 50.0 50.0 50.0 50.0 50.0 50.0 50.0 50.0 50.0 50.0 50.0 50.0 50.0 50.0 50.0 50.0 50.0 50.0 50.0 50.0 50.0 50.0 50.0 50.0 50.0 50.0 50.0 50.0 50.0 50.0 50.0 50.0 49.9 50.0 50.0 50.0 50.0 50.0 50.0 50.0 50.0 50.0 50.0 50.0 50.0 50.0 50.0 50.0 50.0 50.0 50.0 50.0 50.0 50.0 50.0 50.0 50.0 50.0 50.0 50.0 50.0 50.0 50.0 50.0 50.0 50.0 50.0 50.0 50.0 50.0 50.0 50.0 50.0 50.0 50.0 50.0 50.0 50.0 50.0 50.0 50.0 50.0 50.0 50.0 50.0 50.0 50.0 50.0 50.0 50.0 50.0 50.0 50.0 50.0 50.0 50.0 50.0 50.0 50.0 50.0 50.0 50.0 50.0 50.0 50.0 50.0 50.0 50.0 50.0 50.0 50.0 50.0 50.0 50.0 50.0 50.0 50.0 50.0 50.0 50.0 50.0 50.0 50.0 50.0 50.0 50.0 50.0 50.0 50.0 50.0 50.0 50.0 
# name: reacPower
# type: matrix
# rows: 1
# columns: 358
 0.0 0.0 0.0 0.0 0.0 0.0 0.0 -20.393 -25.258 -25.466 -25.88 -25.983 -25.983 -23.499 -25.673 -25.466 -24.844 -26.087 -26.087 -25.983 -25.569 -25.673 -25.569 -25.983 -25.88 -25.466 -25.466 -25.466 -25.673 -25.466 -25.673 -25.466 -25.88 -26.087 -25.673 -25.983 -25.88 -25.88 -25.88 -24.741 -24.741 -24.534 -24.327 -24.534 -24.844 -24.948 -23.499 -23.395 -23.602 -23.706 -22.67 -23.499 -24.534 -24.327 -24.223 -24.43 -24.637 -24.741 -24.223 -24.43 -24.741 -24.223 -25.466 -25.776 -25.776 -25.88 -25.569 -25.362 -25.673 -25.673 -24.43 -24.844 -24.327 -24.844 -24.327 -23.809 -23.913 -23.602 -23.913 -23.395 -24.016 -23.706 -23.706 -25.051 -24.637 -25.051 -24.637 -25.051 -24.741 -24.327 -25.88 -25.88 -25.466 -25.569 -25.88 -25.258 -25.88 -25.673 -25.362 -25.88 -25.569 -25.051 -24.637 -24.534 -24.844 -24.534 -23.292 -23.395 -23.292 -23.602 -23.602 -23.292 -23.188 -23.706 -23.188 -23.602 -23.188 -23.188 -23.499 -23.292 -23.188 -19.461 -23.188 -23.188 -24.534 -24.741 -24.844 -24.637 -25.466 -25.569 -25.569 -25.362 -25.362 -25.569 -25.983 -25.569 -25.569 -25.569 -20.186 -21.014 -25.776 -25.466 -25.155 -25.569 -25.673 -25.258 -25.051 -25.673 -25.466 -25.983 -25.258 -25.258 -25.88 -25.569 -25.569 -25.776 -25.051 -25.673 -25.155 -25.776 -25.362 -25.362 -25.362 -25.258 -25.673 -25.051 -25.569 -25.776 -25.88 -25.88 -25.88 -25.776 -25.776 -25.776 -25.673 -25.776 -25.673 -25.569 -25.673 -25.673 -25.673 -24.223 -24.637 -24.741 -24.844 -24.844 -24.948 -25.051 -24.948 -25.051 -23.913 -24.016 -24.016 -23.809 -23.706 -24.637 -25.155 -24.844 -24.534 -24.741 -24.844 -24.948 -25.88 -25.776 -25.88 -26.19 -25.983 -25.983 -26.087 -26.087 -26.087 -26.19 -26.087 -26.087 -25.983 -25.673 -25.569 -25.88 -25.88 -25.88 -25.983 -25.983 -25.983 -25.983 -25.983 -25.983 -25.983 -25.983 -25.983 -25.776 -25.776 -25.673 -25.362 -25.362 -25.362 -25.258 -25.362 -25.569 -25.673 -25.776 -25.88 -25.88 -25.88 -25.776 -25.362 -25.569 -25.569 -25.673 -25.673 -25.673 -25.776 -25.673 -25.673 -25.673 -25.673 -25.673 -25.673 -24.637 -23.602 -23.602 -23.602 -23.602 -23.602 -23.602 -23.499 -23.602 -23.602 -23.499 -23.499 -23.602 -23.292 -23.809 -23.602 -24.223 -25.155 -25.466 -25.466 -25.362 -25.673 -25.258 -25.362 -25.776 -25.258 -25.466 -25.673 -25.258 -25.258 -25.673 -25.155 -25.569 -25.362 -25.155 -25.569 -25.673 -25.673 -25.569 -25.258 -25.569 -25.569 -25.362 -25.569 -25.776 -25.776 -25.466 -25.258 -25.88 -25.258 -25.776 -25.362 -25.88 -25.776 -25.569 -25.569 -25.569 -25.673 -25.776 -26.087 -26.087 -25.88 -25.673 -25.673 -25.776 -25.983 -25.983 -25.88 -25.88 -25.362 -25.466 -25.88 -25.569 -25.569 -25.983 -25.466 -25.983 -25.466 -25.776 -26.087 -25.983 -25.569 -25.569 -25.983 -25.776 -25.776 -25.673 -25.569 -25.569 -25.776 -25.983 -25.88 -25.569 -25.362 -25.362 -25.362 -25.673 -25.983 -25.569 -25.362 -25.673 
