# name: phAngle
# type: matrix
# rows: 1
# columns: 360
 347 347 347 347 347 347 347 347 347 347 347 347 347 347 347 347 347 347 347 347 347 347 347 347 347 347 347 347 347 347 347 347 347 347 347 347 347 347 347 347 347 347 347 347 347 347 347 347 347 347 347 347 347 347 347 345 347 347 347 347 347 347 347 347 347 347 347 347 347 347 344 347 347 345 344 345 347 347 347 347 347 347 347 347 347 347 347 347 347 347 347 347 347 347 347 347 347 347 347 347 347 347 347 347 347 347 347 347 347 347 347 347 347 347 347 347 347 347 347 347 347 347 347 347 347 347 347 347 347 347 347 347 347 347 347 347 347 347 347 347 347 347 347 347 347 347 347 347 347 347 347 347 347 347 347 347 347 347 347 347 347 347 347 347 347 347 347 347 347 347 347 347 347 347 347 347 347 346 347 347 347 347 347 347 347 347 347 347 347 347 347 347 343 347 347 347 347 347 347 347 347 347 347 347 347 347 347 347 347 347 347 347 347 347 347 347 347 347 347 347 347 347 347 347 347 347 347 347 347 347 347 347 347 347 347 347 347 347 347 347 347 347 347 347 347 347 347 347 347 347 347 347 347 347 347 347 347 347 347 347 347 347 347 347 347 347 347 347 347 347 347 347 347 347 347 347 347 347 347 347 347 347 347 347 347 347 347 347 347 347 347 347 347 347 347 347 347 347 347 347 347 347 347 347 347 347 347 347 347 347 347 347 347 347 347 347 347 347 347 347 347 347 347 347 347 347 347 347 347 347 347 347 347 347 347 347 347 347 347 347 347 347 347 347 347 347 347 347 347 347 347 347 347 347 347 347 347 347 347 322 
# name: freq
# type: matrix
# rows: 1
# columns: 360
 50.0 50.0 50.0 50.0 50.0 50.0 50.0 50.0 50.0 50.0 50.0 50.0 50.0 50.0 50.0 50.0 50.0 50.0 50.0 50.0 50.0 50.0 50.0 50.0 50.0 50.0 50.0 50.0 50.0 50.0 50.0 50.0 50.0 50.0 50.0 50.0 50.0 50.0 50.0 50.0 50.0 50.0 50.0 50.0 50.0 50.0 50.0 50.0 50.0 50.0 50.0 50.0 50.0 50.0 50.0 50.0 50.0 50.0 50.0 50.0 50.0 50.0 50.0 50.0 50.0 50.0 50.0 50.0 50.0 50.0 50.0 50.0 50.0 50.0 50.0 50.0 50.0 50.0 50.0 50.0 50.0 50.0 50.0 50.0 50.0 50.0 50.0 50.0 50.0 50.0 50.0 50.0 50.0 50.0 50.0 50.0 50.0 50.0 50.0 50.0 50.0 50.0 50.0 50.0 50.0 50.0 50.0 50.0 50.0 50.0 50.0 50.0 50.0 50.0 50.0 50.0 50.0 50.0 50.0 50.0 50.0 50.0 50.0 50.1 50.0 50.0 50.0 50.0 50.0 50.0 50.0 50.0 50.0 50.0 50.0 50.0 50.0 50.0 50.0 50.0 50.0 50.0 50.0 50.0 50.0 50.0 50.0 50.0 50.0 50.0 50.0 50.0 50.0 50.0 50.0 50.0 50.0 50.0 50.0 50.0 50.0 50.0 50.0 50.0 50.0 50.0 50.0 50.0 50.0 50.0 50.0 50.0 50.0 50.0 50.0 50.0 50.0 50.0 50.0 50.0 50.0 50.0 50.0 50.0 50.0 50.0 50.0 50.0 50.0 50.0 50.0 50.0 50.0 50.0 50.0 50.0 50.0 50.0 50.0 50.0 50.0 50.0 50.0 50.0 50.0 50.0 50.0 50.0 50.0 50.0 50.0 50.0 50.0 50.0 50.0 50.0 50.0 50.0 50.0 50.0 50.0 50.0 50.0 50.0 50.0 50.0 50.0 50.0 50.0 50.0 50.0 50.0 50.0 50.0 50.0 50.0 50.0 50.0 50.0 50.0 50.0 50.0 50.0 50.0 50.0 50.0 50.0 50.0 50.0 50.0 50.0 50.0 50.0 50.0 50.0 50.0 50.0 50.0 50.0 50.0 50.0 50.0 50.0 50.0 50.0 50.0 50.0 50.0 50.0 50.0 50.0 50.0 50.0 50.0 50.0 50.0 50.0 50.0 50.0 50.0 50.0 50.0 50.0 50.0 50.0 50.0 50.0 50.0 50.0 50.0 50.0 50.0 50.0 50.0 50.0 50.0 50.0 50.0 50.0 50.0 50.0 50.0 50.0 50.0 50.0 50.0 50.0 50.0 50.0 50.0 50.0 50.0 50.0 50.0 50.0 50.0 50.0 50.0 50.0 50.0 50.0 50.0 50.0 50.0 50.0 50.0 50.0 50.0 50.0 50.0 50.0 50.0 50.0 50.0 50.0 50.0 50.0 50.0 50.0 50.0 50.0 50.0 50.0 50.0 50.0 50.0 50.0 50.0 50.0 50.0 50.0 50.0 50.0 50.0 50.0 50.0 50.0 50.0 50.0 50.0 
# name: reacPower
# type: matrix
# rows: 1
# columns: 360
 -21.44 -21.336 -21.44 -21.44 -21.44 -21.336 -21.232 -21.44 -21.44 -21.336 -21.336 -21.232 -21.336 -21.44 -21.44 -21.44 -21.232 -21.336 -21.336 -21.336 -21.336 -21.336 -21.336 -21.44 -21.336 -21.44 -21.336 -21.44 -21.336 -21.44 -21.44 -21.336 -21.128 -21.336 -21.336 -21.44 -21.44 -21.336 -21.44 -21.336 -21.44 -21.44 -21.336 -21.44 -21.128 -21.232 -21.232 -21.336 -21.336 -21.336 -21.44 -21.336 -21.128 -21.336 -21.336 -20.607 -21.336 -21.232 -21.232 -21.232 -21.232 -21.232 -21.336 -21.336 -21.336 -21.336 -21.336 -21.336 -21.336 -21.336 -19.983 -21.336 -21.024 -21.336 -21.232 -20.607 -21.336 -21.232 -21.336 -21.336 -21.232 -21.336 -21.232 -21.336 -21.336 -21.44 -21.44 -21.336 -21.336 -21.44 -21.336 -21.336 -21.232 -21.336 -21.336 -21.44 -21.128 -21.336 -21.336 -21.44 -21.336 -21.232 -21.336 -21.44 -21.336 -21.44 -21.336 -20.92 -21.336 -21.44 -21.024 -21.44 -21.44 -21.44 -21.544 -21.232 -21.128 -21.44 -21.544 -21.544 -21.544 -21.544 -21.544 -21.44 -21.544 -21.544 -21.544 -21.544 -21.544 -21.44 -21.544 -21.544 -21.544 -21.544 -21.44 -21.544 -21.544 -21.544 -21.648 -21.44 -21.544 -21.544 -21.544 -21.44 -21.544 -21.44 -21.336 -21.44 -21.44 -21.44 -21.44 -21.44 -21.336 -21.44 -21.336 -21.44 -21.44 -21.44 -21.336 -21.44 -21.44 -21.44 -21.336 -21.336 -21.44 -21.44 -21.544 -21.44 -21.44 -21.544 -21.336 -21.44 -21.544 -21.544 -21.544 -21.544 -21.544 -21.44 -21.44 -21.44 -21.44 -21.44 -21.544 -21.544 -21.544 -21.648 -21.44 -21.44 -21.336 -21.544 -21.44 -21.44 -20.399 -21.648 -21.544 -21.544 -21.544 -21.44 -21.44 -21.336 -21.44 -21.544 -21.544 -21.44 -21.336 -21.44 -21.544 -21.544 -21.544 -21.44 -21.44 -21.44 -21.44 -21.44 -21.232 -21.336 -21.44 -21.44 -21.336 -21.44 -21.336 -21.336 -21.336 -21.232 -21.232 -21.336 -21.336 -21.336 -21.232 -21.232 -21.336 -21.336 -21.44 -21.232 -21.336 -21.336 -21.336 -21.232 -21.44 -21.336 -21.128 -21.44 -21.336 -21.232 -21.232 -21.336 -21.336 -21.336 -21.336 -21.232 -21.336 -21.336 -21.336 -21.44 -21.232 -21.44 -21.336 -21.336 -21.336 -21.44 -20.92 -21.128 -21.336 -21.336 -21.336 -21.44 -21.232 -21.336 -21.44 -21.232 -21.336 -21.44 -21.336 -21.336 -21.232 -21.336 -21.336 -21.232 -21.232 -21.128 -21.336 -21.336 -21.336 -21.44 -21.336 -21.44 -21.44 -21.336 -21.336 -21.336 -21.44 -21.336 -21.44 -21.44 -21.336 -21.336 -21.336 -21.336 -21.336 -21.336 -21.336 -21.44 -21.336 -21.44 -21.336 -21.336 -21.232 -21.232 -21.336 -21.232 -21.336 -21.336 -21.336 -21.44 -21.232 -21.336 -21.232 -21.336 -21.336 -21.232 -21.232 -21.232 -21.232 -21.232 -21.232 -21.232 -21.232 -21.336 -21.128 -21.232 -21.44 -21.336 -21.336 -21.336 -21.44 -21.44 -21.336 -21.44 -21.44 -21.544 -21.44 -21.44 -21.544 -21.544 -21.544 -21.44 -21.544 -21.44 -21.44 -21.648 -21.544 -21.544 -21.544 -21.544 -21.544 -21.544 -21.44 -21.44 -21.44 -15.195 
