# name: phAngle
# type: matrix
# rows: 1
# columns: 359
 336 336 336 336 335 336 336 336 336 336 336 336 336 336 336 336 336 336 336 336 336 336 336 336 336 336 336 336 336 336 336 336 336 336 336 336 336 336 336 336 336 336 336 336 336 336 336 336 336 336 336 336 336 336 336 336 336 336 336 336 336 336 336 336 336 336 336 336 336 336 333 331 331 331 331 331 331 331 331 331 331 331 331 331 331 331 331 331 331 331 331 331 331 331 331 331 331 331 331 331 331 331 331 331 331 331 331 331 331 331 331 331 332 332 332 332 331 331 331 331 331 331 331 331 331 331 331 331 331 331 331 331 331 332 332 332 332 332 331 332 331 331 331 331 331 331 331 331 331 331 331 331 331 331 329 331 331 331 331 331 331 331 331 331 331 331 331 331 331 331 331 331 331 331 331 331 331 331 331 331 331 331 331 331 331 331 331 331 331 331 331 331 331 331 331 331 331 331 331 331 331 331 331 331 331 331 331 331 331 331 331 331 331 331 331 331 331 331 331 331 331 331 331 331 331 331 331 331 331 331 331 331 331 331 331 331 331 331 331 331 331 331 331 331 331 331 331 331 331 331 331 331 331 331 331 331 331 331 331 331 331 331 331 331 331 331 331 331 331 331 331 331 331 331 331 331 331 331 331 331 331 331 331 331 331 331 331 331 331 331 331 331 331 331 331 331 331 331 331 331 331 331 331 331 331 331 331 331 331 331 331 331 331 331 331 331 331 331 331 331 331 331 331 331 331 331 331 331 331 331 331 331 331 331 331 331 331 331 331 331 331 331 331 331 331 331 331 331 331 331 331 331 331 331 331 331 331 331 331 
# name: freq
# type: matrix
# rows: 1
# columns: 359
 50.0 50.0 50.0 50.0 50.0 50.0 50.0 50.0 50.0 50.0 50.0 50.0 50.0 50.0 50.0 50.0 50.0 50.0 50.0 50.0 50.0 50.0 50.0 50.0 50.0 50.0 50.0 50.0 50.0 50.0 50.0 50.0 50.0 50.0 50.0 50.0 50.0 50.0 50.0 50.0 50.0 50.0 50.0 50.0 50.0 50.0 50.0 50.0 50.0 50.0 50.0 50.0 50.0 50.0 50.0 50.0 50.0 50.0 50.0 50.0 50.0 50.0 50.0 50.0 50.0 50.0 50.0 50.0 50.0 50.0 50.0 50.1 50.0 50.0 50.0 50.1 50.1 50.0 50.0 50.0 50.0 50.0 50.0 50.0 50.0 50.0 50.0 50.0 50.0 50.0 50.0 50.0 50.0 50.0 50.0 50.0 50.0 50.0 50.0 50.0 50.0 50.0 50.0 50.0 50.0 50.0 50.0 50.0 50.1 50.0 50.0 50.0 50.0 50.0 50.0 50.0 50.0 50.0 50.0 50.0 50.0 50.0 50.0 50.0 50.0 50.0 50.0 50.0 50.0 50.0 50.0 50.0 50.0 50.0 50.0 50.0 50.0 50.0 50.0 50.0 50.0 50.0 50.0 50.0 50.0 50.0 50.0 50.0 50.0 50.0 50.0 50.0 50.0 50.0 50.0 50.0 50.0 50.0 50.0 50.0 50.0 50.0 50.0 50.0 50.0 50.0 50.0 50.0 50.0 50.0 50.0 50.0 50.0 50.0 50.0 50.0 50.0 50.0 50.0 50.0 50.0 50.0 50.0 50.0 50.0 50.0 50.0 50.0 50.0 50.0 50.0 50.0 50.0 50.0 50.0 50.0 50.0 50.0 50.0 50.0 50.0 50.0 50.0 50.0 50.0 50.0 50.0 50.0 50.0 50.0 50.0 50.0 50.0 50.0 50.0 50.0 50.0 50.0 50.0 50.0 50.0 50.0 50.0 50.0 50.0 50.0 50.0 50.0 50.0 50.0 50.0 50.0 50.0 50.0 50.0 50.0 50.0 50.0 50.0 50.0 50.0 50.0 50.0 50.0 50.0 50.0 50.0 50.0 50.0 50.0 50.0 50.0 50.0 50.0 50.0 50.0 50.0 50.0 50.0 50.0 50.0 50.0 50.0 50.0 50.0 50.0 50.0 50.0 50.0 50.0 50.0 50.0 50.0 50.0 50.0 50.0 50.0 50.0 50.0 50.0 50.0 50.0 50.0 50.0 50.0 50.0 50.0 50.0 50.0 50.0 50.0 50.0 50.0 50.0 50.0 50.0 50.0 50.0 50.0 50.0 50.0 50.0 50.0 50.0 50.0 50.0 50.0 50.0 50.0 50.0 50.0 50.0 50.0 50.0 50.0 50.0 50.0 50.0 50.0 50.0 50.0 50.0 50.0 50.0 50.0 50.0 50.0 50.0 50.0 50.0 50.0 50.0 50.0 50.0 50.0 50.0 50.0 50.0 50.0 50.0 50.0 50.0 50.0 50.0 50.0 50.0 50.0 50.0 50.0 50.0 50.0 50.0 50.0 50.0 50.0 50.0 50.0 50.0 50.0 
# name: reacPower
# type: matrix
# rows: 1
# columns: 359
 -47.564 -47.252 -47.148 -47.356 -47.876 -47.252 -47.356 -47.148 -47.148 -47.252 -47.356 -47.148 -47.356 -47.252 -47.252 -47.148 -47.46 -47.356 -47.356 -47.46 -47.044 -47.148 -47.252 -47.252 -47.252 -47.252 -47.148 -47.148 -47.356 -47.356 -47.044 -47.044 -47.044 -47.356 -47.252 -47.148 -47.252 -47.46 -47.044 -47.044 -47.148 -47.148 -47.252 -47.46 -47.252 -46.939 -47.148 -47.252 -47.044 -47.148 -47.148 -47.252 -47.148 -47.148 -47.148 -47.356 -47.252 -47.148 -46.939 -47.148 -47.252 -47.044 -47.044 -47.252 -47.148 -47.252 -47.252 -47.148 -47.252 -47.044 -36.323 -35.699 -35.803 -35.803 -36.011 -36.115 -36.115 -36.011 -36.323 -36.219 -35.907 -36.219 -36.531 -36.323 -36.427 -36.323 -36.427 -36.427 -36.323 -36.323 -36.219 -36.219 -36.219 -35.699 -36.011 -36.219 -36.219 -35.907 -36.011 -36.219 -36.323 -36.323 -36.636 -36.115 -36.219 -36.323 -36.323 -36.323 -36.011 -35.907 -36.219 -35.907 -35.491 -35.178 -34.97 -34.866 -35.907 -35.699 -35.907 -35.907 -35.803 -35.699 -36.011 -36.011 -36.323 -35.803 -36.011 -36.219 -36.115 -36.636 -36.011 -35.595 -35.803 -35.595 -35.387 -35.283 -35.491 -35.387 -35.699 -35.491 -36.011 -36.115 -36.323 -36.531 -36.636 -36.74 -36.74 -37.156 -37.052 -36.74 -37.052 -37.364 -37.364 -37.26 -37.78 -37.364 -37.26 -37.364 -37.26 -37.156 -37.26 -37.26 -37.156 -36.948 -37.052 -36.844 -37.052 -37.052 -37.26 -36.844 -37.052 -36.948 -37.052 -36.74 -36.948 -37.26 -36.636 -37.052 -36.74 -36.948 -36.74 -36.844 -36.74 -36.427 -36.636 -36.219 -36.323 -36.74 -36.323 -36.323 -36.636 -36.531 -36.531 -37.052 -36.74 -36.844 -36.844 -36.427 -36.844 -36.844 -36.844 -37.156 -36.74 -37.052 -36.948 -37.052 -36.948 -36.74 -36.948 -36.427 -36.844 -36.323 -36.323 -36.323 -36.219 -36.427 -36.531 -36.323 -36.531 -36.427 -36.636 -36.636 -36.219 -36.844 -36.636 -36.636 -36.531 -37.052 -36.844 -36.636 -36.948 -36.74 -36.844 -36.636 -36.844 -36.948 -36.948 -36.74 -36.844 -36.636 -36.844 -36.531 -36.427 -36.844 -36.74 -36.427 -36.74 -36.531 -36.74 -36.844 -36.636 -36.427 -36.323 -36.531 -36.844 -36.427 -36.427 -36.74 -36.636 -36.531 -36.427 -36.323 -36.323 -36.427 -36.531 -36.323 -36.531 -36.427 -36.636 -37.052 -36.74 -36.531 -36.531 -36.427 -36.844 -36.323 -36.531 -36.844 -36.115 -36.844 -36.531 -36.427 -36.427 -36.636 -36.74 -36.219 -36.115 -36.323 -36.636 -36.427 -36.323 -36.531 -36.427 -36.427 -36.115 -36.531 -36.531 -36.844 -36.427 -36.636 -36.636 -36.636 -36.636 -36.427 -36.427 -36.74 -36.636 -36.74 -36.531 -36.636 -36.636 -36.844 -36.74 -36.636 -36.636 -36.636 -36.74 -36.323 -36.74 -36.427 -36.427 -36.531 -36.531 -36.531 -36.74 -36.74 -36.74 -36.323 -36.531 -36.636 -36.74 -36.531 -36.636 -36.219 -36.427 -36.427 -36.531 -36.531 -36.427 -36.427 -36.74 -36.531 -36.323 -36.427 -36.636 -36.323 -36.427 -36.636 -36.844 -36.531 -36.427 -36.219 -36.427 -36.531 -36.636 -36.636 -36.427 -36.74 -36.844 
