# name: phAngle
# type: matrix
# rows: 1
# columns: 357
 336 336 336 336 336 336 336 336 336 336 336 336 336 336 336 336 336 336 336 336 336 336 336 336 336 336 336 336 336 336 336 335 336 335 335 335 335 335 335 335 335 335 335 335 335 335 335 335 336 335 335 335 335 335 335 335 335 335 335 335 335 335 335 335 335 335 335 335 335 335 335 335 335 335 335 335 335 335 335 335 335 335 335 335 335 336 335 335 335 335 335 335 335 336 336 336 336 336 336 336 336 336 336 336 336 336 336 336 336 335 336 336 336 336 336 336 336 336 336 336 336 336 336 336 336 336 336 336 336 336 336 336 336 336 336 336 336 336 336 336 336 336 336 336 335 336 335 335 336 336 335 336 336 336 336 336 336 336 336 336 336 336 336 336 335 335 336 336 336 336 336 336 336 336 336 336 336 336 336 336 336 336 336 336 336 336 336 336 336 336 336 336 336 336 336 336 336 336 336 336 336 336 336 336 336 336 336 336 336 336 336 336 336 336 336 336 336 336 336 336 336 336 336 336 336 336 336 336 336 336 336 336 336 336 336 336 336 336 336 336 336 336 336 336 336 336 336 336 336 336 336 336 336 336 336 335 335 335 335 335 335 335 335 335 335 336 335 335 335 335 335 335 335 335 335 335 335 335 335 335 336 335 335 335 335 335 335 335 335 335 335 335 335 335 335 335 335 335 335 335 335 335 335 335 335 335 335 335 335 335 335 335 335 335 335 335 335 335 335 335 335 335 335 335 335 335 335 335 335 335 335 335 335 335 335 335 335 335 335 335 335 335 335 335 336 336 335 335 335 335 335 335 335 335 335 335 335 
# name: freq
# type: matrix
# rows: 1
# columns: 357
 50.0 50.0 50.0 50.0 50.0 50.0 50.0 50.0 50.0 50.0 50.0 50.0 50.0 50.0 50.0 50.0 50.0 50.0 50.0 50.0 50.0 50.0 50.0 50.0 50.0 50.0 50.0 50.0 50.0 50.0 50.0 50.0 50.0 50.0 50.0 50.0 50.0 50.0 50.0 50.0 50.0 50.0 50.0 50.0 50.0 50.0 50.0 50.0 50.0 50.0 50.0 50.0 50.0 50.0 50.0 50.0 50.0 50.0 50.0 50.0 50.0 50.0 50.0 50.0 50.0 50.0 50.0 50.0 50.0 50.0 50.0 50.0 50.0 50.0 50.0 50.0 50.0 50.0 50.0 50.0 50.0 50.0 50.0 50.0 50.0 50.0 50.0 50.0 50.0 50.0 50.0 50.0 50.0 50.0 50.0 50.0 50.0 50.0 50.0 50.0 50.0 50.0 50.0 50.0 50.0 50.0 50.0 50.0 50.0 50.0 50.0 50.0 50.0 50.0 50.0 50.0 50.0 50.0 50.0 50.0 50.0 50.0 50.0 50.0 50.0 50.0 50.0 50.0 50.0 50.0 50.0 50.0 50.0 50.0 50.0 50.0 50.0 50.0 50.0 50.0 50.0 50.0 50.0 50.0 50.0 50.0 50.0 50.0 50.0 50.0 50.0 50.0 50.0 50.0 50.0 50.0 50.0 50.0 50.0 50.0 50.0 50.0 50.0 50.0 50.0 50.0 50.0 50.0 50.0 50.0 50.0 50.0 50.0 50.0 50.0 50.0 50.0 50.0 50.0 50.0 50.0 50.0 50.0 50.0 50.0 50.0 50.0 50.0 50.0 50.0 50.0 50.0 50.0 50.0 50.0 50.0 50.0 50.0 50.0 50.0 50.0 50.0 50.0 50.0 50.0 50.0 50.0 50.0 50.0 50.0 50.0 50.0 50.0 50.0 50.0 50.0 50.0 50.0 50.0 50.0 50.0 50.0 50.0 50.0 50.0 50.0 50.0 50.0 50.0 50.0 50.0 50.0 50.0 50.0 50.0 50.0 50.0 50.0 50.0 50.0 50.0 50.0 50.0 50.0 50.0 50.0 50.0 50.0 50.0 50.0 50.0 50.0 50.0 50.0 50.0 50.0 50.0 50.0 50.0 50.0 50.0 50.0 50.0 50.0 50.0 50.0 50.0 50.0 50.0 50.0 50.0 50.0 50.0 50.0 50.0 50.0 50.0 50.0 50.0 50.0 50.0 50.0 50.0 50.0 50.0 50.0 50.0 50.0 50.0 50.0 50.0 50.0 50.0 50.0 50.0 50.0 50.0 50.0 50.0 50.0 50.0 50.0 50.0 50.0 50.0 50.0 50.0 50.0 50.0 50.0 50.0 50.0 50.0 50.0 50.0 50.0 50.0 50.0 50.0 50.0 50.0 50.0 50.0 50.0 50.0 50.0 50.0 50.0 50.0 50.0 50.0 50.0 50.0 50.0 50.0 50.0 50.0 50.0 50.0 50.0 50.0 50.0 50.0 50.0 50.0 50.0 50.0 50.0 50.0 50.0 50.0 50.0 50.0 50.0 50.0 50.0 50.0 
# name: reacPower
# type: matrix
# rows: 1
# columns: 357
 -47.252 -47.044 -47.148 -47.252 -47.252 -47.46 -47.356 -47.356 -47.356 -47.252 -47.356 -47.252 -47.044 -47.252 -47.148 -47.252 -47.148 -47.252 -47.148 -46.939 -46.835 -46.835 -47.044 -46.731 -46.939 -46.835 -46.731 -46.835 -46.835 -47.46 -47.564 -47.564 -47.148 -47.772 -47.98 -47.772 -48.188 -47.772 -47.772 -47.772 -47.564 -47.772 -47.668 -47.772 -47.772 -47.668 -47.772 -45.691 -42.464 -47.876 -47.772 -48.084 -47.668 -47.876 -47.98 -47.772 -47.668 -47.772 -47.668 -47.564 -47.772 -47.668 -47.668 -47.772 -47.772 -47.772 -47.772 -47.772 -47.668 -47.772 -47.772 -47.772 -47.668 -47.668 -47.772 -47.668 -47.772 -47.876 -47.668 -47.772 -47.772 -47.772 -47.772 -47.668 -47.564 -47.564 -47.564 -47.668 -47.876 -47.668 -47.668 -47.668 -47.668 -47.356 -46.627 -46.627 -47.044 -47.356 -47.46 -47.46 -47.356 -47.252 -47.148 -47.356 -47.46 -47.356 -47.356 -47.564 -47.46 -47.564 -47.356 -47.356 -47.356 -47.356 -47.252 -47.356 -47.46 -47.252 -47.252 -47.252 -47.46 -46.939 -47.46 -47.148 -47.356 -47.356 -47.148 -47.252 -47.356 -47.46 -47.148 -47.252 -47.252 -47.252 -47.252 -47.46 -47.044 -47.252 -47.356 -47.46 -47.252 -47.46 -47.148 -47.356 -47.564 -47.46 -46.211 -46.627 -46.731 -46.523 -46.731 -44.65 -46.835 -47.356 -47.148 -47.148 -47.148 -47.252 -47.356 -47.356 -47.252 -47.148 -47.252 -47.252 -45.899 -46.107 -46.523 -46.939 -46.835 -46.835 -46.939 -46.939 -46.939 -47.044 -46.835 -46.939 -46.835 -46.939 -46.835 -46.731 -46.627 -46.835 -46.835 -46.835 -46.731 -46.731 -46.731 -46.939 -46.731 -46.835 -46.731 -46.731 -46.835 -46.731 -46.731 -46.627 -46.731 -46.731 -46.731 -46.835 -46.731 -46.627 -46.627 -46.523 -46.835 -46.731 -46.731 -46.627 -46.627 -46.731 -46.523 -46.731 -46.627 -46.523 -46.731 -46.523 -46.523 -46.627 -46.731 -46.731 -46.523 -46.835 -46.627 -46.731 -46.731 -46.731 -46.523 -46.627 -46.731 -46.835 -46.731 -46.627 -46.627 -46.627 -46.523 -46.731 -46.731 -46.627 -46.731 -46.835 -46.627 -46.835 -46.939 -46.627 -46.835 -46.939 -46.939 -46.835 -46.939 -46.835 -46.835 -46.835 -46.627 -46.939 -46.939 -47.772 -47.876 -47.772 -47.772 -47.668 -47.772 -47.668 -47.668 -47.668 -47.564 -47.46 -47.564 -47.668 -47.564 -47.876 -47.668 -47.668 -47.564 -47.876 -47.772 -47.668 -47.668 -47.564 -47.876 -47.668 -47.46 -47.668 -47.564 -47.564 -47.668 -47.668 -47.668 -47.772 -47.668 -47.772 -47.772 -47.98 -47.564 -47.98 -47.98 -47.876 -47.772 -47.876 -47.98 -47.98 -48.084 -47.876 -47.772 -47.876 -47.772 -47.98 -47.876 -47.876 -47.772 -47.98 -48.084 -48.188 -48.293 -48.293 -48.293 -48.293 -48.188 -48.188 -48.188 -48.501 -48.293 -48.293 -48.293 -48.293 -48.084 -48.293 -48.188 -48.293 -48.397 -48.084 -48.084 -48.397 -48.397 -48.501 -48.397 -48.397 -48.501 -48.501 -48.501 -48.501 -48.501 -48.397 -48.605 -48.501 -48.709 -48.813 -48.605 -48.501 -48.293 -48.397 -48.397 -48.293 -48.397 -48.501 -48.397 -48.188 -48.501 
