# name: phAngle
# type: matrix
# rows: 1
# columns: 359
 0 0 0 0 0 0 0 0 0 0 0 0 0 0 0 0 0 0 0 0 0 0 0 0 0 0 0 0 0 0 0 0 0 0 0 0 0 0 338 342 345 345 341 348 342 348 341 347 343 345 347 343 342 347 343 347 346 342 341 346 342 343 344 342 345 347 348 347 345 341 345 347 341 348 343 341 347 343 343 346 343 342 342 346 344 343 341 341 344 345 344 343 341 341 341 344 346 344 343 345 348 345 343 342 343 341 342 342 342 342 343 343 345 347 347 343 343 342 342 344 346 347 347 343 341 341 342 344 344 347 345 343 341 346 347 341 343 347 347 341 345 348 347 341 348 342 349 342 347 341 347 341 348 344 342 346 346 342 341 347 349 348 347 346 341 342 343 344 349 345 341 342 343 345 348 345 342 343 346 347 348 342 345 349 347 342 343 345 346 348 348 341 342 343 346 342 341 340 342 347 345 343 346 343 347 341 347 347 342 344 348 347 348 343 344 349 344 342 345 346 349 343 343 347 348 347 347 342 344 345 348 345 346 343 343 345 348 347 348 347 347 346 344 342 346 348 348 345 344 342 343 343 343 342 345 348 348 345 345 345 344 345 344 346 345 346 347 348 349 345 344 342 346 346 342 347 346 345 348 344 344 343 341 344 345 345 348 344 341 341 344 344 348 344 345 347 342 345 346 346 341 347 348 346 347 347 347 344 342 345 348 348 341 346 348 343 341 343 347 345 343 343 347 341 345 348 342 345 348 342 348 341 345 347 345 342 343 346 348 347 342 344 341 343 345 341 343 342 343 345 348 341 343 343 345 343 342 342 343 
# name: freq
# type: matrix
# rows: 1
# columns: 359
 50.0 50.0 50.0 50.0 50.0 50.0 50.0 50.0 50.0 50.0 50.0 50.0 50.0 50.0 50.0 50.0 50.0 50.0 50.0 50.0 50.0 50.0 50.0 50.0 50.0 50.0 50.0 50.0 50.0 50.0 50.0 50.0 50.0 50.0 50.0 50.0 50.0 50.0 50.0 50.0 50.0 50.0 50.0 50.0 50.0 50.0 50.0 50.0 50.0 50.0 50.0 50.0 50.0 50.0 50.0 50.0 50.0 50.0 50.0 50.0 50.0 50.0 50.0 50.0 50.0 50.0 50.0 50.0 50.0 50.0 50.0 50.0 50.0 50.0 50.0 50.0 50.0 50.0 50.0 50.0 50.0 50.0 50.0 50.0 50.0 50.0 50.0 50.0 50.0 50.0 50.0 50.0 50.0 50.0 50.0 50.0 50.0 50.0 50.0 50.0 50.0 50.0 50.0 50.0 50.0 50.0 50.0 50.0 50.0 50.0 50.0 50.0 50.0 50.0 50.0 50.0 50.0 50.0 50.0 50.0 50.0 50.0 50.0 50.0 50.0 50.0 50.0 50.0 50.0 50.0 50.0 50.0 50.0 50.0 50.0 50.0 50.0 50.0 50.0 50.0 50.0 50.0 50.0 50.0 50.0 50.0 50.0 50.0 50.0 50.0 50.0 50.0 50.0 50.0 50.0 50.0 50.0 50.0 50.0 50.0 50.0 50.0 50.0 50.0 50.0 50.0 50.0 50.0 50.0 50.0 50.0 50.0 50.0 50.0 50.0 50.0 50.0 50.0 50.0 50.0 50.0 50.0 50.0 50.0 50.0 50.0 50.0 50.0 50.0 50.0 50.0 50.0 50.0 50.0 50.0 50.0 50.0 50.0 50.0 50.0 50.0 50.0 50.0 50.0 50.0 50.0 50.0 50.0 50.0 50.0 50.0 50.0 50.0 50.0 50.0 50.0 50.0 50.0 50.0 50.0 50.0 50.0 50.0 50.0 50.0 50.0 50.0 50.0 50.0 50.0 50.0 50.0 50.0 50.0 50.0 50.0 50.0 50.0 50.0 50.0 50.0 50.0 50.0 50.0 50.0 50.0 50.0 50.0 50.0 50.0 50.0 50.0 50.0 50.0 50.0 50.0 50.0 50.0 50.0 50.0 50.0 50.0 50.0 50.0 50.0 50.0 50.0 50.0 50.0 50.0 50.0 50.0 50.0 50.0 50.0 50.0 50.0 50.0 50.0 50.0 50.0 50.0 50.0 50.0 50.0 50.0 50.0 50.0 50.0 50.0 50.0 50.0 50.0 50.0 50.0 50.0 50.0 50.0 50.0 50.0 50.0 50.0 50.0 50.0 50.0 50.0 50.0 50.0 50.0 50.0 50.0 50.0 50.0 50.0 50.0 50.0 50.0 50.0 50.0 50.0 50.0 50.0 50.0 50.0 50.0 50.0 50.0 50.0 50.0 50.0 50.0 50.0 50.0 50.0 50.0 50.0 50.0 50.0 50.0 50.0 50.0 50.0 50.0 50.0 50.0 50.0 50.0 50.0 50.0 50.0 50.0 50.0 50.0 50.0 50.0 50.0 50.0 50.0 50.0 
# name: reacPower
# type: matrix
# rows: 1
# columns: 359
 0.0 0.0 0.0 0.0 0.0 0.0 0.0 0.0 0.0 0.0 0.0 0.0 0.0 0.0 0.0 0.0 0.0 0.0 0.0 0.0 0.0 0.0 0.0 0.0 0.0 0.0 0.0 0.0 0.0 0.0 0.0 0.0 0.0 0.0 0.0 0.0 0.0 0.0 -17.701 -27.018 -19.358 -18.633 -22.981 -18.323 -28.675 -17.287 -27.329 -17.494 -24.016 -21.946 -17.805 -24.534 -23.499 -17.287 -24.12 -20.082 -18.84 -22.774 -25.569 -17.701 -24.223 -24.43 -22.567 -22.774 -18.633 -16.977 -18.944 -19.668 -24.43 -25.569 -18.84 -18.944 -25.88 -17.598 -23.706 -25.776 -17.494 -24.327 -23.188 -19.668 -23.602 -26.708 -22.981 -20.497 -20.911 -23.395 -23.602 -23.395 -20.6 -18.633 -20.082 -22.153 -23.085 -25.258 -23.395 -21.842 -17.391 -22.256 -22.67 -19.875 -18.426 -21.118 -22.981 -24.948 -26.19 -27.846 -28.157 -26.19 -26.708 -26.604 -28.882 -26.087 -21.118 -19.254 -19.047 -22.774 -24.327 -25.88 -25.569 -22.256 -18.944 -19.461 -19.979 -25.051 -27.018 -26.915 -25.362 -21.428 -24.223 -17.701 -18.84 -24.844 -28.054 -23.809 -22.36 -27.743 -26.087 -19.565 -19.668 -27.122 -20.911 -17.701 -19.254 -27.432 -17.805 -27.329 -18.426 -27.536 -18.53 -28.985 -19.358 -26.915 -17.598 -23.913 -26.397 -22.256 -18.84 -25.776 -24.844 -18.53 -20.6 -17.391 -18.633 -21.635 -29.192 -30.434 -26.294 -25.569 -18.53 -24.637 -29.089 -27.95 -30.849 -25.051 -19.979 -22.878 -28.778 -25.673 -22.153 -18.633 -20.289 -28.364 -23.188 -18.323 -21.428 -28.985 -27.432 -25.155 -22.981 -19.565 -20.6 -20.186 -31.573 -27.225 -23.499 -17.598 -18.737 -18.84 -18.323 -19.254 -19.047 -23.913 -19.565 -24.534 -17.391 -27.018 -18.116 -19.151 -24.223 -21.946 -17.701 -18.737 -22.463 -27.018 -20.082 -18.219 -25.362 -23.292 -22.67 -19.047 -18.323 -25.155 -27.846 -22.36 -21.221 -19.668 -19.565 -27.225 -27.329 -19.358 -19.358 -18.633 -20.289 -25.466 -21.842 -21.014 -19.772 -20.6 -20.289 -18.426 -17.598 -17.184 -26.19 -25.983 -20.704 -19.772 -17.701 -17.184 -19.047 -24.844 -22.463 -25.88 -24.534 -28.675 -19.254 -18.219 -18.219 -17.287 -16.977 -17.701 -26.708 -22.36 -17.391 -19.151 -19.565 -19.047 -18.633 -19.047 -20.186 -20.497 -21.325 -25.983 -20.497 -17.805 -23.395 -19.461 -23.602 -21.739 -18.012 -19.875 -21.842 -24.948 -23.085 -21.221 -17.287 -18.219 -17.701 -21.118 -21.635 -18.633 -18.944 -26.708 -20.082 -22.049 -20.704 -17.805 -31.677 -23.706 -18.323 -22.049 -22.981 -21.946 -19.668 -17.184 -21.428 -22.256 -18.426 -23.706 -27.95 -20.393 -18.012 -20.082 -25.88 -21.532 -19.358 -24.12 -27.329 -23.706 -18.012 -19.358 -25.258 -26.708 -18.012 -20.497 -21.946 -18.944 -24.12 -21.842 -19.047 -23.913 -19.047 -24.844 -19.254 -17.805 -19.668 -22.878 -21.532 -21.532 -18.116 -20.393 -21.428 -23.602 -21.221 -19.151 -22.567 -19.668 -22.67 -21.325 -29.089 -21.221 -18.323 -19.461 -17.494 -20.289 -19.668 -21.635 -24.534 -25.362 -25.466 
