# name: phAngle
# type: matrix
# rows: 1
# columns: 357
 347 0 0 0 0 0 0 0 0 0 0 0 0 0 0 0 0 0 0 0 0 0 0 0 0 0 0 0 0 0 0 0 0 0 0 0 0 0 0 0 0 0 0 0 0 0 0 0 0 0 0 0 0 0 0 0 0 0 0 0 0 0 0 0 0 0 0 0 0 0 0 0 0 0 0 0 0 0 0 0 0 0 0 0 337 344 340 344 345 343 344 341 341 344 342 341 341 343 344 344 340 343 345 340 343 344 343 344 341 343 343 342 345 341 344 342 342 346 344 341 342 343 344 346 344 342 341 344 343 342 342 347 345 345 341 341 344 346 344 345 342 340 342 343 345 346 345 343 343 343 344 344 344 341 342 345 346 345 344 342 341 341 341 341 341 341 344 347 341 341 341 343 346 346 343 341 340 345 344 341 346 341 344 344 341 344 345 343 342 345 344 343 342 341 344 344 343 344 342 341 346 345 344 342 341 341 342 344 344 344 345 345 343 341 341 342 340 341 343 341 344 344 346 344 344 341 341 342 344 342 342 343 341 341 345 341 341 344 343 342 341 345 343 342 341 341 345 341 344 343 343 342 346 341 346 342 343 346 346 341 341 345 345 342 343 342 344 345 343 345 342 341 343 345 344 344 342 343 348 341 343 346 344 343 341 344 342 343 343 342 342 341 343 344 342 342 342 344 344 344 345 340 341 341 343 340 340 342 345 343 342 343 346 344 343 344 341 344 345 345 344 345 344 342 340 342 343 343 344 346 344 343 342 344 345 346 347 343 343 343 345 341 340 343 344 344 343 343 341 342 343 345 341 341 343 341 346 
# name: freq
# type: matrix
# rows: 1
# columns: 357
 50.0 50.0 50.0 50.0 50.0 50.0 50.0 50.0 50.0 50.0 50.0 50.0 50.0 50.0 50.0 50.0 50.0 50.0 50.0 50.0 50.0 50.0 50.0 50.0 50.0 50.0 50.0 50.0 50.0 50.0 50.0 50.0 50.0 50.0 50.0 50.0 50.0 50.0 50.0 50.0 50.0 50.0 50.0 50.0 50.0 50.0 50.0 50.0 50.0 50.0 50.0 50.0 50.0 50.0 50.0 50.0 50.0 50.0 50.0 50.0 50.0 50.0 50.0 50.0 50.0 50.0 50.0 50.0 50.0 50.0 50.0 50.0 50.0 50.0 50.0 50.0 50.0 50.0 50.0 50.0 50.0 50.0 50.0 50.0 50.0 50.0 50.0 50.0 50.0 50.0 50.0 50.0 50.0 50.0 50.0 50.0 50.0 50.0 50.0 50.0 50.0 50.0 50.0 50.0 50.0 50.0 50.0 50.0 50.0 50.0 50.0 50.0 50.0 50.0 50.0 50.0 50.0 50.0 50.0 50.0 50.0 50.0 50.0 50.0 50.0 50.0 50.0 50.0 50.0 50.0 50.0 50.0 50.0 50.0 50.0 50.0 50.0 50.0 50.0 50.0 50.0 50.0 50.0 50.0 50.0 50.0 50.0 50.0 50.0 50.0 50.0 50.0 50.0 50.0 50.0 50.0 50.0 50.0 50.0 50.0 50.0 50.0 50.0 50.0 50.0 50.0 50.0 50.0 50.0 50.0 50.0 50.0 50.0 50.0 50.0 50.0 50.0 50.0 50.0 50.0 50.0 50.0 50.0 50.0 50.0 50.0 50.0 50.0 50.0 50.0 50.0 50.0 50.0 50.0 50.0 50.0 50.0 50.0 50.0 50.0 50.0 50.0 50.0 50.0 50.0 50.0 50.0 50.0 50.0 50.0 50.0 50.0 50.0 50.0 50.0 50.0 50.0 50.0 50.0 50.0 50.0 50.0 50.0 50.0 50.0 50.0 50.0 50.0 50.0 50.0 50.0 50.0 50.0 50.0 50.0 50.0 50.0 50.0 50.0 50.0 50.0 50.0 50.0 50.0 50.0 50.0 50.0 50.0 50.0 50.0 50.0 50.0 50.0 50.0 50.0 50.0 50.0 50.0 50.0 50.0 50.0 50.0 50.0 50.0 50.0 50.0 50.0 50.0 50.0 50.0 50.0 50.0 50.0 50.0 50.0 50.0 50.0 50.0 50.0 50.0 50.0 50.0 50.0 50.0 50.0 50.0 50.0 50.0 50.0 50.0 50.0 50.0 50.0 50.0 50.0 50.0 50.0 50.0 50.0 50.0 50.0 50.0 50.0 50.0 50.0 50.0 50.0 50.0 50.0 50.0 50.0 50.0 50.0 50.0 50.0 50.0 50.0 50.0 50.0 50.0 50.0 50.0 50.0 50.0 50.0 50.0 50.0 50.0 50.0 50.0 50.0 50.0 50.0 50.0 50.0 50.0 50.0 50.0 50.0 50.0 50.0 50.0 50.0 50.0 50.0 50.0 50.0 50.0 50.0 50.0 50.0 50.0 50.0 50.0 50.0 50.0 50.0 
# name: reacPower
# type: matrix
# rows: 1
# columns: 357
 -20.186 0.0 0.0 0.0 0.0 0.0 0.0 0.0 0.0 0.0 0.0 0.0 0.0 0.0 0.0 0.0 0.0 0.0 0.0 0.0 0.0 0.0 0.0 0.0 0.0 0.0 0.0 0.0 0.0 0.0 0.0 0.0 0.0 0.0 0.0 0.0 0.0 0.0 0.0 0.0 0.0 0.0 0.0 0.0 0.0 0.0 0.0 0.0 0.0 0.0 0.0 0.0 0.0 0.0 0.0 0.0 0.0 0.0 0.0 0.0 0.0 0.0 0.0 0.0 0.0 0.0 0.0 0.0 0.0 0.0 0.0 0.0 0.0 0.0 0.0 0.0 0.0 0.0 0.0 0.0 0.0 0.0 0.0 0.0 -17.08 -17.909 -22.774 -19.358 -19.254 -20.289 -17.287 -27.536 -19.772 -18.53 -17.287 -18.944 -23.395 -19.875 -17.287 -19.875 -21.118 -20.911 -17.287 -20.911 -21.325 -20.186 -19.668 -17.391 -22.981 -19.047 -18.737 -20.186 -19.668 -21.428 -17.391 -19.461 -21.946 -17.494 -19.668 -18.944 -24.12 -24.741 -18.737 -17.701 -18.633 -19.047 -19.875 -20.393 -18.116 -17.598 -17.701 -17.598 -17.598 -17.701 -19.461 -23.809 -20.6 -17.805 -17.598 -20.186 -22.049 -22.774 -21.739 -17.598 -17.701 -17.701 -17.391 -18.84 -20.704 -20.289 -20.186 -18.323 -20.497 -22.049 -20.393 -20.497 -18.116 -17.287 -18.944 -20.082 -21.428 -21.325 -19.151 -21.946 -22.049 -22.153 -20.704 -18.53 -19.979 -20.497 -19.875 -19.358 -17.391 -17.805 -19.979 -20.497 -20.911 -17.391 -19.979 -22.878 -17.494 -21.118 -19.772 -19.875 -21.118 -16.977 -17.909 -21.118 -23.188 -17.287 -22.153 -21.842 -20.704 -23.188 -20.186 -19.151 -21.428 -19.461 -22.049 -21.325 -20.289 -17.701 -20.289 -21.635 -21.946 -21.325 -21.014 -19.875 -19.565 -17.805 -18.944 -18.323 -20.6 -21.739 -19.668 -21.532 -19.047 -18.737 -18.53 -19.151 -20.6 -17.909 -17.184 -17.494 -18.633 -18.737 -18.633 -18.737 -17.184 -19.668 -21.635 -17.184 -19.461 -19.047 -18.116 -20.186 -19.875 -17.494 -17.701 -22.463 -18.944 -17.287 -18.116 -19.668 -21.428 -19.151 -17.391 -22.878 -18.219 -19.151 -20.393 -24.016 -17.598 -22.049 -17.494 -21.014 -21.532 -17.391 -18.426 -21.739 -21.014 -18.116 -17.287 -20.497 -20.497 -18.633 -17.805 -17.08 -16.977 -19.668 -20.186 -23.085 -18.633 -17.391 -17.805 -19.151 -18.219 -18.219 -18.116 -19.461 -18.219 -17.391 -18.219 -20.911 -18.323 -22.67 -22.774 -23.085 -23.292 -26.604 -23.499 -18.737 -16.977 -20.6 -28.675 -29.089 -31.987 -28.778 -21.221 -18.737 -19.047 -18.633 -22.878 -21.014 -28.778 -18.944 -19.151 -22.36 -18.737 -19.668 -23.395 -23.085 -19.047 -19.047 -19.668 -22.049 -21.014 -18.116 -17.598 -17.701 -18.219 -18.633 -20.082 -24.844 -22.67 -17.184 -18.219 -20.6 -22.567 -17.287 -17.494 -21.635 -18.53 -17.08 -19.875 -17.494 -17.701 -21.221 -22.463 -20.6 -19.772 -20.704 -19.254 -27.329 -17.701 -18.84 -16.873 -17.287 -21.014 -17.287 -21.946 -17.184 -22.153 -18.944 -17.494 -23.188 -17.805 
