# name: phAngle
# type: matrix
# rows: 1
# columns: 359
 347 347 347 344 343 346 346 342 345 347 346 345 344 344 344 343 342 346 347 347 345 345 345 345 343 342 345 270 270 270 270 270 270 271 270 270 270 270 270 270 270 270 270 270 270 270 270 270 270 270 270 270 271 270 270 270 270 270 270 270 270 270 270 270 270 270 270 270 270 270 270 270 270 270 270 270 270 270 270 270 270 270 270 270 271 270 270 271 270 270 270 270 270 270 270 271 270 270 270 270 270 270 271 270 271 270 271 270 270 271 271 270 270 270 270 270 270 270 270 270 270 270 270 270 270 270 270 270 270 270 271 270 270 271 270 270 270 270 270 270 270 270 270 270 270 270 270 270 271 270 270 270 270 270 270 271 271 270 270 270 270 270 271 271 271 270 270 270 270 270 270 270 270 270 271 270 270 270 270 270 271 270 271 271 270 270 270 270 270 270 270 270 270 270 270 270 343 344 346 346 345 342 345 346 343 342 346 345 342 345 345 346 347 347 346 343 342 343 347 345 342 346 342 347 343 342 347 343 346 342 345 344 343 347 345 343 342 342 342 342 343 343 343 344 346 347 345 346 345 345 344 342 342 342 343 342 342 343 343 342 343 346 346 342 344 345 345 347 342 347 342 346 345 345 343 345 345 345 346 342 347 345 344 343 342 343 345 347 347 344 342 344 344 345 346 347 346 347 347 345 343 342 343 346 347 345 345 343 344 346 342 343 346 344 343 343 344 346 347 345 343 342 344 347 347 347 346 345 342 340 344 345 345 342 342 338 345 347 346 342 346 347 346 346 347 343 342 343 343 343 346 347 346 344 344 345 347 346 343 
# name: freq
# type: matrix
# rows: 1
# columns: 359
 50.0 50.0 50.0 50.0 50.0 50.0 50.0 50.0 50.0 50.0 50.0 50.0 50.0 50.0 50.0 50.0 50.0 50.0 50.0 50.0 50.0 50.0 50.0 50.0 50.0 50.0 50.0 50.0 50.0 50.0 50.0 50.0 50.0 50.0 50.0 50.0 50.0 50.0 50.0 50.0 50.0 50.0 50.0 50.0 50.0 50.0 50.0 50.0 50.0 50.0 50.0 50.0 50.0 50.0 50.0 50.0 50.0 50.0 50.0 50.0 50.0 50.0 50.0 50.0 50.0 50.0 50.0 50.0 50.0 50.0 50.0 50.0 50.0 50.0 50.0 50.0 50.0 50.0 50.0 50.0 50.0 50.0 50.0 50.0 50.0 50.0 50.0 50.0 50.0 50.0 50.0 50.0 50.0 50.0 50.0 50.0 50.0 50.0 50.0 50.0 50.0 50.0 50.0 50.0 50.0 50.0 50.0 50.0 50.0 50.0 50.0 50.0 50.0 50.0 50.0 50.0 50.0 50.0 50.0 50.0 50.0 50.0 50.0 50.0 50.0 50.0 50.0 50.0 50.0 50.0 50.0 50.0 50.0 50.0 50.0 50.0 50.0 50.0 50.0 50.0 50.0 50.0 50.0 50.0 50.0 50.0 50.0 50.0 50.0 50.0 50.0 50.0 50.0 50.0 50.0 50.0 50.0 50.0 50.0 50.0 50.0 50.0 50.0 50.0 50.0 50.0 50.0 50.0 50.0 50.0 50.0 50.0 50.0 50.0 50.0 50.0 50.0 50.0 50.0 50.0 50.0 50.0 50.0 50.0 50.0 50.0 50.0 50.0 50.0 50.0 50.0 50.0 50.0 50.0 50.0 50.0 49.9 50.0 50.0 50.0 49.9 50.0 50.0 50.0 50.0 49.9 50.0 50.0 50.0 50.0 50.0 50.0 49.9 50.0 50.0 50.0 50.0 50.0 50.0 50.0 50.0 50.0 50.0 50.0 50.0 50.0 50.0 50.0 50.0 50.0 50.0 50.0 50.0 50.0 50.0 50.0 50.0 50.0 50.0 50.0 50.0 50.0 50.0 50.0 50.0 50.0 50.0 50.0 50.0 50.0 50.0 50.0 50.0 50.0 50.0 50.0 50.0 50.0 50.0 50.0 50.0 50.0 50.0 50.0 50.0 50.0 50.0 50.0 50.0 50.0 50.0 50.0 50.0 50.0 50.0 50.0 50.0 50.0 50.0 50.0 50.0 50.0 50.0 50.0 50.0 50.0 50.0 50.0 50.0 50.0 50.0 50.0 50.0 50.0 50.0 50.0 50.0 50.0 50.0 50.0 50.0 50.0 50.0 50.0 50.0 50.0 50.0 50.0 50.0 50.0 50.0 50.0 50.0 50.0 50.0 50.0 50.0 50.0 50.0 50.0 50.0 50.0 50.0 50.0 50.0 50.0 50.0 50.0 50.0 50.0 50.0 50.0 50.0 50.0 50.0 50.0 50.0 50.0 50.0 50.0 50.0 50.0 50.0 50.0 50.0 50.0 50.0 50.0 50.0 50.0 50.0 50.0 50.0 50.0 50.0 50.0 50.0 50.0 50.0 
# name: reacPower
# type: matrix
# rows: 1
# columns: 359
 -30.124 -29.813 -30.124 -37.888 -40.269 -31.159 -32.091 -41.511 -33.954 -29.813 -31.884 -34.886 -37.888 -38.302 -38.199 -39.751 -41.408 -32.505 -29.917 -30.331 -33.954 -35.093 -33.23 -36.956 -40.787 -41.408 -34.058 -14.803 -14.699 -14.699 -14.803 -14.699 -14.803 -14.906 -14.803 -14.803 -14.906 -14.803 -14.803 -14.906 -14.699 -14.803 -14.803 -14.803 -14.803 -14.699 -14.906 -14.803 -14.803 -14.906 -14.803 -14.906 -14.699 -14.803 -14.906 -14.803 -14.803 -14.906 -14.803 -14.699 -14.803 -14.906 -14.906 -14.803 -14.803 -14.803 -14.803 -14.803 -14.803 -14.803 -14.803 -14.803 -14.803 -14.596 -14.596 -14.492 -14.699 -14.699 -14.699 -14.699 -14.699 -14.699 -14.699 -14.699 -14.699 -14.699 -14.699 -14.596 -14.803 -14.699 -14.699 -14.699 -14.803 -14.699 -14.492 -14.803 -14.803 -14.596 -14.699 -14.803 -14.699 -14.803 -14.906 -14.803 -14.803 -14.699 -14.803 -14.699 -14.699 -14.699 -14.596 -14.803 -14.699 -14.803 -14.803 -14.803 -14.803 -14.906 -14.906 -14.803 -14.803 -14.803 -14.803 -14.906 -14.906 -14.803 -14.699 -14.803 -14.803 -14.803 -14.803 -14.906 -14.803 -14.803 -14.803 -14.699 -14.803 -14.803 -14.699 -14.699 -14.699 -14.803 -14.699 -14.596 -14.699 -14.803 -14.699 -14.492 -14.803 -14.803 -14.803 -14.906 -14.906 -14.803 -14.803 -14.906 -14.906 -14.699 -14.803 -14.906 -14.906 -14.803 -14.906 -14.803 -14.803 -14.803 -14.803 -14.906 -14.906 -14.906 -15.01 -14.906 -15.01 -15.01 -14.906 -14.906 -15.01 -14.906 -14.906 -14.906 -14.906 -14.906 -14.906 -15.113 -15.01 -14.906 -15.113 -15.01 -14.906 -15.01 -15.01 -15.01 -14.906 -15.01 -15.01 -14.906 -41.097 -38.509 -31.366 -31.78 -36.439 -42.65 -35.507 -31.677 -40.994 -42.753 -32.712 -35.196 -42.753 -35.507 -34.058 -31.159 -30.434 -30.745 -33.333 -39.751 -41.925 -39.648 -30.849 -36.542 -42.236 -30.952 -42.546 -30.227 -39.648 -41.718 -30.434 -39.751 -31.47 -41.718 -36.749 -37.163 -40.269 -30.745 -36.128 -40.787 -41.408 -42.753 -42.339 -42.753 -40.787 -39.648 -40.579 -38.302 -31.677 -30.745 -33.23 -32.815 -33.644 -34.782 -37.888 -42.546 -41.615 -41.718 -40.89 -41.511 -41.925 -39.958 -40.579 -42.546 -40.269 -32.608 -31.677 -42.339 -38.613 -36.646 -35.196 -30.434 -42.132 -29.71 -42.339 -32.401 -36.335 -35.093 -39.751 -33.644 -36.439 -36.335 -31.884 -42.339 -30.227 -33.023 -37.784 -40.476 -41.201 -41.201 -33.954 -30.331 -30.434 -37.37 -42.132 -38.095 -35.093 -33.437 -31.677 -30.124 -30.952 -30.124 -30.745 -33.954 -37.267 -41.822 -40.165 -32.608 -30.227 -33.023 -34.886 -40.372 -37.267 -31.884 -42.029 -40.476 -31.056 -35.714 -41.201 -41.201 -37.474 -32.091 -29.813 -33.954 -39.13 -42.029 -37.784 -30.331 -30.538 -30.538 -31.056 -37.06 -41.511 -37.577 -35.507 -31.47 -33.437 -41.408 -42.029 -30.849 -34.058 -30.227 -32.194 -41.511 -32.608 -29.917 -31.677 -31.78 -29.917 -39.027 -41.408 -39.441 -40.787 -41.097 -32.401 -29.089 -31.366 -36.439 -36.335 -34.058 -30.745 -31.987 -40.994 
