# name: phAngle
# type: matrix
# rows: 1
# columns: 359
 0 0 0 0 0 0 0 0 0 0 0 0 0 0 0 0 0 0 0 0 0 0 293 330 321 321 321 329 332 332 331 332 332 332 332 332 332 332 332 332 332 332 332 332 332 332 332 332 332 332 332 332 332 332 332 332 332 332 332 332 332 332 332 332 332 332 332 332 332 332 332 332 332 332 332 332 332 332 332 332 332 332 332 332 332 332 331 331 332 332 332 332 332 331 331 332 332 331 332 331 331 330 332 331 331 332 332 332 332 332 332 332 332 332 332 332 332 332 332 333 332 332 332 332 332 332 332 332 332 332 332 332 332 332 332 332 332 332 332 332 332 332 332 332 332 332 332 332 332 332 332 332 332 332 332 332 332 332 332 332 332 332 332 332 332 332 332 332 332 332 332 332 333 332 332 332 333 332 332 332 332 332 332 333 332 332 332 332 332 332 332 332 332 332 332 332 332 332 332 332 332 332 330 332 332 332 332 332 332 332 332 332 332 332 332 332 332 332 332 332 332 332 332 332 332 332 332 332 332 332 332 332 332 332 332 332 332 332 332 332 332 332 332 332 332 332 332 332 332 332 332 332 332 332 332 332 332 332 332 332 332 332 332 332 332 332 332 332 332 332 332 332 332 332 332 332 332 332 332 332 332 332 332 332 332 332 332 332 332 332 332 332 332 332 332 332 332 332 332 332 332 332 332 332 332 330 332 332 332 332 332 332 332 332 332 332 332 332 332 332 332 332 332 332 332 332 330 332 332 332 332 332 332 332 332 332 332 332 330 332 330 330 332 332 332 330 332 330 332 332 332 332 332 332 332 332 332 332 332 
# name: freq
# type: matrix
# rows: 1
# columns: 359
 50.0 50.0 50.0 50.0 50.0 50.0 50.0 50.0 50.0 50.0 50.0 50.0 50.0 50.0 50.0 50.0 50.0 50.0 50.0 50.0 50.0 50.0 50.0 50.0 50.0 50.0 50.0 50.0 50.0 50.0 50.0 50.0 50.0 50.0 50.0 50.0 50.0 50.0 50.0 50.0 50.0 50.0 50.0 50.0 50.0 50.0 50.0 50.0 50.0 50.0 50.0 50.0 50.0 50.0 50.0 50.0 50.0 50.0 50.0 50.0 50.0 50.0 50.0 50.0 50.0 50.0 50.0 50.0 50.0 50.0 50.0 50.0 50.0 50.0 50.0 50.0 50.0 50.0 50.0 50.0 50.0 50.0 50.0 50.0 50.0 50.0 50.0 50.0 50.0 50.0 50.0 50.0 50.0 50.0 50.0 50.0 50.0 50.0 50.0 50.0 50.0 50.0 50.0 50.0 50.0 50.0 50.0 50.0 50.0 50.0 50.0 50.0 50.0 50.0 50.0 50.0 50.0 50.0 50.0 50.0 50.0 50.0 50.0 50.0 50.0 50.0 50.0 50.0 50.0 50.0 50.0 50.0 50.0 50.0 50.0 50.0 50.0 50.0 50.0 50.0 50.0 50.0 50.0 50.0 50.0 50.0 50.0 50.0 50.0 50.0 50.0 50.0 50.0 50.0 50.0 50.0 50.0 50.0 50.0 50.0 50.0 50.0 50.0 50.0 50.0 50.0 50.0 50.0 50.0 50.0 50.0 50.0 50.0 50.0 50.0 50.0 50.0 50.0 50.0 50.0 50.0 50.0 50.0 50.0 50.0 50.0 50.0 50.0 50.0 50.0 50.0 50.0 50.0 50.0 50.0 50.0 50.0 50.0 50.0 50.0 50.0 50.0 50.0 50.0 50.0 50.0 50.0 50.0 50.0 50.0 50.0 50.0 50.0 50.0 50.0 50.0 50.0 50.0 50.0 50.0 50.0 50.0 50.0 50.0 50.0 50.0 50.0 50.0 50.0 50.0 50.0 50.0 50.0 50.0 50.0 50.0 50.0 50.0 50.0 50.0 50.0 50.0 50.0 50.0 50.0 50.0 50.0 50.0 50.0 50.0 50.0 50.0 50.0 50.0 50.0 50.0 50.0 50.0 50.0 50.0 50.0 50.0 50.0 50.0 50.0 50.0 50.0 50.0 50.0 50.0 50.0 50.0 50.0 50.0 50.0 50.0 50.0 50.0 50.0 50.0 50.0 50.0 50.0 50.0 50.0 50.0 50.0 50.0 50.0 50.0 50.0 50.0 50.0 50.0 50.0 50.0 50.0 50.0 50.0 50.0 50.0 50.0 50.0 50.0 50.0 50.0 50.0 50.0 50.0 50.0 50.0 50.0 50.0 50.0 50.0 50.0 50.0 50.0 50.0 50.0 50.0 50.0 50.0 50.0 50.0 50.0 50.0 50.0 50.0 50.0 50.0 50.0 50.0 50.0 50.0 50.0 50.0 50.0 50.0 50.0 50.0 50.0 50.0 50.0 50.0 50.0 50.0 50.0 50.0 50.0 50.0 50.0 50.0 50.0 50.0 50.0 50.0 50.0 50.0 
# name: reacPower
# type: matrix
# rows: 1
# columns: 359
 0.0 0.0 0.0 0.0 0.0 0.0 0.0 0.0 0.0 0.0 0.0 0.0 0.0 0.0 0.0 0.0 0.0 0.0 0.0 0.0 0.0 0.0 -26.087 -41.097 -36.232 -36.232 -36.128 -40.372 -40.476 -39.751 -40.476 -40.062 -39.751 -40.165 -40.683 -40.165 -40.269 -40.165 -40.372 -39.544 -39.958 -40.269 -39.855 -40.165 -39.958 -40.165 -39.337 -39.544 -39.958 -39.337 -39.544 -40.165 -39.855 -39.234 -39.441 -39.855 -39.441 -39.234 -40.372 -39.958 -39.234 -40.062 -40.165 -40.269 -39.855 -40.269 -40.372 -39.337 -40.165 -40.683 -39.855 -40.165 -40.372 -40.269 -40.372 -40.165 -40.683 -39.751 -40.165 -40.994 -40.476 -40.269 -40.062 -40.165 -39.337 -40.579 -41.408 -41.615 -40.165 -40.683 -40.89 -40.579 -41.201 -41.304 -41.408 -40.579 -40.89 -41.511 -40.269 -41.304 -41.304 -41.304 -40.579 -41.408 -41.408 -40.062 -40.062 -40.89 -40.579 -40.372 -40.89 -40.787 -39.855 -40.062 -40.787 -40.89 -40.372 -41.097 -40.787 -38.923 -40.062 -40.787 -40.994 -40.269 -40.89 -40.787 -39.648 -40.476 -40.683 -40.787 -39.751 -39.958 -40.994 -39.855 -39.855 -40.579 -39.855 -40.165 -40.476 -39.855 -39.751 -40.062 -40.89 -40.476 -39.337 -40.787 -40.165 -40.062 -40.269 -40.269 -40.476 -39.751 -40.89 -41.097 -39.958 -39.855 -40.683 -40.787 -39.958 -40.165 -40.476 -40.476 -39.958 -40.683 -40.269 -39.234 -40.269 -40.269 -39.958 -39.234 -40.165 -39.234 -39.027 -40.372 -40.062 -39.337 -38.716 -39.441 -39.958 -39.441 -39.544 -39.958 -39.234 -38.716 -40.89 -40.269 -39.855 -40.476 -40.269 -40.476 -40.165 -40.683 -40.062 -39.648 -40.89 -40.579 -40.787 -40.269 -40.787 -40.062 -39.337 -41.097 -41.304 -40.579 -40.372 -40.787 -40.165 -39.441 -40.683 -40.787 -40.165 -40.165 -40.683 -40.269 -39.958 -40.579 -40.579 -40.165 -39.855 -40.062 -40.062 -39.751 -40.579 -40.579 -40.372 -39.648 -40.476 -40.165 -39.441 -40.476 -40.165 -39.958 -40.062 -40.372 -40.372 -40.062 -40.062 -40.579 -40.062 -40.269 -40.89 -40.062 -40.269 -40.476 -41.201 -40.683 -40.165 -40.269 -40.165 -40.165 -40.787 -40.579 -40.269 -40.476 -40.476 -40.372 -40.062 -40.476 -40.683 -40.165 -40.372 -40.269 -40.372 -40.372 -40.476 -40.579 -40.062 -40.165 -40.372 -40.062 -39.648 -40.476 -39.855 -39.855 -39.441 -39.751 -39.855 -39.544 -40.269 -39.855 -39.958 -39.958 -39.958 -39.855 -39.544 -40.062 -40.062 -39.958 -40.165 -40.269 -40.165 -40.476 -39.958 -39.958 -40.579 -40.269 -40.89 -39.958 -40.476 -40.683 -40.579 -40.683 -40.579 -40.89 -40.683 -41.304 -40.89 -40.372 -40.579 -40.476 -40.372 -40.787 -40.89 -40.787 -40.269 -40.269 -40.476 -40.89 -40.89 -40.787 -40.269 -40.372 -40.787 -40.89 -41.201 -40.579 -41.304 -40.89 -41.097 -41.097 -40.579 -40.994 -40.476 -40.994 -40.994 -40.683 -40.994 -41.097 -41.408 -40.89 -41.718 -41.304 -40.787 -40.579 -41.201 -41.304 -40.062 -41.304 -40.476 -40.269 -41.201 -41.201 -41.097 -40.787 -41.097 -40.787 -40.683 -40.787 -40.89 
