# name: phAngle
# type: matrix
# rows: 1
# columns: 360
 340 340 340 340 340 340 340 340 340 340 340 340 340 340 340 340 340 340 340 340 340 340 340 340 340 340 340 340 340 340 340 340 340 340 340 340 340 340 340 340 340 340 340 340 340 340 340 340 340 340 340 340 340 340 340 340 340 340 340 340 340 340 340 340 340 340 340 340 340 340 340 340 340 340 340 340 340 340 340 340 340 340 340 340 340 340 340 340 340 340 340 340 340 340 340 340 340 340 340 340 340 340 340 340 340 340 340 340 340 340 340 340 340 340 340 340 340 340 340 340 340 340 340 340 340 340 340 340 340 340 340 340 340 340 340 340 340 340 340 340 340 340 340 340 340 340 340 340 340 340 340 340 340 340 340 340 340 340 340 340 340 340 340 340 340 340 340 340 340 340 340 340 340 340 340 340 340 340 340 340 340 340 340 340 340 340 340 340 340 340 340 340 340 340 340 340 340 340 340 340 340 340 340 340 340 340 340 340 340 340 340 340 340 340 340 340 340 340 340 340 340 340 340 340 340 340 340 340 340 340 340 340 340 340 340 340 340 340 340 340 340 340 340 340 340 340 340 340 340 340 340 340 340 340 340 340 340 340 340 340 340 340 340 340 340 340 340 340 340 340 340 340 340 340 340 340 340 340 340 340 340 340 340 340 340 340 340 340 340 340 340 340 340 340 340 340 340 340 340 340 340 340 340 340 340 340 340 340 340 340 340 340 340 340 340 340 340 340 340 340 340 340 340 340 340 340 340 340 340 340 340 340 340 340 340 340 340 340 340 340 340 340 340 340 340 340 340 340 340 340 340 340 340 340 340 340 340 340 340 340 
# name: freq
# type: matrix
# rows: 1
# columns: 360
 50.0 50.0 50.0 50.0 50.0 50.0 50.0 50.0 50.0 50.0 50.0 50.0 50.0 50.0 50.0 50.0 50.0 50.0 50.0 50.0 50.0 50.0 50.0 50.0 50.0 50.0 50.0 50.0 50.0 50.0 50.0 50.0 50.0 50.0 50.0 50.0 50.0 50.0 50.0 50.0 50.0 50.0 50.0 50.0 50.0 50.0 50.0 50.0 50.0 50.0 50.0 50.0 50.0 50.0 50.0 50.0 50.0 50.0 50.0 50.0 50.0 50.0 50.0 50.0 50.0 50.0 50.0 50.0 50.0 50.0 50.0 50.0 50.0 50.0 50.0 50.0 50.0 50.0 50.0 50.0 50.0 50.0 50.0 50.0 50.0 50.0 50.0 50.0 50.0 50.0 50.0 50.0 50.0 50.0 50.0 50.0 50.0 50.0 50.0 50.0 50.0 50.0 50.0 50.0 50.0 50.0 50.0 50.0 50.0 50.0 50.0 50.0 50.0 50.0 50.0 50.0 50.0 50.0 50.0 50.0 50.0 50.0 50.0 50.0 50.0 50.0 50.0 50.0 50.0 50.0 50.0 50.0 50.0 50.0 50.0 50.0 50.0 50.0 50.0 50.0 50.0 50.0 50.0 50.0 50.0 50.0 50.0 50.0 50.0 50.0 50.0 50.0 50.0 50.0 50.0 50.0 50.0 50.0 50.0 50.0 50.0 50.0 50.0 50.0 50.0 50.0 50.0 50.0 50.0 50.0 50.0 50.0 50.0 50.0 50.0 50.0 50.0 50.0 50.0 50.0 50.0 50.0 50.0 50.0 50.0 50.0 50.0 50.0 50.0 50.0 50.0 50.0 50.0 50.0 50.0 50.0 50.0 50.0 50.0 50.0 50.0 50.0 50.0 50.0 50.0 50.0 50.0 50.0 50.0 50.0 50.0 50.0 50.0 50.0 50.0 50.0 50.0 50.0 50.0 50.0 50.0 49.9 50.0 50.0 50.0 50.0 50.0 49.9 50.0 50.0 50.0 50.0 49.9 49.9 50.0 50.0 50.0 50.0 50.0 49.9 50.0 50.0 50.0 50.0 50.0 50.0 50.0 50.0 50.0 50.0 50.0 49.9 50.0 50.0 50.0 50.0 50.0 50.0 50.0 50.0 50.0 50.0 50.0 50.0 50.0 50.0 50.0 50.0 50.0 50.0 50.0 50.0 50.0 50.0 50.0 50.0 50.0 50.0 50.0 50.0 50.0 50.0 50.0 50.0 50.0 50.0 50.0 50.0 50.0 50.0 50.0 50.0 50.0 50.0 50.0 50.0 50.0 50.0 50.0 50.0 50.0 50.0 50.0 50.0 50.0 50.0 50.0 50.0 50.0 50.0 50.0 50.0 50.0 50.0 50.0 50.0 50.0 50.0 50.0 50.0 50.0 50.0 50.0 50.0 50.0 50.0 50.0 50.0 50.0 50.0 50.0 50.0 50.0 50.0 50.0 50.0 50.0 50.0 50.0 50.0 50.0 50.0 50.0 50.0 50.0 50.0 50.0 50.0 50.0 50.0 50.0 50.0 50.0 50.0 50.0 50.0 50.0 50.0 50.0 50.0 
# name: reacPower
# type: matrix
# rows: 1
# columns: 360
 -30.538 -30.538 -30.642 -30.745 -30.538 -30.434 -30.434 -30.434 -30.538 -30.434 -30.434 -30.434 -30.434 -30.331 -30.331 -30.331 -30.434 -30.538 -30.434 -30.434 -30.434 -30.227 -30.331 -30.331 -30.331 -30.434 -30.434 -30.331 -30.227 -30.331 -30.331 -30.331 -30.434 -30.331 -30.331 -30.331 -30.331 -30.331 -30.331 -30.331 -30.331 -30.227 -30.227 -30.227 -30.227 -30.331 -30.331 -30.227 -30.227 -30.227 -30.227 -30.331 -30.331 -30.227 -30.331 -30.434 -30.434 -30.331 -30.227 -30.124 -30.124 -30.124 -30.124 -30.124 -30.124 -30.227 -30.331 -30.434 -30.434 -30.331 -30.227 -30.227 -30.331 -30.434 -30.227 -30.434 -30.331 -30.331 -30.331 -30.227 -30.124 -30.124 -30.124 -30.331 -30.227 -30.331 -30.124 -30.227 -30.331 -30.331 -30.434 -30.434 -30.331 -30.434 -30.434 -30.331 -30.331 -30.331 -30.434 -30.331 -30.331 -30.331 -30.331 -30.331 -30.331 -30.331 -30.331 -30.331 -30.331 -30.434 -30.331 -30.434 -30.538 -30.434 -30.331 -30.434 -30.331 -30.331 -30.434 -30.331 -30.331 -30.434 -30.331 -30.331 -30.434 -30.434 -30.331 -30.434 -30.434 -30.434 -30.434 -30.434 -30.434 -30.227 -30.331 -30.227 -30.331 -30.331 -30.434 -30.434 -30.434 -30.434 -30.434 -30.538 -30.434 -30.434 -30.331 -30.331 -30.331 -30.331 -30.331 -30.434 -30.331 -30.331 -30.331 -30.434 -30.434 -30.331 -30.331 -30.331 -30.331 -30.331 -30.331 -30.434 -30.434 -30.434 -30.331 -30.434 -30.331 -30.331 -30.434 -30.331 -30.434 -30.434 -30.538 -30.434 -30.331 -30.331 -30.434 -30.538 -30.538 -30.434 -30.434 -30.434 -30.434 -30.538 -30.434 -30.538 -30.642 -30.434 -30.434 -30.538 -30.538 -30.434 -30.538 -30.331 -30.538 -30.434 -30.538 -30.538 -30.434 -30.434 -30.434 -30.538 -30.434 -30.538 -30.538 -30.538 -30.538 -30.434 -30.434 -30.538 -30.642 -30.538 -30.434 -30.538 -30.434 -30.538 -29.917 -30.02 -30.02 -29.917 -29.813 -30.02 -30.02 -29.917 -29.917 -29.917 -29.813 -29.813 -29.917 -29.917 -29.813 -29.813 -29.71 -29.71 -29.813 -29.917 -29.71 -29.71 -29.71 -29.71 -29.71 -29.71 -29.813 -29.71 -29.606 -29.71 -29.606 -29.606 -29.606 -29.606 -29.503 -29.503 -29.503 -29.606 -29.606 -29.606 -29.503 -29.606 -29.71 -29.503 -29.606 -29.606 -29.606 -29.71 -29.606 -29.71 -29.71 -29.606 -29.71 -29.606 -29.71 -29.606 -29.813 -29.606 -29.606 -29.606 -29.503 -29.606 -29.606 -29.503 -29.71 -29.606 -29.606 -29.503 -29.606 -29.813 -29.813 -29.71 -29.503 -29.606 -29.606 -29.606 -29.503 -29.606 -29.71 -29.606 -29.606 -29.606 -29.606 -29.503 -29.503 -29.606 -29.606 -29.606 -29.503 -29.503 -29.503 -29.606 -29.71 -29.71 -29.606 -29.503 -29.606 -29.71 -29.71 -29.71 -29.606 -29.71 -29.606 -29.606 -29.606 -29.606 -29.606 -29.71 -29.71 -29.71 -29.71 -29.606 -29.71 -29.606 -29.606 -29.606 -29.503 -29.503 -29.503 -29.503 -29.399 -29.606 -29.606 -29.606 -29.503 -29.606 -29.606 -29.606 -29.71 -29.71 -29.813 -29.813 -29.813 -29.813 -29.71 -29.606 -29.606 -29.606 -29.71 -29.813 -29.813 -29.813 
