# name: phAngle
# type: matrix
# rows: 1
# columns: 358
 0 0 0 328 270 271 271 271 271 271 271 271 271 271 271 271 271 271 271 271 271 271 271 336 330 330 330 330 331 332 332 330 330 332 331 331 332 332 331 332 332 331 331 331 332 331 331 332 331 331 332 332 332 332 332 331 331 332 332 331 332 332 332 332 332 332 332 332 332 332 332 332 332 332 332 332 332 332 332 332 331 331 332 332 331 332 332 331 330 332 331 332 332 332 332 332 332 332 332 332 332 332 332 332 332 332 332 332 332 332 332 332 332 332 332 332 332 332 332 332 332 332 332 332 332 332 332 332 332 332 332 332 332 332 332 332 332 332 332 332 332 332 332 332 332 332 332 332 332 332 332 332 332 332 332 332 332 332 332 332 333 332 332 332 332 332 332 332 332 332 332 332 332 332 332 332 332 332 332 332 332 332 332 332 332 332 332 332 332 332 332 332 332 332 332 332 332 332 332 332 332 332 332 332 332 332 332 332 332 332 332 332 332 332 332 332 332 332 332 332 332 332 332 332 332 332 332 332 332 332 332 332 332 332 332 332 332 332 332 332 332 332 332 332 332 332 332 332 332 332 332 332 332 332 332 332 332 332 332 332 332 332 332 332 332 332 332 332 332 332 332 332 332 332 332 332 332 332 332 332 332 332 332 332 332 332 332 332 332 330 332 332 332 332 332 332 330 332 332 332 332 332 332 332 332 332 332 332 332 332 332 332 332 332 332 332 332 330 332 332 332 332 332 332 330 332 332 332 332 332 332 332 332 332 332 332 333 332 332 332 332 332 332 332 332 332 332 332 332 332 332 332 332 332 332 332 332 333 
# name: freq
# type: matrix
# rows: 1
# columns: 358
 50.0 50.0 50.0 50.0 50.0 50.0 50.0 50.0 50.0 50.0 50.0 50.0 50.0 50.0 50.0 50.0 50.0 50.0 50.0 50.0 50.0 50.0 50.0 50.0 50.0 50.0 50.0 50.0 50.0 50.0 50.0 50.0 50.0 50.0 50.0 50.0 50.0 50.0 50.0 50.0 50.0 50.0 50.0 50.0 50.0 50.0 50.0 50.0 50.0 50.0 50.0 50.0 50.0 50.0 50.0 50.0 50.0 50.0 50.0 50.0 50.0 50.0 50.0 50.0 50.0 50.0 50.0 50.0 50.0 50.0 50.0 50.0 50.0 50.0 50.0 50.0 50.0 50.0 50.0 50.0 50.0 50.0 50.0 50.0 50.0 50.0 50.0 50.0 50.0 50.0 50.0 50.0 50.0 50.0 50.0 50.0 50.0 50.0 50.0 50.0 50.0 50.0 50.0 50.0 50.0 50.0 50.0 50.0 50.0 50.0 50.0 50.0 50.0 50.0 50.0 50.0 50.0 50.0 50.0 50.0 50.0 50.0 50.0 50.0 50.0 50.0 50.0 50.0 50.0 50.0 50.0 50.0 50.0 50.0 50.0 50.0 50.0 50.0 50.0 50.0 50.0 50.0 50.0 50.0 50.0 50.0 50.0 50.0 50.0 50.0 50.0 50.0 50.0 50.0 50.0 50.0 50.0 50.0 50.0 50.0 50.0 50.0 50.0 50.0 50.0 50.0 50.0 50.0 50.0 50.0 50.0 50.0 50.0 50.0 50.0 50.0 50.0 50.0 50.0 50.0 50.0 50.0 50.0 50.0 50.0 50.0 50.0 50.0 50.0 50.0 50.0 50.0 50.0 50.0 50.0 50.0 50.0 50.0 50.0 50.0 50.0 50.0 50.0 50.0 50.0 50.0 50.0 50.0 50.0 50.0 50.0 50.0 50.0 50.0 50.0 50.0 50.0 50.0 50.0 50.0 50.0 50.0 50.0 50.0 50.0 50.0 50.0 50.0 50.0 50.0 50.0 50.0 50.0 50.0 50.0 50.0 50.0 50.0 50.0 50.0 50.0 50.0 50.0 50.0 50.0 50.0 50.0 50.0 50.0 50.0 50.0 50.0 50.0 50.0 50.0 50.0 50.0 50.0 50.0 50.0 50.0 50.0 50.0 50.0 50.0 50.0 50.0 50.0 50.0 50.0 50.0 50.0 50.0 50.0 50.0 50.0 50.0 50.0 50.0 50.0 50.0 50.1 50.1 50.0 50.1 50.1 50.1 50.1 50.0 50.1 50.0 50.0 50.1 50.1 50.1 50.1 50.1 50.0 50.0 50.1 50.1 50.1 50.1 50.0 50.0 50.1 50.0 50.0 50.1 50.0 50.0 50.0 50.1 50.0 50.0 50.0 50.0 50.0 50.0 50.0 50.0 50.0 50.0 50.0 50.0 50.0 50.0 50.0 50.0 50.0 50.0 50.0 50.0 50.0 50.0 50.0 50.0 50.0 50.0 50.0 50.0 50.0 50.0 50.0 50.0 50.0 50.0 50.0 50.0 50.0 50.0 50.0 50.0 50.0 50.0 50.0 50.0 50.0 
# name: reacPower
# type: matrix
# rows: 1
# columns: 358
 0.0 0.0 0.0 -36.439 -19.461 -19.254 -19.461 -19.565 -19.358 -19.254 -19.565 -19.461 -19.358 -19.151 -19.151 -19.047 -19.254 -19.151 -19.358 -19.254 -19.358 -19.358 -19.254 -40.165 -41.925 -42.029 -41.615 -41.718 -41.615 -40.994 -40.579 -41.822 -41.408 -41.097 -41.615 -41.822 -41.097 -40.787 -41.615 -40.89 -40.994 -41.718 -41.718 -41.304 -40.476 -41.304 -41.408 -40.372 -41.615 -41.408 -40.476 -40.683 -40.994 -41.097 -40.994 -41.304 -41.511 -40.683 -40.683 -41.304 -40.579 -40.579 -41.097 -40.994 -40.787 -40.579 -40.89 -41.097 -40.372 -41.201 -41.097 -40.476 -40.683 -41.097 -41.201 -40.579 -41.201 -41.201 -40.787 -41.201 -41.201 -41.615 -41.097 -40.994 -41.511 -40.994 -40.89 -41.304 -41.201 -40.89 -41.511 -41.201 -40.89 -40.269 -41.201 -40.89 -40.269 -40.683 -40.994 -40.787 -40.994 -40.683 -40.579 -40.269 -40.683 -41.097 -40.372 -40.372 -40.89 -40.269 -40.476 -40.165 -40.89 -40.165 -40.165 -40.372 -40.372 -40.683 -40.787 -40.372 -40.269 -40.476 -40.787 -40.476 -40.165 -40.89 -40.683 -40.476 -40.372 -39.441 -39.751 -39.337 -39.855 -40.062 -39.337 -40.372 -39.751 -39.544 -39.648 -39.234 -39.751 -39.337 -39.958 -40.165 -39.544 -40.062 -39.855 -40.269 -40.165 -40.476 -40.062 -39.855 -39.751 -40.062 -40.269 -40.372 -40.683 -39.441 -39.648 -39.648 -39.027 -39.958 -39.648 -40.372 -39.751 -39.751 -39.855 -39.544 -40.165 -39.751 -40.165 -39.751 -39.648 -39.958 -39.958 -39.958 -39.751 -39.958 -39.751 -40.165 -39.544 -39.855 -40.476 -40.269 -40.683 -40.269 -40.476 -40.372 -39.855 -40.062 -39.958 -40.579 -39.958 -39.958 -40.579 -40.165 -40.165 -40.165 -40.269 -39.855 -39.958 -40.579 -39.958 -39.958 -40.269 -40.579 -39.855 -40.165 -40.683 -40.165 -39.855 -40.062 -40.994 -39.855 -40.062 -40.683 -40.476 -40.165 -40.269 -40.89 -39.958 -40.062 -40.269 -39.648 -39.648 -40.062 -40.269 -40.062 -40.062 -40.372 -40.165 -39.648 -39.958 -40.579 -39.855 -40.165 -40.062 -40.89 -40.165 -39.648 -40.683 -39.751 -39.751 -40.269 -40.372 -40.062 -39.751 -40.994 -39.958 -39.855 -40.476 -40.165 -39.337 -40.372 -40.476 -40.165 -40.062 -40.372 -40.579 -39.751 -40.683 -40.89 -40.165 -40.476 -40.683 -40.683 -39.958 -40.476 -40.89 -39.751 -40.269 -40.787 -40.476 -40.062 -40.476 -40.994 -40.165 -39.958 -40.579 -41.097 -39.855 -40.165 -40.579 -39.751 -40.476 -40.787 -40.787 -40.062 -40.683 -41.304 -40.269 -40.787 -40.89 -40.994 -40.579 -40.89 -41.408 -40.165 -40.683 -40.994 -40.787 -40.062 -40.89 -41.201 -40.269 -40.476 -40.994 -40.994 -40.165 -40.787 -40.787 -40.165 -40.476 -40.89 -41.097 -40.269 -41.097 -41.304 -40.165 -40.787 -41.097 -41.201 -40.165 -40.579 -41.511 -40.165 -40.476 -40.787 -41.097 -40.062 -40.683 -40.787 -39.648 -39.751 -40.372 -40.372 -38.923 -40.269 -40.372 -39.648 -39.855 -40.269 -40.269 -39.234 -40.372 -40.683 -39.958 -40.476 -40.579 -40.683 -40.062 -40.269 -40.269 -39.958 -39.441 -39.958 -40.062 -39.13 
