# name: phAngle
# type: matrix
# rows: 1
# columns: 360
 270 270 272 270 270 270 270 270 271 270 270 270 270 270 270 270 270 270 270 315 343 347 344 345 346 342 347 344 346 342 343 345 347 345 343 343 343 345 347 346 346 344 343 343 347 347 347 343 346 346 344 343 343 343 343 344 344 346 347 345 343 343 343 343 347 345 343 345 345 343 347 343 346 347 343 347 343 347 343 347 343 347 343 347 346 344 343 343 346 347 345 343 345 347 346 346 345 343 343 343 343 343 346 347 343 343 343 343 343 343 343 343 343 344 347 344 343 348 347 345 343 343 343 343 343 343 343 343 342 343 343 343 345 347 346 343 346 345 346 347 348 347 345 343 343 344 347 346 343 344 347 343 343 343 343 345 347 347 343 343 343 343 347 346 343 343 343 343 344 345 347 348 346 345 346 348 345 342 345 347 345 343 343 343 343 344 344 342 343 345 347 348 344 344 347 347 347 345 343 342 343 346 346 347 348 347 343 343 343 343 343 342 343 342 343 344 346 346 347 348 347 347 348 347 345 343 344 346 343 347 345 345 348 345 342 347 345 343 343 347 347 344 343 347 346 344 347 343 345 347 343 343 348 343 344 347 344 342 344 345 347 342 345 348 346 343 347 345 342 343 342 348 346 343 344 347 347 344 344 345 347 347 348 346 343 347 345 342 347 344 343 343 342 347 344 343 347 348 343 342 343 347 346 343 347 346 342 345 346 343 347 342 347 343 346 344 345 344 347 342 347 343 344 347 344 343 347 342 348 344 343 347 346 342 345 347 343 347 342 345 343 347 342 346 344 342 347 342 347 341 345 346 346 341 345 347 343 346 345 346 
# name: freq
# type: matrix
# rows: 1
# columns: 360
 50.0 50.0 50.0 50.0 50.0 50.0 50.0 50.0 50.0 50.0 50.0 50.0 50.0 50.0 50.0 50.0 50.0 50.0 50.0 50.0 50.0 50.0 50.0 50.0 50.0 50.0 50.0 50.0 50.0 50.0 50.0 50.0 50.0 50.1 50.0 50.0 50.0 50.0 50.0 50.1 50.0 50.1 50.1 50.1 50.1 50.0 50.1 50.1 50.1 50.0 50.1 50.1 50.1 50.1 50.1 50.1 50.0 50.1 50.0 50.0 50.0 50.0 50.0 50.0 50.0 50.0 50.0 50.0 50.0 50.0 50.0 50.0 50.0 50.1 50.0 50.0 50.0 50.0 50.0 50.0 50.0 50.0 50.0 50.0 50.0 50.0 50.0 50.0 50.0 50.0 50.0 50.0 50.0 50.0 50.0 50.0 50.0 50.0 50.0 50.0 50.0 50.0 50.0 50.0 50.0 50.0 50.0 50.0 50.0 50.0 50.0 50.0 50.0 50.0 50.0 50.0 50.0 50.0 50.0 50.0 50.0 50.0 50.0 50.0 50.0 50.0 50.0 50.0 50.0 50.0 50.0 50.0 50.0 50.0 50.0 50.0 50.0 50.0 50.0 50.0 50.0 50.0 50.0 50.0 50.0 50.0 50.0 50.0 50.0 50.0 50.0 50.0 50.0 50.0 50.0 50.0 50.0 50.0 50.0 50.0 50.0 50.0 50.0 50.0 50.0 50.0 50.0 50.0 50.0 50.0 50.0 50.0 50.0 50.0 50.0 50.0 50.0 50.0 50.0 50.0 50.0 50.0 50.0 50.0 50.0 50.0 50.0 50.0 50.0 50.0 50.0 50.0 50.0 50.0 50.0 50.0 50.0 50.0 50.0 50.0 50.0 50.0 50.0 50.0 50.0 50.0 50.0 50.0 50.0 50.0 50.0 50.0 50.0 50.0 50.0 50.0 50.0 50.0 50.0 50.0 50.0 50.0 50.0 50.0 50.0 50.0 50.0 50.0 50.0 50.0 50.0 50.0 50.0 50.0 50.0 50.0 50.0 50.0 50.0 50.0 50.0 50.0 50.0 50.0 50.0 50.0 50.0 50.0 50.0 50.0 50.0 50.0 50.0 50.0 50.0 50.0 50.0 50.0 50.0 50.0 50.0 50.0 50.0 50.0 50.0 50.0 50.0 50.0 50.0 50.0 50.0 50.0 50.0 50.0 50.0 50.0 50.0 50.0 50.0 50.0 50.0 50.0 50.0 50.0 50.0 50.0 50.0 50.0 50.0 50.0 50.0 50.0 50.0 50.0 50.0 50.0 50.0 50.0 50.0 50.0 50.0 50.0 50.0 50.0 50.0 50.0 50.0 50.0 50.0 50.0 50.0 50.0 50.0 50.0 50.0 50.0 50.0 50.0 50.0 50.0 50.0 50.0 50.0 50.0 50.0 50.0 50.0 50.0 50.0 50.0 50.0 50.0 50.0 50.0 50.0 50.0 50.0 50.0 50.0 50.0 50.0 50.0 50.0 50.0 50.0 50.0 50.0 50.0 50.0 50.0 50.0 50.0 50.0 50.0 50.0 50.0 50.0 50.0 50.0 50.0 
# name: reacPower
# type: matrix
# rows: 1
# columns: 360
 -14.182 -14.182 -14.285 -14.699 -14.699 -14.699 -14.285 -14.182 -14.596 -14.596 -14.596 -14.078 -14.182 -14.596 -14.596 -14.596 -14.078 -14.182 -14.492 -23.085 -40.165 -29.606 -39.13 -36.956 -31.159 -41.511 -30.642 -37.577 -31.263 -41.201 -39.234 -35.196 -29.71 -34.679 -39.13 -37.163 -39.751 -33.644 -30.849 -31.884 -33.023 -36.646 -37.163 -38.302 -29.606 -29.503 -30.745 -38.716 -31.056 -32.815 -36.542 -39.13 -41.097 -40.683 -38.82 -36.749 -35.196 -32.505 -30.02 -33.126 -37.577 -39.441 -38.302 -40.787 -30.02 -34.161 -40.579 -34.058 -34.575 -38.716 -30.02 -39.13 -31.056 -29.71 -39.13 -30.642 -37.784 -30.124 -40.994 -29.399 -39.234 -29.296 -40.372 -30.745 -31.573 -36.232 -39.958 -39.544 -32.298 -29.606 -34.989 -39.958 -34.679 -29.296 -31.366 -31.159 -34.472 -38.82 -39.544 -37.577 -38.199 -40.165 -31.47 -29.296 -38.716 -39.751 -39.648 -39.337 -38.82 -37.784 -37.267 -39.544 -40.372 -37.06 -28.985 -35.818 -38.199 -28.778 -30.849 -34.265 -37.267 -40.062 -40.476 -39.027 -37.784 -37.784 -40.579 -39.855 -39.234 -39.648 -39.13 -39.441 -33.851 -28.882 -31.573 -39.648 -32.919 -33.437 -31.677 -28.882 -28.261 -29.71 -34.575 -38.302 -40.476 -36.542 -29.71 -32.401 -39.234 -36.646 -28.882 -38.302 -39.855 -39.13 -39.751 -34.989 -30.434 -29.813 -38.199 -38.923 -39.234 -37.474 -28.675 -26.811 -35.611 -39.648 -38.095 -37.784 -36.025 -34.472 -30.331 -28.054 -31.366 -33.644 -32.712 -28.468 -33.954 -39.751 -33.851 -30.227 -34.472 -37.474 -38.613 -38.716 -38.509 -35.818 -35.3 -40.476 -37.474 -33.23 -29.813 -28.468 -36.956 -36.749 -29.813 -28.985 -29.503 -33.747 -38.095 -39.958 -37.163 -31.677 -31.884 -29.917 -28.157 -29.917 -37.784 -39.027 -39.027 -40.269 -40.476 -39.337 -38.406 -40.269 -39.751 -36.025 -32.815 -31.884 -30.434 -28.468 -30.02 -30.124 -28.778 -29.192 -34.472 -38.406 -36.025 -31.47 -38.199 -29.813 -34.472 -33.644 -28.571 -33.851 -39.855 -30.331 -33.851 -39.958 -37.888 -30.331 -29.503 -36.232 -38.613 -30.124 -31.987 -36.749 -29.813 -38.613 -34.058 -29.296 -37.681 -37.681 -28.261 -37.37 -36.542 -28.882 -35.3 -39.855 -36.956 -33.23 -26.915 -39.855 -34.679 -28.468 -32.505 -39.13 -29.296 -34.368 -39.958 -39.958 -39.751 -28.261 -31.573 -40.165 -35.196 -29.192 -30.642 -35.714 -37.06 -33.437 -30.331 -30.02 -28.364 -32.091 -40.062 -30.227 -33.747 -40.269 -29.503 -35.093 -37.888 -38.613 -40.787 -29.813 -36.128 -38.406 -30.952 -28.675 -37.163 -40.062 -38.302 -29.296 -32.298 -40.062 -30.538 -32.608 -40.683 -33.126 -31.987 -38.716 -29.813 -39.648 -29.192 -38.716 -31.056 -37.06 -33.954 -36.853 -29.192 -39.544 -29.917 -38.095 -36.956 -28.985 -35.507 -37.163 -29.503 -39.544 -28.571 -36.439 -38.82 -30.124 -31.987 -39.234 -33.851 -30.124 -37.991 -30.227 -40.579 -25.466 -38.302 -27.536 -38.716 -27.536 -32.505 -34.265 -25.983 -38.509 -27.225 -38.716 -33.644 -25.362 -32.712 -39.337 -33.644 -28.157 -39.13 -32.298 -34.989 -32.401 
