# name: phAngle
# type: matrix
# rows: 1
# columns: 359
 340 340 340 340 340 340 340 340 340 340 340 340 340 340 340 340 340 340 340 340 340 340 340 340 340 340 340 340 340 340 340 340 340 340 340 340 340 340 340 340 340 340 340 340 340 340 340 340 340 340 340 340 340 340 340 340 340 340 340 340 340 340 340 340 340 340 340 340 340 340 340 340 340 340 340 340 340 340 340 340 340 340 340 340 340 340 340 340 340 340 340 340 340 340 340 340 340 340 340 340 340 340 340 340 340 340 340 340 340 340 340 340 340 340 340 340 340 340 340 340 340 340 340 340 340 340 340 340 340 340 340 340 340 340 340 340 340 340 340 340 340 340 340 340 340 340 340 340 340 340 340 340 340 340 340 340 340 340 340 340 340 340 340 340 340 340 340 340 340 340 340 340 340 340 340 340 340 340 340 340 340 340 340 340 340 340 340 340 340 340 340 340 340 340 340 340 340 340 340 340 340 340 340 340 340 340 340 340 340 340 340 340 340 340 340 340 340 340 340 340 340 340 340 340 340 340 340 340 340 340 340 340 340 340 340 340 340 340 340 340 340 340 340 340 340 340 340 340 340 340 340 340 340 340 340 340 340 340 340 340 340 340 340 340 340 340 340 340 340 340 340 340 340 340 340 340 340 340 340 340 340 340 340 340 340 340 340 340 340 340 340 340 340 340 340 340 340 340 340 340 340 340 340 340 340 340 340 340 340 340 340 340 340 340 340 340 340 340 340 340 340 340 340 340 340 340 340 340 340 340 340 340 340 340 340 340 340 340 340 340 340 340 340 340 340 340 340 340 340 340 340 340 340 340 340 340 340 340 340 
# name: freq
# type: matrix
# rows: 1
# columns: 359
 50.0 50.0 50.0 50.0 50.0 50.0 50.0 50.0 50.0 50.0 50.0 50.0 50.0 50.0 50.0 50.0 50.0 50.0 50.0 50.0 50.0 50.0 50.0 50.0 50.0 50.0 50.0 50.0 50.0 50.0 50.0 50.0 50.0 50.0 50.0 50.0 50.0 50.0 50.0 50.0 50.0 50.0 50.0 50.0 50.0 50.0 50.0 50.0 50.0 50.0 50.0 50.0 50.0 50.0 50.0 50.0 50.0 50.0 50.0 50.0 50.0 50.0 50.0 50.0 49.9 49.9 50.0 50.0 49.9 49.9 49.9 49.9 49.9 49.9 49.9 49.9 49.9 49.9 49.9 49.9 49.9 49.9 49.9 49.9 49.9 49.9 49.9 49.9 49.9 49.9 49.9 49.9 50.0 50.0 50.0 50.0 50.0 50.0 49.9 50.0 50.0 50.0 50.0 50.0 50.0 50.0 49.9 49.9 50.0 49.9 50.0 50.0 49.9 50.0 50.0 50.0 50.0 50.0 50.0 50.0 50.0 50.0 50.0 50.0 50.0 50.0 50.0 50.0 50.0 50.0 50.0 50.0 50.0 50.0 50.0 50.0 50.0 50.0 50.0 50.0 50.0 50.0 50.0 50.0 50.0 50.0 50.0 50.0 50.0 50.0 50.0 50.0 50.0 50.0 50.0 50.0 50.0 50.0 50.0 50.0 50.0 50.0 50.0 50.0 50.0 50.0 50.0 50.0 50.0 50.0 50.0 50.0 50.0 50.0 50.0 50.0 50.0 50.0 50.0 50.0 50.0 50.0 50.0 50.0 50.0 50.0 50.0 50.0 50.0 50.0 50.0 50.0 50.0 50.0 50.0 50.0 50.0 50.0 50.0 50.0 50.0 50.0 50.0 50.0 50.0 50.0 50.0 50.0 50.0 50.0 50.0 50.0 50.0 50.0 50.0 50.0 50.0 50.0 50.0 50.0 50.0 50.0 50.0 50.0 50.0 50.0 50.0 50.0 50.0 50.0 50.0 50.0 50.0 50.0 50.0 50.0 50.0 50.0 50.0 50.0 50.0 50.0 50.0 50.0 50.0 50.0 50.0 50.0 50.0 50.0 50.0 50.0 50.0 50.0 50.0 50.0 50.0 50.0 50.0 50.0 50.0 50.0 50.0 50.0 50.0 50.0 50.0 50.0 50.0 50.0 50.0 50.0 50.0 50.0 50.0 50.0 50.0 50.0 50.0 50.0 50.0 50.0 50.0 50.0 50.0 50.0 50.0 50.0 50.0 50.0 50.0 50.0 50.0 50.0 50.0 50.0 50.0 50.0 50.0 50.0 50.0 50.0 50.0 50.0 50.0 50.0 50.0 50.0 50.0 50.0 50.0 50.0 50.0 50.0 50.0 50.0 50.0 50.0 50.0 50.0 50.0 50.0 50.0 50.0 50.0 50.0 50.0 50.0 50.0 50.0 50.0 50.0 50.0 50.0 50.0 50.0 50.0 50.0 50.0 50.0 50.0 50.0 50.0 50.0 50.0 50.0 50.0 50.0 50.0 50.0 50.0 50.0 50.0 50.0 50.0 50.0 50.0 50.0 50.0 
# name: reacPower
# type: matrix
# rows: 1
# columns: 359
 -29.606 -29.503 -29.399 -29.399 -29.399 -29.399 -29.399 -29.503 -29.399 -29.503 -29.503 -29.399 -29.399 -29.399 -29.399 -29.399 -29.192 -29.296 -29.399 -29.296 -29.296 -29.296 -29.503 -29.503 -29.399 -29.503 -29.503 -29.399 -29.503 -29.503 -29.296 -29.399 -29.399 -29.503 -29.606 -29.503 -29.503 -29.399 -29.399 -29.399 -29.399 -29.503 -29.399 -29.399 -29.399 -29.399 -29.399 -29.399 -29.399 -29.503 -29.399 -29.399 -29.399 -29.399 -29.503 -29.503 -29.503 -29.503 -29.503 -29.606 -29.606 -29.503 -29.71 -29.606 -29.71 -29.606 -29.606 -29.606 -29.606 -29.503 -29.606 -29.503 -29.503 -29.503 -29.503 -29.503 -29.399 -29.503 -29.296 -29.399 -29.503 -29.503 -29.296 -29.296 -29.399 -29.399 -29.399 -29.399 -29.399 -29.399 -29.399 -29.503 -29.399 -29.503 -29.399 -29.503 -29.399 -29.399 -29.399 -29.399 -29.399 -29.503 -29.606 -29.399 -29.503 -29.503 -29.503 -29.606 -29.606 -29.606 -29.606 -29.71 -29.606 -29.503 -29.606 -29.606 -29.503 -29.503 -29.503 -29.399 -29.399 -29.503 -29.399 -29.503 -29.399 -29.606 -29.503 -29.503 -29.399 -29.503 -29.503 -29.399 -29.399 -29.503 -29.399 -29.399 -29.606 -29.606 -29.503 -29.606 -29.503 -29.503 -29.606 -29.503 -29.399 -29.399 -29.503 -29.503 -29.503 -29.503 -29.503 -29.503 -29.503 -29.503 -29.606 -29.606 -29.503 -29.503 -29.503 -29.606 -29.606 -29.606 -29.503 -29.503 -29.503 -29.503 -29.503 -29.503 -29.503 -29.503 -29.503 -29.399 -29.399 -29.503 -29.606 -29.606 -29.503 -29.503 -29.606 -29.503 -29.503 -29.503 -29.503 -29.606 -29.606 -29.71 -29.606 -29.503 -29.606 -29.606 -29.606 -29.606 -29.606 -29.606 -29.503 -29.503 -29.503 -29.606 -29.606 -29.606 -29.503 -29.503 -29.503 -29.399 -29.503 -29.606 -29.503 -29.399 -29.503 -29.503 -29.503 -29.503 -29.503 -29.503 -29.503 -29.503 -29.606 -29.606 -29.606 -29.606 -29.606 -29.606 -29.71 -29.71 -29.71 -29.606 -29.606 -29.606 -29.606 -29.606 -29.503 -29.503 -29.71 -29.606 -29.606 -29.71 -29.71 -29.71 -29.71 -29.71 -29.503 -29.503 -29.503 -29.399 -29.399 -29.399 -29.296 -29.399 -29.399 -29.503 -29.399 -29.399 -29.503 -29.399 -29.503 -29.399 -29.503 -29.399 -29.503 -29.399 -29.296 -29.503 -29.606 -29.503 -29.399 -29.399 -29.503 -29.399 -29.399 -29.503 -29.399 -29.503 -29.606 -29.503 -29.503 -29.503 -29.503 -29.503 -29.503 -29.503 -29.503 -29.503 -29.503 -29.606 -29.503 -29.503 -29.606 -29.503 -29.503 -29.503 -29.503 -29.503 -29.399 -29.606 -29.606 -29.503 -29.503 -29.606 -29.503 -29.606 -29.503 -29.503 -29.606 -29.399 -29.606 -29.503 -29.606 -29.503 -29.503 -29.606 -29.503 -29.503 -29.503 -29.503 -29.606 -29.503 -29.503 -29.399 -29.399 -29.399 -29.503 -29.503 -29.503 -29.503 -29.399 -29.399 -29.399 -29.503 -29.503 -29.503 -29.503 -29.399 -29.296 -29.296 -29.399 -29.399 -29.399 -29.399 -29.399 -29.399 -29.399 -29.399 -29.399 -29.399 -29.296 -29.399 -29.399 -29.399 -29.296 -29.399 -29.399 -29.399 -29.503 -29.399 -29.606 -29.503 -29.399 -29.606 -29.503 
