# name: phAngle
# type: matrix
# rows: 1
# columns: 360
 0 0 300 350 347 345 347 345 349 345 349 345 349 345 348 347 345 347 348 345 347 346 346 349 347 346 346 349 349 346 345 345 346 347 345 345 346 348 348 348 346 345 345 345 346 348 348 348 348 348 349 347 346 345 345 345 345 345 345 346 348 347 348 348 348 348 346 345 345 345 347 348 345 345 347 346 345 345 325 270 270 270 270 270 270 270 270 270 270 270 270 270 270 270 270 270 270 270 270 270 270 270 270 270 270 270 270 270 270 270 270 270 270 270 270 270 270 270 270 270 270 270 270 270 270 270 270 270 270 270 270 270 350 341 341 343 340 341 343 343 341 342 342 340 340 342 340 343 342 341 342 341 343 340 342 343 341 341 343 340 339 342 341 343 340 341 343 342 340 342 340 340 340 341 343 341 340 341 300 270 270 0 0 0 0 0 0 0 0 0 0 0 0 0 0 0 0 0 297 300 270 270 270 270 270 270 270 270 270 270 270 270 270 270 270 270 270 270 270 270 270 270 298 339 340 339 340 341 340 343 340 343 340 342 342 340 343 340 340 342 342 342 340 343 340 342 340 340 339 340 339 338 340 339 339 341 343 340 340 342 342 340 341 343 341 340 343 341 341 340 340 343 340 343 342 340 342 343 342 341 334 340 331 343 341 340 343 343 341 340 340 340 341 340 340 341 341 344 344 343 341 341 342 343 343 341 340 342 344 340 342 344 341 344 342 341 343 341 343 342 342 344 340 344 341 340 341 343 342 342 344 343 341 270 270 270 270 270 270 270 270 270 270 270 270 270 270 270 270 270 270 270 270 270 270 270 270 270 270 270 
# name: freq
# type: matrix
# rows: 1
# columns: 360
 50.0 50.0 50.0 50.0 50.0 50.0 50.0 50.0 50.0 50.0 50.0 50.0 50.0 50.0 50.0 50.0 50.0 50.0 50.0 50.0 50.0 50.0 50.0 50.0 50.0 50.0 50.0 50.0 50.0 50.0 50.0 50.0 50.0 50.0 50.0 50.0 50.0 50.0 50.0 50.0 50.0 50.0 50.0 50.0 50.0 50.0 50.0 50.0 50.0 50.0 50.0 50.0 50.0 50.0 50.0 50.0 50.0 50.0 50.0 50.0 50.0 50.0 50.0 50.0 50.0 50.0 50.0 50.0 50.0 50.0 50.0 50.0 50.0 50.0 50.0 50.0 50.0 50.0 50.0 50.0 50.0 50.0 50.0 50.0 50.0 50.0 50.0 50.0 50.0 50.0 50.0 50.0 50.0 50.0 50.0 50.0 50.0 50.0 50.0 50.0 50.0 50.1 50.0 50.0 50.0 50.0 50.0 50.0 50.0 50.0 50.0 50.0 50.0 50.0 50.0 50.0 50.0 50.0 50.0 50.0 50.0 50.0 50.0 50.0 50.0 50.0 50.0 50.0 50.0 50.0 50.0 50.0 50.0 50.0 50.0 50.0 50.0 50.0 50.0 50.0 50.0 50.0 50.0 50.0 50.0 50.0 50.0 50.0 50.0 50.0 50.0 50.0 50.0 50.0 50.0 50.0 50.0 50.0 50.0 50.0 50.0 50.0 50.0 50.0 50.0 50.0 50.0 50.0 50.0 50.0 50.0 50.0 50.0 50.0 50.0 50.0 50.0 50.0 50.0 50.0 50.0 50.0 50.0 50.0 50.0 50.0 50.0 50.0 50.0 50.0 50.0 50.0 50.0 50.0 50.0 50.0 50.0 50.0 50.0 50.0 50.0 50.0 50.0 50.0 50.0 50.0 50.0 50.0 50.0 50.0 50.0 50.0 50.0 50.0 50.0 50.0 50.0 50.0 50.0 50.0 50.0 50.0 50.0 50.0 50.0 50.0 50.0 50.0 50.0 50.0 50.0 50.0 50.0 50.0 50.0 50.0 50.0 50.0 50.0 50.0 50.0 50.0 50.0 50.0 50.0 50.0 50.0 50.0 50.0 50.1 50.0 50.0 50.0 50.0 50.0 50.0 50.0 50.0 50.0 50.0 50.0 50.1 50.0 50.0 50.0 50.0 50.0 50.0 50.0 50.0 50.0 50.0 50.0 50.0 50.0 50.0 50.0 50.0 50.0 50.0 50.0 50.0 50.0 50.0 50.0 50.0 50.0 50.1 50.0 50.0 50.0 50.0 50.0 50.1 50.0 50.0 50.0 50.0 50.0 50.1 50.0 50.0 50.0 50.0 50.0 50.0 50.0 50.0 50.0 50.0 50.0 50.0 50.0 50.0 50.0 50.0 50.0 50.0 50.0 50.0 50.0 50.0 50.0 50.0 50.0 50.0 50.0 50.0 50.0 50.0 50.0 50.0 50.0 50.0 50.0 50.0 50.0 50.0 50.0 50.0 49.9 50.0 50.0 50.0 50.0 50.0 49.9 50.0 50.0 50.0 50.0 50.0 50.0 50.0 50.0 50.0 50.0 50.0 50.0 50.0 
# name: reacPower
# type: matrix
# rows: 1
# columns: 360
 0.0 0.0 -26.294 -35.714 -33.54 -39.958 -33.851 -41.097 -30.952 -39.441 -30.02 -40.994 -30.849 -40.683 -33.333 -36.749 -40.994 -34.989 -32.091 -38.406 -34.265 -36.956 -36.956 -30.434 -35.196 -40.372 -40.269 -32.815 -32.091 -38.923 -40.165 -40.372 -37.991 -34.782 -40.579 -41.408 -37.681 -31.987 -30.952 -32.712 -36.646 -40.579 -40.994 -39.958 -38.302 -31.47 -33.747 -32.298 -31.159 -31.884 -31.159 -35.093 -40.476 -42.029 -41.925 -41.511 -40.683 -41.201 -41.925 -37.681 -32.298 -33.23 -31.987 -31.677 -32.505 -32.298 -37.681 -40.787 -40.89 -41.511 -36.025 -32.091 -40.165 -40.269 -34.472 -34.989 -34.265 -37.37 -38.613 -19.668 -19.668 -19.668 -19.772 -19.668 -19.668 -19.668 -19.668 -19.565 -19.668 -19.668 -19.668 -19.668 -19.668 -19.668 -19.668 -19.668 -19.668 -19.668 -19.668 -19.668 -19.668 -19.668 -19.565 -19.668 -19.565 -19.565 -19.565 -19.565 -19.565 -19.565 -19.565 -19.565 -19.565 -19.565 -19.565 -19.565 -19.565 -19.668 -19.668 -19.668 -19.668 -19.668 -19.668 -19.668 -19.668 -19.668 -19.668 -19.668 -19.668 -19.668 -19.772 -19.772 -36.335 -34.472 -34.265 -34.886 -38.509 -40.787 -34.782 -34.989 -35.714 -36.232 -35.818 -37.37 -38.509 -34.058 -39.441 -34.782 -36.956 -37.991 -36.128 -38.406 -33.437 -39.648 -36.646 -33.747 -37.474 -38.613 -33.54 -38.302 -36.956 -35.714 -38.716 -33.954 -39.648 -35.507 -34.575 -35.714 -38.302 -34.161 -37.888 -39.234 -37.37 -36.128 -34.161 -36.232 -39.13 -36.025 -39.751 -19.772 -19.772 0.0 0.0 0.0 0.0 0.0 0.0 0.0 0.0 0.0 0.0 0.0 0.0 0.0 0.0 0.0 0.0 0.0 -37.163 -39.544 -19.875 -19.875 -19.875 -19.875 -19.875 -19.875 -19.875 -19.875 -19.875 -19.875 -19.875 -19.979 -19.979 -19.979 -19.875 -19.979 -19.979 -19.979 -19.979 -19.979 -19.979 -19.979 -36.956 -39.648 -35.714 -39.337 -37.37 -35.403 -40.787 -34.886 -40.372 -34.886 -39.958 -35.196 -35.921 -39.337 -34.886 -40.683 -40.062 -36.335 -35.3 -36.542 -39.751 -34.368 -39.751 -35.196 -38.923 -38.302 -35.714 -35.611 -38.509 -39.13 -35.921 -36.646 -39.027 -38.82 -34.472 -39.441 -39.751 -36.128 -36.646 -40.683 -38.302 -34.368 -37.474 -39.441 -34.679 -39.027 -38.199 -35.818 -39.958 -34.472 -40.683 -34.575 -36.749 -40.476 -36.853 -34.575 -35.818 -37.991 -38.302 -39.958 -39.027 -34.782 -38.406 -41.304 -35.611 -34.368 -39.648 -39.958 -41.511 -40.579 -42.857 -41.304 -40.165 -40.787 -37.474 -36.232 -34.989 -35.714 -40.579 -42.65 -37.888 -35.507 -34.472 -38.923 -40.579 -36.232 -34.368 -41.408 -37.163 -34.265 -40.062 -34.989 -35.818 -40.165 -35.403 -40.89 -35.921 -40.269 -37.681 -33.954 -41.615 -34.472 -41.097 -41.304 -38.406 -33.644 -39.13 -37.991 -34.368 -36.749 -40.89 -19.668 -19.565 -19.668 -19.668 -19.668 -19.565 -19.565 -19.668 -19.668 -19.668 -19.668 -19.668 -19.668 -19.668 -19.668 -19.668 -19.668 -19.565 -19.668 -19.668 -19.565 -19.565 -19.668 -19.565 -19.565 -19.565 -19.668 
