# name: phAngle
# type: matrix
# rows: 1
# columns: 359
 270 270 270 270 270 270 270 270 270 270 270 270 270 270 270 270 270 270 270 270 270 270 270 270 270 270 270 270 270 270 270 270 270 270 270 270 270 270 270 270 270 270 270 270 270 270 270 270 270 270 270 270 270 270 270 270 270 270 270 270 270 297 339 342 343 338 341 341 343 342 340 340 341 343 341 340 340 340 342 343 342 343 342 343 340 341 341 343 336 342 342 340 339 336 341 341 341 338 341 340 343 342 342 342 341 341 343 342 341 340 340 340 341 340 339 338 340 340 340 342 339 343 341 341 342 341 340 342 343 341 336 340 341 342 341 342 340 340 342 343 340 342 340 343 340 343 340 337 341 343 343 343 341 341 343 341 341 343 340 343 343 342 341 343 340 341 341 341 343 341 341 335 342 340 342 343 341 341 342 343 344 336 339 341 339 341 341 341 340 341 339 342 343 343 343 341 341 341 341 339 333 331 343 343 343 343 343 343 343 343 343 343 341 341 341 340 341 341 337 343 341 341 340 341 341 342 343 343 339 333 342 344 342 341 341 338 342 342 339 343 338 343 341 344 338 339 341 343 341 343 335 337 335 338 342 341 343 342 341 340 342 343 340 341 341 343 341 343 342 342 342 341 340 342 337 339 331 338 331 331 332 331 337 331 270 270 270 270 270 270 270 270 270 270 270 270 270 270 270 270 270 270 270 270 270 270 270 270 270 270 270 270 270 270 270 270 270 270 270 270 270 270 270 270 270 270 270 270 270 270 270 270 270 270 270 270 298 339 340 341 343 340 340 340 339 340 340 340 341 341 343 342 340 340 341 341 343 331 343 
# name: freq
# type: matrix
# rows: 1
# columns: 359
 50.0 50.0 50.0 50.0 50.0 50.0 50.0 50.0 50.0 50.0 50.0 50.0 50.0 50.0 50.0 50.0 50.0 50.0 50.0 50.0 50.0 50.0 50.0 50.0 50.0 50.0 50.0 50.0 50.0 50.0 50.0 50.0 50.0 50.0 50.0 50.0 50.0 50.0 50.0 50.0 50.0 50.0 50.0 50.0 50.0 50.0 50.0 50.0 50.0 50.0 50.0 50.0 50.0 50.0 50.0 50.0 50.0 50.0 50.1 50.0 50.0 50.0 50.0 50.0 50.0 50.0 50.0 50.0 50.0 50.0 50.0 50.0 50.0 50.0 50.0 50.0 50.1 50.0 50.0 50.0 50.0 50.1 50.0 50.0 50.0 50.0 50.0 50.0 50.0 50.0 50.0 50.0 50.1 50.0 50.0 50.0 50.0 50.0 50.0 50.0 50.1 50.0 50.0 50.0 50.0 50.1 50.1 50.1 50.0 50.0 50.1 50.1 50.1 50.0 50.1 50.1 50.1 50.0 50.0 50.0 50.0 50.0 50.0 50.0 50.0 50.0 50.0 50.0 50.0 50.0 50.0 50.0 50.0 50.0 50.0 50.0 50.0 50.0 50.0 50.0 50.0 50.0 50.0 50.0 50.0 50.0 50.0 50.0 50.1 50.0 50.0 50.0 50.0 50.0 50.0 50.0 50.0 50.0 50.0 50.0 50.1 50.0 50.0 50.0 50.0 50.0 50.0 50.0 50.0 50.1 50.0 50.0 50.0 50.0 50.0 50.0 50.0 50.0 50.0 50.0 50.0 50.0 50.0 50.1 50.0 50.0 50.0 50.1 50.1 50.0 50.1 50.0 50.1 50.0 50.0 50.0 50.1 50.0 50.1 50.1 50.1 50.1 50.0 50.0 50.1 50.1 50.1 50.0 50.1 50.0 50.0 50.0 50.0 50.0 50.0 50.0 50.0 50.0 50.1 50.0 50.0 50.0 50.1 50.1 50.1 50.1 50.1 50.1 50.1 50.1 50.1 50.1 50.1 50.1 50.1 50.1 50.1 50.1 50.1 50.1 50.1 50.1 50.1 50.1 50.1 50.1 50.1 50.1 50.1 50.1 50.0 50.1 50.1 50.1 50.1 50.1 50.1 50.1 50.1 50.1 50.1 50.1 50.1 50.1 50.1 50.1 50.1 50.1 50.0 50.0 50.0 50.1 50.1 50.1 50.1 50.1 50.1 50.1 50.1 50.1 50.1 50.1 50.1 50.1 50.1 50.1 50.1 50.1 50.1 50.1 50.1 50.1 50.1 50.1 50.1 50.0 50.1 50.0 50.0 50.0 50.0 50.0 50.0 50.0 50.0 50.0 50.0 50.0 50.0 50.0 50.0 50.0 50.0 50.0 50.0 50.0 50.0 50.0 50.0 50.0 50.0 50.0 50.0 50.0 50.0 50.0 50.0 50.0 50.0 50.0 50.0 50.0 50.0 50.0 50.0 50.0 50.0 50.0 50.0 50.0 50.0 50.0 50.0 50.0 50.0 50.0 50.0 50.0 50.0 50.0 50.0 50.0 50.0 50.0 50.0 50.0 50.0 50.0 50.0 
# name: reacPower
# type: matrix
# rows: 1
# columns: 359
 -19.772 -19.772 -19.875 -19.772 -19.772 -19.772 -19.772 -19.875 -19.772 -19.772 -19.772 -19.772 -19.772 -19.772 -19.772 -19.772 -19.772 -19.668 -19.668 -19.772 -19.772 -19.772 -19.772 -19.772 -19.772 -19.772 -19.772 -19.875 -19.875 -19.875 -19.875 -19.875 -19.875 -19.875 -19.875 -19.875 -19.875 -19.875 -19.875 -19.875 -19.875 -19.875 -19.875 -19.875 -19.772 -19.772 -19.772 -19.875 -19.772 -19.772 -19.772 -19.875 -19.875 -19.875 -19.875 -19.979 -19.875 -19.875 -19.875 -19.875 -19.875 -37.163 -42.132 -36.439 -34.989 -39.337 -38.82 -37.888 -34.886 -36.232 -39.958 -40.683 -36.542 -34.575 -36.128 -39.751 -40.787 -39.027 -35.611 -34.368 -35.196 -34.989 -35.196 -34.886 -40.062 -40.476 -37.888 -34.679 -37.06 -36.853 -35.818 -39.751 -39.13 -37.577 -35.818 -36.025 -35.507 -38.199 -36.128 -35.611 -34.989 -34.575 -34.368 -34.368 -35.403 -35.403 -34.575 -34.161 -36.439 -39.441 -39.027 -37.267 -35.611 -37.37 -39.855 -39.855 -39.958 -39.751 -38.406 -35.3 -39.13 -34.058 -37.784 -36.749 -34.472 -38.406 -39.441 -35.921 -34.679 -38.923 -38.716 -39.13 -38.613 -36.956 -34.575 -33.954 -37.474 -39.234 -35.611 -34.472 -39.648 -34.679 -39.751 -34.058 -39.751 -33.54 -37.577 -39.027 -38.095 -34.782 -33.644 -33.747 -38.509 -37.888 -33.851 -37.37 -38.509 -34.058 -40.165 -34.886 -33.644 -36.128 -39.751 -33.747 -39.855 -35.507 -37.577 -39.027 -34.472 -36.646 -37.577 -39.027 -34.368 -39.751 -35.403 -34.782 -39.855 -38.406 -37.06 -34.782 -34.368 -36.749 -37.267 -38.923 -36.749 -39.13 -39.544 -39.958 -39.441 -37.991 -35.507 -35.611 -33.954 -33.851 -34.989 -37.474 -38.923 -37.577 -38.613 -37.163 -36.956 -37.784 -34.575 -34.368 -34.265 -34.472 -33.954 -33.644 -33.747 -34.161 -34.679 -33.644 -39.337 -38.406 -34.265 -39.13 -38.613 -39.544 -37.474 -34.575 -36.646 -38.302 -39.234 -40.269 -38.406 -36.749 -34.265 -34.575 -38.095 -38.302 -39.13 -34.058 -36.542 -39.337 -39.751 -35.196 -36.232 -37.163 -37.163 -33.644 -39.337 -33.954 -39.648 -34.575 -37.163 -35.507 -38.613 -34.782 -38.509 -34.368 -38.613 -36.749 -36.853 -37.37 -36.025 -37.163 -34.886 -35.093 -38.509 -39.337 -37.06 -34.575 -35.507 -38.095 -37.37 -33.954 -38.613 -34.679 -35.196 -35.921 -36.646 -38.302 -39.441 -36.956 -35.611 -36.542 -37.681 -35.196 -37.163 -37.991 -36.956 -37.267 -37.163 -37.163 -19.565 -19.668 -19.565 -19.565 -19.565 -19.565 -19.668 -19.668 -19.565 -19.565 -19.565 -19.565 -19.565 -19.461 -19.565 -19.565 -19.565 -19.565 -19.565 -19.565 -19.461 -19.565 -19.565 -19.565 -19.461 -19.461 -19.461 -19.461 -19.461 -19.461 -19.461 -19.461 -19.358 -19.461 -19.565 -19.565 -19.565 -19.565 -19.565 -19.668 -19.565 -19.565 -19.565 -19.668 -19.668 -19.668 -19.668 -19.668 -19.565 -19.565 -19.565 -19.565 -36.646 -39.337 -41.718 -35.196 -34.989 -37.474 -39.234 -40.89 -39.441 -38.302 -38.095 -38.199 -38.095 -36.025 -33.851 -36.335 -39.751 -39.441 -40.062 -36.232 -35.611 -37.991 -34.368 
